150
20
528 418 392 438 315 274 528 298 599 514 435 430 493 273 155 118 143 331 309 422
20
101 577 527 298 134 182 123 407 106 589 505 476 168 244 376 301 295 582 299 593
20
100 144 369 288 340 286 116 492 349 206 487 185 384 340 244 423 133 521 342 290
20
450 595 222 577 106 436 302 188 421 333 292 569 171 414 242 591 484 157 123 403
20
203 222 540 447 536 576 225 235 270 194 119 174 470 518 411 522 413 461 416 502
20
496 476 228 215 274 473 168 137 592 273 272 383 443 113 382 240 249 496 167 250
20
243 190 428 139 467 123 434 577 437 484 536 139 509 131 490 488 302 500 287 574
20
141 342 563 538 421 210 221 262 385 590 287 443 541 218 548 561 218 168 308 226
20
151 141 482 253 455 594 152 271 195 235 102 421 351 447 318 530 559 376 481 478
20
387 484 442 487 116 241 567 300 181 115 346 427 341 588 562 528 514 235 406 340
20
328 371 451 384 365 287 138 438 284 389 237 414 186 462 149 104 382 206 302 305
20
474 328 462 187 367 592 549 348 115 497 267 106 564 218 155 248 172 584 304 548
20
546 192 492 509 269 443 210 595 572 100 246 415 100 328 463 306 219 313 331 178
20
147 367 104 462 548 250 527 350 592 374 201 367 152 145 572 183 411 119 538 398
20
180 434 137 112 513 553 138 334 267 383 573 321 547 373 428 118 165 455 338 389
20
365 583 401 381 552 570 169 107 567 596 599 308 118 151 362 260 174 205 486 317
20
330 141 130 580 533 128 172 309 292 314 572 221 199 274 579 218 236 402 267 228
20
246 480 441 575 375 295 522 150 126 292 406 365 115 293 239 303 115 549 113 467
20
171 595 327 133 424 310 317 267 585 328 315 171 109 405 201 436 290 556 430 260
20
466 473 304 270 125 591 419 498 517 235 391 521 582 285 232 520 350 253 493 281
20
111 397 139 348 140 104 502 171 206 221 302 187 284 511 600 254 553 266 121 333
20
555 111 579 423 504 134 457 547 275 224 508 402 256 574 563 435 309 572 301 121
20
388 543 573 429 372 374 549 452 476 258 394 222 503 596 579 508 107 236 465 522
20
173 238 360 360 183 295 173 523 467 404 550 522 479 209 362 290 457 367 373 411
20
472 126 245 332 104 157 476 264 470 430 229 339 252 564 405 408 458 309 556 273
20
456 364 390 137 133 295 334 277 110 498 271 242 140 329 202 119 132 584 565 401
20
277 434 194 286 251 188 291 584 270 396 593 373 350 229 434 581 137 576 597 470
20
457 518 121 523 445 419 478 523 269 105 508 402 188 241 504 258 492 161 162 220
20
467 180 233 130 585 514 142 261 537 361 466 472 312 447 577 391 316 259 132 126
20
487 156 102 522 541 330 482 269 247 318 436 479 454 419 293 562 333 360 280 518
20
274 351 583 454 503 117 333 294 253 372 343 290 209 328 517 549 218 344 324 585
20
339 451 242 167 331 330 192 106 333 379 361 132 524 259 429 306 250 427 252 176
20
432 405 389 392 263 287 563 598 553 493 548 131 395 280 276 503 420 507 412 336
20
268 316 172 229 195 393 292 548 522 385 103 482 323 310 204 320 584 572 249 159
20
217 381 343 556 184 115 109 363 426 384 316 284 416 180 451 547 145 330 231 487
20
599 164 448 340 162 224 189 411 577 255 467 133 458 251 465 119 525 455 569 201
20
332 126 221 547 181 185 574 503 254 393 586 492 219 242 102 364 423 260 265 251
20
322 281 191 406 535 264 479 150 513 117 234 189 172 346 361 192 131 398 514 581
20
124 244 103 405 536 343 103 361 395 245 513 598 329 261 369 108 115 294 292 346
20
400 182 448 508 441 230 423 210 563 281 408 538 586 179 339 466 207 310 199 331
20
312 400 242 317 145 410 325 309 357 255 287 530 572 519 279 496 271 172 370 563
20
393 432 589 173 579 504 310 141 223 243 374 448 377 551 197 392 544 161 476 297
20
531 413 512 553 516 140 127 204 107 262 507 578 278 285 562 147 318 461 195 100
20
126 253 299 216 360 320 540 355 123 518 520 482 216 544 523 315 470 329 403 353
20
501 365 486 436 416 376 163 520 439 425 426 115 446 372 235 278 275 464 513 396
20
273 449 354 333 131 143 289 375 132 235 453 318 319 245 387 592 252 325 540 443
20
443 538 220 362 566 531 511 159 551 338 150 276 282 181 430 360 245 483 128 565
20
151 398 288 363 237 571 572 559 346 462 353 193 135 388 593 132 476 172 586 256
20
273 293 277 524 183 533 352 132 436 177 102 563 484 479 268 112 367 408 139 260
20
565 547 485 345 258 217 506 344 272 271 218 221 403 344 327 573 225 476 444 474
20
576 251 337 103 251 254 141 578 315 441 452 174 392 547 180 375 531 461 484 216
20
468 475 523 349 389 463 182 149 464 358 118 532 223 254 226 351 222 364 476 208
20
245 183 262 253 531 369 489 598 278 323 566 471 370 422 140 417 176 179 344 315
20
587 210 527 401 235 171 352 203 191 291 551 507 319 313 253 498 280 306 394 167
20
465 256 599 277 216 444 530 535 316 398 403 516 169 496 444 107 404 436 385 171
20
548 555 539 471 348 327 349 219 248 227 439 459 511 134 192 583 389 275 392 519
20
573 170 541 390 282 411 180 127 151 263 391 201 403 427 176 489 357 418 153 309
20
306 533 365 355 382 453 404 541 136 479 514 228 218 563 228 370 488 363 266 159
20
362 180 273 140 210 355 359 177 434 212 260 471 152 530 171 297 130 576 600 429
20
438 106 592 143 275 348 247 164 464 261 123 353 160 239 429 534 103 526 414 424
20
515 469 586 564 304 256 584 300 542 188 190 491 165 126 140 456 564 594 306 444
20
362 164 367 261 468 131 289 387 299 571 460 559 210 207 555 474 507 518 511 273
20
328 478 117 490 376 271 319 308 593 212 461 502 237 321 153 215 569 554 148 434
20
238 308 127 140 552 412 593 532 446 402 312 322 345 402 122 579 100 570 225 128
20
207 399 343 498 473 492 495 386 145 155 208 557 134 376 453 430 340 344 534 256
20
215 139 415 578 369 382 347 105 526 381 385 159 529 333 292 341 573 499 190 277
20
317 542 209 353 310 142 363 590 492 548 389 230 172 129 534 168 331 164 366 107
20
218 532 143 520 531 176 416 147 399 431 419 337 410 585 545 569 598 190 375 505
20
299 350 110 240 490 358 127 247 429 469 449 513 523 171 156 110 413 245 472 459
20
389 183 414 521 341 283 552 173 140 122 445 449 157 384 274 549 396 191 382 448
20
400 417 279 260 348 566 344 479 244 271 476 491 239 344 546 473 427 324 188 469
20
547 466 346 459 288 206 548 200 298 374 195 141 284 433 515 104 473 218 211 407
20
589 466 101 345 175 431 128 139 158 504 250 429 114 164 362 524 388 458 328 366
20
389 458 397 197 235 190 346 443 166 276 334 389 416 389 346 129 475 558 147 158
20
263 155 314 329 259 184 340 296 186 258 462 489 315 356 310 343 597 135 513 304
20
216 231 232 119 116 379 106 142 428 106 352 534 328 205 583 377 248 529 179 140
20
466 161 551 545 455 360 349 307 348 434 155 585 316 461 300 481 468 298 401 221
20
464 591 180 248 339 191 141 434 187 202 484 458 323 518 298 401 553 106 450 435
20
530 369 227 515 576 275 422 301 361 100 220 136 153 260 463 559 237 199 481 559
20
186 436 486 473 367 411 576 160 140 537 486 451 196 563 233 376 219 331 426 456
20
201 270 204 396 223 513 200 352 513 300 141 238 389 361 320 373 321 393 325 340
20
279 347 487 501 485 479 109 478 599 229 413 467 464 520 213 322 158 111 235 126
20
222 424 319 183 515 172 576 574 598 388 256 466 143 368 310 396 523 537 558 155
20
589 395 272 130 140 265 560 279 422 163 290 163 529 529 542 258 577 384 460 489
20
101 222 180 380 356 121 213 581 233 173 113 513 230 144 428 214 113 347 177 483
20
510 114 344 383 184 258 518 120 138 572 141 439 454 349 472 457 482 128 333 381
20
415 543 306 521 322 388 306 106 175 283 449 178 216 398 446 443 596 306 329 345
20
424 183 542 212 540 283 347 272 530 427 406 158 190 557 512 228 342 435 452 342
20
497 472 373 392 556 421 195 100 461 484 356 424 494 347 122 547 147 574 424 578
20
396 360 159 447 568 451 277 424 409 252 183 217 584 300 263 520 374 432 563 536
20
527 377 323 148 113 554 595 287 252 214 252 363 494 165 347 146 334 178 303 441
20
524 118 339 118 420 453 219 180 111 120 342 102 150 204 395 367 543 351 418 451
20
546 272 164 192 390 267 528 592 191 250 569 234 536 238 231 131 453 476 226 138
20
497 529 394 469 188 386 485 419 346 202 581 119 566 346 140 357 569 335 362 517
20
224 201 132 591 246 479 517 464 129 520 149 588 517 497 569 185 111 248 258 591
20
382 364 554 548 311 534 413 528 480 503 557 444 274 559 133 550 460 352 398 503
20
303 578 581 292 125 460 461 278 125 409 545 298 192 591 120 388 421 148 532 253
20
409 267 555 535 338 502 221 189 570 268 376 160 292 324 313 325 409 347 505 429
20
466 559 174 502 260 284 511 418 349 472 111 345 523 236 149 148 194 344 209 452
20
570 597 263 565 196 549 554 431 187 475 273 509 475 132 454 228 490 146 163 563
20
205 248 266 521 592 155 235 175 286 183 442 120 187 118 219 574 487 368 190 467
20
360 401 478 408 469 501 266 155 326 376 408 351 334 561 227 155 486 401 237 412
20
238 453 294 239 345 216 376 409 259 231 460 227 382 347 424 598 590 292 511 385
20
234 321 453 562 152 292 184 255 269 589 170 422 217 516 191 177 262 445 322 250
20
550 225 515 401 132 373 420 269 434 418 349 164 596 172 548 503 368 361 463 527
20
106 509 259 287 216 248 500 236 198 567 364 544 385 206 233 207 105 548 401 395
20
181 388 385 129 542 361 117 120 327 339 409 301 537 252 592 150 126 218 387 347
20
412 422 369 519 436 590 118 298 463 370 525 388 432 524 281 496 494 569 267 424
20
389 473 109 202 385 246 150 428 222 419 309 427 470 374 349 356 545 517 254 237
20
389 516 434 184 591 570 534 574 222 517 373 414 308 496 186 411 105 316 173 519
20
230 454 420 312 553 157 475 236 257 222 452 423 135 407 171 148 106 457 271 252
20
231 556 376 203 541 588 555 506 267 475 366 576 466 557 541 261 109 372 115 205
20
148 135 141 531 337 418 446 441 512 266 279 176 573 577 495 143 488 552 110 573
20
366 477 297 367 166 539 186 337 412 100 468 445 493 174 564 165 496 393 597 442
20
171 270 130 163 290 397 584 142 264 499 194 566 509 474 166 271 387 485 391 499
20
422 500 133 444 591 566 124 420 560 478 521 377 220 388 170 412 330 377 493 280
20
235 447 457 369 234 198 535 269 460 100 451 112 595 415 275 487 147 575 413 271
20
304 466 324 202 165 359 431 275 355 172 382 227 340 276 489 440 523 444 163 591
20
382 269 203 273 397 500 153 121 266 485 264 220 455 366 321 163 173 422 250 395
20
133 191 278 170 423 244 114 545 498 358 397 185 428 278 513 373 462 170 357 572
20
454 303 527 206 105 588 348 236 459 193 425 270 321 259 116 318 234 554 350 235
20
218 551 228 495 490 548 275 291 141 140 600 411 215 269 490 381 288 304 306 521
20
393 419 139 120 155 105 582 128 401 450 279 114 524 153 529 585 362 586 423 276
20
259 541 468 303 386 121 154 460 524 442 152 275 335 111 590 100 264 370 284 331
20
440 176 264 594 479 307 513 240 590 526 314 334 337 361 557 208 243 350 114 557
20
106 470 534 121 424 153 110 506 244 586 144 107 526 235 263 500 182 447 540 335
20
274 482 118 130 241 422 198 274 541 362 233 342 578 382 119 469 468 174 128 241
20
530 100 121 590 454 187 392 398 292 442 188 363 407 566 586 452 382 446 123 348
20
314 148 153 139 553 556 449 414 353 446 554 260 241 116 414 551 559 425 396 506
20
210 186 270 185 278 420 230 409 461 514 132 185 241 204 567 200 172 454 522 447
20
431 445 578 257 237 187 199 262 313 230 280 230 542 317 305 326 333 461 584 464
20
397 593 263 245 564 488 374 582 277 319 501 450 151 244 289 459 575 509 460 309
20
318 472 505 176 203 213 195 236 249 391 176 476 315 111 457 173 424 279 169 487
20
512 202 591 389 321 516 136 397 501 513 477 238 546 450 373 503 357 316 337 134
20
132 595 142 505 413 578 406 427 416 542 391 401 407 490 350 244 211 262 583 455
20
489 131 396 389 259 193 267 563 508 541 337 434 430 218 482 465 210 441 331 119
20
477 541 277 270 400 327 378 261 436 120 402 275 215 233 299 393 460 111 540 424
20
464 581 396 217 356 251 528 305 339 438 154 351 352 242 192 190 244 306 402 505
20
339 126 150 309 366 490 168 375 278 205 405 366 450 271 361 401 266 176 549 525
20
209 580 280 564 124 140 389 347 127 278 217 365 246 130 470 544 248 589 288 251
20
213 142 107 376 135 528 473 552 470 291 484 202 523 154 432 129 505 114 310 400
20
267 403 352 546 294 224 160 220 118 200 106 219 425 476 127 544 502 234 174 561
20
452 474 223 274 306 284 144 164 223 304 277 261 130 134 561 231 352 394 198 253
20
204 476 212 135 489 456 151 590 132 267 371 481 369 458 483 358 538 196 120 331
20
140 247 300 185 100 536 377 357 484 427 453 554 329 304 251 431 197 534 132 329
20
341 343 210 150 143 446 376 312 254 406 323 473 524 556 200 564 400 484 202 560
20
596 145 223 526 232 439 365 147 137 455 401 500 231 147 550 377 515 174 598 119
20
243 183 135 387 598 566 172 146 490 281 128 426 308 102 128 496 395 565 433 284
20
249 545 358 514 318 458 549 154 590 416 135 269 166 248 269 415 277 335 287 333
20
595 434 104 160 180 461 431 528 471 143 419 456 420 319 387 170 516 433 251 378
