150
20
593 507 478 553 306 189 196 222 488 101 418 272 554 354 524 557 391 287 353 225
20
576 111 136 462 229 316 165 395 551 472 372 598 303 408 428 350 410 596 462 139
20
367 451 130 425 227 490 478 250 600 269 419 471 131 177 474 381 395 106 319 373
20
578 215 198 141 229 563 200 348 449 315 558 404 358 145 180 377 577 379 197 188
20
524 476 206 289 402 534 432 286 133 269 598 185 211 305 467 598 513 569 165 376
20
529 300 447 115 275 590 189 598 536 121 266 587 143 433 345 372 345 421 312 322
20
396 571 582 106 515 232 123 499 446 444 512 312 365 141 481 158 279 265 251 255
20
406 117 236 150 349 152 409 318 128 445 213 458 391 336 571 474 556 316 577 311
20
350 138 176 573 206 280 320 524 390 355 111 281 116 328 305 463 147 323 542 172
20
370 432 489 238 377 442 416 586 354 193 449 297 360 408 267 496 516 113 600 378
20
387 374 589 334 382 161 146 182 227 508 600 478 319 167 129 560 176 413 565 571
20
462 356 509 176 150 237 507 445 540 550 310 367 119 139 239 435 200 420 447 223
20
166 520 454 153 580 557 573 167 563 258 480 371 581 466 330 513 566 489 251 177
20
252 413 147 463 163 306 451 494 515 516 564 312 161 478 336 198 585 106 164 589
20
140 205 124 498 235 568 171 278 554 396 113 162 292 423 110 454 349 503 206 213
20
395 324 424 252 363 313 292 327 492 104 165 359 113 314 384 197 165 410 344 413
20
350 537 482 325 595 461 312 403 338 448 177 323 467 462 113 413 313 300 450 283
20
207 235 255 131 208 486 265 573 416 558 174 551 223 383 492 235 596 469 454 247
20
494 121 291 392 378 421 440 297 484 553 266 126 141 105 489 525 178 255 185 576
20
585 302 558 294 312 507 370 275 518 197 290 599 383 304 302 171 347 522 237 257
20
222 235 440 125 102 558 212 499 190 149 327 226 204 390 419 241 527 380 276 129
20
395 350 147 186 314 393 285 206 341 214 324 160 116 521 443 537 257 214 381 326
20
104 449 166 570 571 458 243 465 370 586 311 599 303 529 386 440 294 110 302 562
20
509 115 395 157 474 457 337 214 342 199 500 582 540 469 525 545 334 480 362 268
20
219 113 109 451 262 210 126 150 323 129 159 101 566 106 416 298 542 381 593 424
20
197 273 569 245 538 187 439 532 235 315 226 281 568 575 495 579 404 463 504 426
20
315 492 435 338 258 226 218 561 464 380 321 181 196 573 416 215 581 116 259 578
20
576 203 552 441 365 256 350 370 495 392 425 347 142 289 149 217 407 517 571 103
20
248 151 507 428 204 259 536 171 449 392 355 448 371 380 161 489 219 496 261 311
20
236 480 361 194 444 392 417 323 445 320 381 270 237 175 536 379 341 346 166 270
20
374 300 536 597 304 400 174 133 176 346 213 295 103 576 416 251 388 352 108 357
20
309 105 324 564 280 485 161 584 282 506 332 276 370 448 148 377 222 319 251 239
20
342 236 307 350 127 335 195 336 397 147 352 265 336 377 256 285 179 510 115 206
20
142 507 105 390 286 407 121 279 131 244 451 297 563 553 399 144 178 507 586 464
20
378 383 180 329 112 500 465 417 485 390 404 141 305 416 542 536 328 149 318 318
20
114 310 278 229 435 143 311 304 106 441 416 522 257 242 479 564 345 211 398 364
20
299 387 150 450 399 234 193 448 323 248 268 406 600 101 283 287 130 251 125 121
20
170 430 507 517 348 508 412 478 332 519 153 217 249 321 376 428 167 478 301 216
20
514 401 327 203 164 298 547 357 421 270 471 313 106 516 306 170 416 109 142 563
20
553 162 259 401 440 114 440 292 448 468 468 171 148 422 331 180 351 358 344 119
20
460 466 356 552 233 419 279 311 108 346 422 505 365 279 472 265 325 260 415 206
20
395 220 468 154 464 476 286 393 453 550 281 251 228 446 284 508 421 139 156 280
20
509 220 285 526 273 350 205 385 495 391 177 540 396 223 392 388 264 539 203 295
20
543 312 231 265 540 523 211 143 196 357 278 387 380 466 433 401 101 563 253 169
20
467 573 557 154 233 451 395 521 147 555 119 520 179 594 369 479 465 435 420 211
20
490 113 203 113 242 133 182 308 104 191 233 194 486 119 317 455 378 375 383 156
20
399 289 301 460 561 178 561 315 546 203 547 571 468 106 110 100 221 435 211 329
20
155 108 298 313 252 369 569 476 356 526 307 329 593 480 503 223 321 597 385 160
20
366 281 367 364 208 538 592 584 379 349 487 447 427 164 369 358 414 201 302 244
20
392 421 235 129 241 536 531 545 130 115 218 356 223 570 214 508 267 344 478 505
20
368 406 291 125 244 461 561 520 513 586 354 459 317 593 331 571 190 215 249 452
20
503 234 556 587 285 279 530 335 145 447 547 124 244 477 383 257 490 318 578 278
20
260 507 396 222 108 321 558 228 348 496 310 213 355 290 413 473 528 386 423 528
20
105 342 128 368 478 253 488 242 123 244 578 553 231 283 215 271 270 181 530 199
20
420 561 182 413 487 499 564 504 344 424 413 366 450 429 116 232 255 341 138 232
20
295 339 381 453 480 571 475 469 507 586 556 394 592 561 437 117 306 490 585 573
20
164 193 490 132 260 466 574 257 116 469 542 380 555 503 134 516 280 503 155 357
20
109 499 269 507 346 377 309 333 319 445 183 452 401 264 600 341 108 314 515 310
20
280 385 330 387 314 398 448 256 414 381 266 388 142 124 520 250 295 119 462 600
20
253 420 447 511 419 458 552 253 437 165 102 224 553 350 509 241 196 564 376 207
20
316 313 120 460 298 126 492 177 251 104 306 407 433 170 498 290 147 480 157 507
20
286 125 236 387 485 263 314 464 290 161 259 303 160 551 168 202 379 109 510 504
20
293 179 509 528 453 188 459 515 497 454 197 319 585 317 285 578 332 587 142 270
20
562 388 216 299 510 185 172 196 600 527 129 493 501 321 374 373 151 297 354 118
20
313 117 186 314 378 568 494 406 307 472 145 257 471 235 349 261 364 451 599 409
20
271 276 563 206 370 338 296 130 218 110 407 444 123 289 538 597 376 360 428 120
20
293 415 584 114 228 370 590 378 104 453 158 376 342 528 444 544 223 565 102 432
20
555 250 391 119 136 394 339 321 292 341 279 217 205 216 288 347 107 115 432 522
20
491 485 101 227 426 118 184 133 444 137 448 361 295 167 408 451 585 100 551 212
20
285 250 387 551 256 570 561 553 387 467 522 171 377 431 585 468 142 248 462 439
20
180 224 292 272 543 427 114 520 422 458 151 311 317 470 448 448 338 506 496 164
20
179 500 235 317 417 514 121 514 412 592 170 301 304 411 374 231 555 174 199 294
20
277 549 447 166 250 277 431 501 561 391 498 405 581 299 343 562 239 305 489 523
20
423 139 263 548 512 412 252 504 195 289 208 190 367 118 506 434 133 394 253 483
20
581 575 131 251 583 283 252 354 126 175 227 352 530 482 321 550 386 120 357 224
20
394 302 342 552 484 145 521 223 339 357 565 355 306 351 374 197 312 328 449 106
20
571 102 376 523 335 310 348 527 399 218 534 176 349 595 566 229 192 486 440 312
20
103 161 402 119 170 158 354 337 469 378 594 101 140 523 299 548 141 208 454 363
20
459 335 361 319 562 462 177 206 498 572 452 493 193 235 491 483 390 115 427 344
20
235 391 315 580 217 564 514 534 257 324 269 410 556 458 122 106 393 321 455 124
20
579 407 201 480 528 117 305 308 254 208 220 186 218 111 530 340 182 561 340 285
20
505 476 281 459 488 543 373 577 441 452 231 219 585 467 349 122 195 424 492 302
20
575 554 388 386 139 386 446 368 334 466 416 574 165 501 177 141 483 311 418 370
20
201 223 283 148 488 341 264 532 332 482 342 220 161 314 267 289 378 154 231 592
20
479 130 224 387 565 510 156 399 263 157 581 538 470 124 482 356 159 298 542 117
20
180 197 476 474 197 364 598 491 445 370 246 585 400 132 323 168 541 511 442 593
20
371 207 150 288 290 475 521 272 438 284 498 428 484 515 191 279 294 528 286 513
20
386 505 415 493 324 497 350 483 502 364 574 525 101 568 440 344 301 600 474 111
20
392 204 305 171 525 505 564 189 454 284 372 135 302 327 189 367 535 574 113 446
20
230 347 571 460 142 310 185 364 542 379 399 352 346 305 264 278 233 390 423 410
20
329 449 281 188 198 303 296 463 333 488 492 125 330 318 400 500 116 368 393 165
20
350 585 363 548 536 533 600 533 374 330 333 198 212 273 336 200 263 319 120 590
20
253 516 122 367 207 158 240 361 273 517 122 572 584 294 312 314 538 476 445 103
20
119 346 410 373 426 470 178 550 222 102 248 596 406 397 108 463 338 171 271 304
20
487 375 134 290 337 128 478 322 464 245 470 509 166 186 414 442 428 252 513 297
20
227 371 392 394 153 308 217 273 257 397 472 532 251 468 300 104 120 272 238 559
20
380 543 269 133 123 282 173 329 159 410 576 360 159 238 219 224 172 263 111 312
20
274 531 131 175 283 284 422 412 460 131 404 538 178 125 103 486 169 260 103 417
20
133 572 385 350 177 183 486 195 222 562 324 396 332 441 317 208 490 172 348 268
20
186 304 456 197 339 461 311 464 348 595 228 298 376 569 440 199 246 450 527 273
20
311 387 359 226 344 355 504 571 311 107 118 530 321 214 337 363 343 543 221 122
20
280 129 146 194 506 316 315 120 100 523 136 380 332 283 548 434 269 105 522 436
20
476 598 250 451 108 155 487 321 393 600 311 270 266 396 310 335 555 526 593 372
20
148 399 557 550 133 267 139 529 295 277 438 279 561 111 424 512 583 497 533 141
20
304 393 142 277 289 570 292 266 578 168 286 459 370 132 562 534 235 329 130 580
20
520 306 409 180 417 237 571 207 515 304 373 246 338 123 522 411 181 179 253 144
20
122 198 272 159 124 378 463 457 210 250 559 466 187 147 239 544 473 558 564 451
20
502 332 190 222 196 321 567 151 535 172 148 571 557 158 510 180 495 189 119 548
20
525 244 505 391 396 307 545 101 142 275 295 211 234 223 427 284 449 108 114 281
20
346 464 228 350 181 483 280 364 399 389 169 390 533 392 274 237 107 585 386 321
20
301 241 316 213 260 119 526 376 587 513 340 280 535 252 454 167 273 485 470 557
20
208 449 533 226 499 426 259 184 479 436 174 559 554 260 557 235 481 220 297 393
20
361 366 538 319 150 490 170 371 393 269 273 528 483 345 197 512 148 208 206 215
20
191 305 126 107 524 108 282 252 584 546 537 441 105 540 183 579 342 408 447 265
20
456 315 172 282 221 241 191 458 128 224 235 366 593 293 496 181 586 308 481 430
20
473 473 464 302 436 367 382 381 372 548 307 135 188 369 529 575 224 114 444 384
20
511 243 260 274 122 159 311 120 340 118 303 497 339 483 134 189 491 493 558 154
20
481 334 459 583 225 504 468 482 252 585 180 159 501 159 240 449 223 392 391 451
20
515 411 483 290 477 342 439 106 121 294 270 414 120 247 414 568 469 246 467 489
20
578 122 432 340 197 264 392 105 124 537 155 526 173 549 557 462 462 407 111 114
20
503 487 295 319 523 406 299 209 259 212 330 131 275 258 189 585 576 268 331 514
20
175 152 140 479 446 228 379 252 377 458 572 371 590 476 379 534 246 456 592 494
20
202 351 249 313 137 231 105 285 308 377 203 146 456 265 337 270 359 106 217 382
20
545 161 140 211 150 535 504 376 380 567 352 388 411 379 148 584 355 346 497 552
20
540 499 325 320 549 106 391 341 363 368 377 176 227 297 516 108 319 224 491 367
20
582 344 351 558 457 277 554 102 429 320 501 581 308 469 407 118 163 255 158 331
20
137 457 203 385 143 482 423 338 249 220 409 478 450 406 361 560 529 421 278 404
20
314 372 483 215 206 117 315 101 100 251 275 382 145 235 201 123 191 195 269 503
20
463 169 410 385 581 316 271 149 551 205 181 296 194 531 525 573 111 383 307 546
20
453 410 306 203 363 488 543 254 248 248 383 494 158 553 112 100 168 173 446 456
20
573 278 157 358 398 418 132 156 282 279 195 131 116 430 515 580 312 387 255 520
20
159 477 305 104 292 111 580 275 114 181 308 550 530 373 203 275 152 374 237 548
20
190 569 134 456 542 246 204 342 336 163 404 593 532 375 242 591 116 495 411 475
20
185 232 265 563 417 529 461 177 195 141 363 120 272 264 422 428 458 280 437 217
20
512 441 167 401 412 600 433 364 143 155 327 398 338 160 273 157 201 337 166 111
20
513 431 326 140 294 435 591 560 374 306 139 495 573 467 225 494 395 595 235 511
20
107 376 360 136 565 466 546 410 178 267 287 154 216 304 308 566 243 284 377 548
20
203 166 403 517 258 131 302 141 459 408 532 119 585 431 194 600 509 118 296 375
20
209 121 267 478 489 439 228 110 372 487 552 559 284 153 362 497 269 177 140 568
20
423 364 536 260 334 590 182 352 281 231 573 540 366 249 574 586 199 325 456 277
20
566 519 139 136 437 497 111 560 421 528 312 324 124 271 254 280 298 289 104 290
20
458 275 304 124 466 413 425 561 597 389 455 277 534 435 503 109 194 443 224 514
20
453 527 580 411 456 531 224 482 346 185 264 266 212 363 430 244 438 291 353 430
20
461 457 101 495 296 217 474 348 464 269 440 479 448 300 429 571 509 128 188 294
20
483 194 502 195 568 477 115 355 144 139 130 226 454 580 297 168 383 566 555 483
20
288 312 167 536 270 485 309 538 554 581 576 357 396 503 144 253 598 507 378 436
20
342 575 107 428 153 577 371 346 555 514 226 178 383 465 267 470 491 196 176 494
20
458 343 494 331 208 339 331 574 176 386 317 128 440 428 146 396 102 356 222 236
20
518 487 102 425 574 465 416 279 554 192 212 142 333 324 136 458 514 432 344 366
20
184 531 495 319 270 275 330 483 114 175 599 374 329 132 150 527 360 406 379 396
