150
20
383 494 508 439 210 201 595 453 154 271 197 223 334 107 348 378 291 233 303 111
20
437 112 565 309 171 201 237 433 226 319 478 128 580 125 219 421 342 542 419 373
20
122 327 318 416 256 557 421 389 446 598 530 480 270 188 289 490 127 220 468 118
20
586 220 109 461 440 166 304 146 206 478 538 549 550 159 519 306 179 102 346 120
20
418 273 571 330 441 440 512 242 527 593 336 305 496 218 229 550 339 512 314 344
20
100 494 160 158 550 208 586 294 452 293 530 430 296 598 597 174 145 458 409 529
20
346 582 498 493 562 152 118 268 147 301 452 140 194 179 588 185 470 325 508 481
20
296 213 571 309 249 178 423 525 251 420 311 435 455 490 182 302 206 495 211 238
20
448 198 339 320 148 278 344 247 135 256 504 107 141 401 118 469 470 211 295 299
20
539 506 164 389 170 158 236 122 438 591 333 179 461 116 313 145 580 501 579 463
20
583 534 424 323 581 277 599 446 376 104 528 517 319 464 350 572 465 320 588 322
20
327 444 573 449 188 485 445 482 135 222 122 413 587 165 444 479 534 401 359 430
20
273 565 587 329 207 116 440 391 564 266 312 386 473 164 327 181 391 480 387 211
20
116 325 405 164 159 416 138 255 408 293 467 572 558 293 463 522 421 589 266 535
20
530 357 169 215 194 491 474 400 345 537 438 496 114 353 373 152 255 155 153 281
20
251 354 585 253 299 581 299 439 345 524 582 446 420 454 290 225 392 592 489 469
20
319 523 187 125 236 502 151 489 120 507 142 110 385 326 432 420 241 549 286 165
20
413 114 394 163 473 346 179 431 386 311 194 275 122 494 338 569 244 425 593 200
20
308 144 224 452 236 157 172 386 482 267 248 520 259 480 550 163 433 435 229 423
20
393 130 444 333 395 136 149 224 157 401 538 209 325 503 375 240 262 474 164 173
20
316 584 185 414 151 577 520 410 137 384 337 560 245 205 313 222 587 193 213 177
20
417 340 553 134 597 541 463 286 479 126 114 371 141 585 359 556 454 110 572 326
20
292 163 493 231 116 560 316 452 534 347 173 436 378 258 253 292 462 438 216 113
20
561 532 420 308 362 444 380 253 271 536 182 245 345 574 120 592 543 422 256 522
20
455 106 549 255 270 281 593 510 133 458 270 504 162 466 412 135 111 195 425 336
20
480 306 562 421 398 195 499 437 517 529 383 442 504 244 463 516 548 176 436 589
20
576 483 177 156 265 194 428 568 468 286 282 177 253 475 359 156 317 146 167 580
20
536 223 341 326 182 355 257 347 173 250 156 281 466 194 359 457 173 273 130 250
20
478 555 338 479 356 117 191 595 444 577 508 155 525 288 252 597 568 114 221 165
20
190 145 578 246 212 517 202 143 171 350 539 336 241 123 447 451 383 390 559 405
20
228 160 411 545 128 396 453 260 483 424 202 417 189 261 196 246 336 358 306 365
20
465 247 371 455 338 350 373 161 508 295 173 489 536 577 484 183 185 437 427 164
20
342 506 497 260 131 246 302 568 275 284 584 382 468 378 234 106 512 199 369 137
20
370 349 312 255 255 374 224 345 442 356 561 498 239 340 357 113 368 407 299 292
20
147 354 360 326 401 407 352 582 553 154 523 406 468 394 263 590 557 255 297 359
20
591 480 520 580 600 350 467 142 311 511 252 163 390 469 444 548 595 412 316 585
20
538 211 187 100 435 577 350 560 131 538 147 300 219 153 200 208 423 112 370 503
20
595 414 245 451 521 596 554 381 409 198 320 306 399 464 531 354 537 242 325 244
20
139 478 519 596 536 340 462 100 207 231 419 348 240 488 504 230 371 558 163 583
20
116 355 558 545 395 164 460 267 260 390 361 585 540 196 449 110 400 206 350 466
20
441 228 135 368 133 272 245 115 355 237 224 532 426 484 231 515 333 350 124 301
20
403 201 500 303 378 295 565 123 314 283 160 327 404 157 204 581 329 344 429 284
20
457 381 342 308 284 273 181 311 181 200 594 334 234 158 385 132 229 170 553 169
20
282 591 212 362 426 259 554 271 435 286 376 586 260 275 394 154 197 413 563 499
20
410 289 168 100 388 277 593 168 214 296 551 313 298 561 209 135 149 184 528 196
20
376 205 432 508 262 549 456 514 241 539 100 135 227 234 531 461 458 320 178 562
20
106 400 332 556 377 218 531 439 136 187 560 185 427 454 290 129 155 503 578 188
20
354 469 385 136 389 321 317 585 343 178 569 401 359 328 264 122 348 510 551 459
20
589 371 334 289 356 215 209 561 364 409 579 513 529 352 566 579 441 399 306 336
20
273 478 160 533 353 287 599 393 592 313 577 462 499 466 575 581 265 594 238 364
20
186 573 338 404 592 403 368 375 314 235 500 132 166 132 510 239 209 389 170 479
20
539 193 280 281 549 536 575 204 522 423 474 138 542 228 314 365 598 127 205 344
20
425 520 558 204 171 243 460 567 334 533 272 575 428 512 150 267 363 454 180 554
20
234 185 576 589 142 392 454 297 514 498 361 371 337 323 328 402 534 438 164 320
20
352 408 221 517 404 524 567 134 146 295 104 271 598 475 279 100 516 283 506 343
20
534 393 127 521 441 147 241 455 550 427 504 510 365 565 390 308 446 138 298 310
20
237 578 294 234 182 486 423 385 340 544 124 422 494 487 383 429 561 240 518 258
20
103 135 151 206 519 169 345 385 304 572 396 553 504 534 192 510 579 423 440 507
20
499 333 211 375 517 376 302 268 552 396 160 293 460 470 365 400 332 463 313 315
20
444 114 554 491 396 380 169 515 222 333 285 497 135 261 358 356 399 127 467 387
20
303 397 386 544 177 112 199 186 204 260 217 254 475 208 447 129 291 578 442 562
20
191 424 534 159 595 592 370 226 176 327 307 345 303 474 533 500 297 356 589 334
20
261 587 137 270 466 505 467 367 510 536 307 282 441 580 381 186 343 221 441 302
20
310 455 127 298 368 297 344 470 136 486 370 168 390 237 531 432 338 375 539 404
20
179 401 400 168 537 436 493 315 213 507 262 573 246 510 528 419 281 325 587 587
20
212 246 192 252 236 216 594 142 172 328 534 312 373 374 275 468 441 529 165 380
20
357 587 438 575 456 201 443 314 159 451 175 350 596 256 341 307 377 346 463 381
20
324 248 132 376 573 598 494 226 410 545 147 226 526 159 285 529 544 428 524 343
20
242 309 412 372 496 512 444 449 342 476 446 524 480 472 201 434 519 510 267 311
20
177 361 163 490 320 540 559 558 530 332 318 332 324 419 242 411 303 280 436 221
20
453 205 590 455 159 158 455 229 259 174 118 162 179 573 271 473 592 535 248 468
20
572 161 523 156 109 388 242 260 332 416 457 454 117 473 503 126 487 551 342 262
20
581 231 296 115 157 390 501 244 404 292 438 340 378 340 312 327 580 427 500 208
20
218 107 594 555 243 553 153 535 413 275 114 222 130 513 183 241 465 358 295 257
20
600 290 593 543 219 279 108 494 418 336 595 409 258 562 128 122 540 533 337 185
20
544 563 265 160 508 292 187 308 597 195 259 413 573 279 336 542 197 534 408 441
20
148 465 505 258 448 218 595 550 524 110 195 184 583 165 408 386 456 142 291 125
20
445 396 477 327 237 514 478 450 427 365 571 419 140 380 206 176 547 225 336 203
20
162 294 109 159 466 497 432 333 575 339 265 130 507 473 465 324 315 100 238 365
20
192 341 385 435 241 318 548 529 269 181 383 157 214 106 427 136 188 376 377 131
20
280 418 161 376 337 284 129 404 550 497 157 191 448 218 415 439 529 275 156 269
20
437 579 507 474 188 367 214 123 510 245 264 168 358 457 245 132 183 476 310 564
20
393 219 118 536 354 300 198 371 275 461 455 107 127 513 347 316 309 228 414 248
20
516 277 551 142 493 123 210 353 215 196 316 193 132 198 370 266 174 538 490 322
20
427 391 515 140 582 577 364 279 232 312 314 101 441 419 360 152 379 232 350 438
20
407 203 546 164 515 467 535 184 147 593 112 183 389 295 575 191 485 260 318 350
20
287 453 362 447 522 166 131 455 595 312 181 313 334 524 468 501 505 505 427 496
20
576 519 298 379 121 387 258 247 495 357 188 414 160 238 572 341 566 427 220 264
20
307 390 155 170 505 131 135 267 410 218 407 464 316 195 462 579 424 556 113 490
20
117 322 452 150 431 597 351 171 338 426 240 413 464 407 301 248 399 178 246 131
20
341 391 241 349 230 500 203 254 452 337 355 208 231 518 357 511 239 536 122 589
20
474 285 497 425 563 152 114 116 511 523 367 295 598 562 443 319 454 580 546 273
20
544 445 458 219 296 487 545 252 257 416 110 456 389 360 157 413 334 393 359 515
20
139 364 496 457 415 502 372 149 194 484 345 296 150 337 566 373 535 307 399 266
20
113 196 197 430 147 507 470 594 319 186 416 117 360 516 582 421 203 161 388 154
20
442 200 106 272 157 349 291 513 130 598 217 503 545 371 296 587 554 112 443 373
20
332 583 532 199 598 251 432 332 127 137 444 328 403 470 307 556 208 140 503 347
20
275 340 245 382 371 129 321 169 354 288 219 586 260 383 247 305 319 443 321 138
20
139 213 214 582 139 374 470 460 304 147 570 111 299 305 215 149 159 262 111 558
20
250 455 476 202 141 363 477 592 467 380 595 212 544 294 164 327 387 540 394 524
20
194 107 120 190 349 516 258 551 255 386 276 305 107 544 512 430 282 588 112 387
20
545 502 504 287 402 325 532 161 176 502 163 483 301 383 284 219 220 516 258 577
20
396 135 569 439 275 567 241 481 422 220 271 160 452 523 592 478 466 219 107 311
20
419 458 493 527 281 277 475 378 171 587 344 472 107 220 393 224 549 535 313 462
20
512 194 357 359 382 450 414 146 331 506 114 498 223 342 436 482 126 376 318 517
20
590 146 526 410 142 349 350 201 483 410 117 342 483 373 219 146 124 430 251 148
20
497 306 197 372 532 234 317 118 334 452 560 541 133 100 557 505 226 103 488 523
20
264 309 549 130 511 596 257 326 489 400 511 127 111 301 342 229 476 176 526 292
20
202 343 202 451 435 518 300 348 512 490 558 421 572 571 119 475 170 577 195 339
20
255 557 506 514 103 132 272 525 480 527 346 157 514 476 331 300 137 443 403 336
20
278 231 309 355 291 594 262 168 515 379 100 563 459 571 422 248 464 295 186 142
20
351 358 139 230 261 374 242 271 480 146 598 487 359 519 215 574 216 511 406 146
20
354 326 377 524 595 210 221 488 403 117 594 398 531 256 129 534 209 242 564 272
20
491 370 551 341 485 157 305 105 147 542 346 262 131 552 215 361 110 535 497 198
20
451 438 535 371 536 219 161 444 127 241 340 482 131 507 132 399 164 181 167 132
20
578 223 179 389 551 315 483 259 193 215 377 231 318 315 593 441 129 557 153 424
20
127 570 189 273 109 401 339 547 342 186 101 572 580 228 465 348 492 386 108 180
20
130 209 120 389 310 487 113 530 125 549 219 200 123 568 170 312 398 431 416 103
20
172 518 561 129 502 195 120 431 341 281 466 165 254 522 211 217 403 513 491 408
20
236 592 230 184 445 349 486 295 129 379 201 525 176 444 345 356 164 189 439 236
20
266 270 334 384 116 596 525 593 164 418 197 452 338 303 119 138 308 527 178 219
20
174 418 131 497 392 563 589 366 558 356 266 271 195 498 519 298 100 400 139 545
20
215 158 225 511 448 349 273 563 373 417 518 139 212 514 232 318 504 422 526 152
20
403 522 316 249 472 118 335 171 239 577 239 517 396 151 519 158 479 524 454 193
20
560 396 499 509 460 509 593 204 179 492 361 369 289 194 586 155 390 108 251 391
20
151 121 205 561 462 138 279 133 372 236 210 527 530 353 489 359 382 509 347 549
20
283 321 597 239 494 473 215 515 520 185 247 274 320 559 466 555 380 407 465 365
20
271 430 277 527 543 404 248 409 216 101 463 180 570 505 558 251 275 555 133 392
20
355 553 154 408 506 541 453 309 580 217 328 532 279 268 218 275 100 342 584 204
20
174 491 495 362 564 111 230 159 102 280 133 196 220 543 414 303 380 200 321 235
20
117 593 185 250 545 478 447 374 395 411 320 123 239 399 248 193 145 299 176 371
20
298 268 388 346 383 453 267 528 126 467 391 279 573 350 376 478 506 119 404 583
20
111 249 518 349 356 275 474 326 342 201 600 113 587 188 565 254 527 151 492 168
20
171 422 547 278 287 443 247 377 476 559 213 122 437 394 571 488 238 341 447 266
20
500 262 273 482 136 463 542 544 287 278 293 291 203 408 225 274 400 106 513 198
20
473 136 158 474 445 232 146 152 314 347 470 570 341 337 374 598 412 221 385 177
20
252 198 339 111 440 120 282 419 186 289 109 371 280 559 372 555 428 477 363 145
20
397 247 418 110 126 184 326 469 502 284 419 255 248 495 264 126 170 230 207 250
20
429 283 454 295 282 431 145 135 221 208 571 403 263 118 437 399 358 357 216 362
20
241 109 273 398 479 358 170 324 185 223 584 183 470 378 276 177 397 543 356 115
20
307 226 283 309 223 370 526 371 348 237 537 330 553 231 128 169 526 581 559 302
20
233 320 366 512 157 390 174 198 199 152 216 395 555 352 442 158 505 480 466 206
20
374 460 108 214 272 289 301 367 468 406 590 379 116 245 300 287 269 217 451 463
20
217 218 311 518 156 129 426 180 133 349 123 543 327 171 220 528 359 590 297 443
20
417 180 154 406 209 320 564 343 130 387 518 539 577 532 556 215 256 224 398 276
20
541 173 534 243 362 391 337 335 467 240 583 215 190 132 510 309 491 206 596 569
20
452 267 247 489 116 558 150 145 493 350 548 584 433 333 120 307 565 508 252 419
20
254 562 177 347 478 514 434 310 514 273 478 332 563 502 278 313 145 146 139 278
20
550 290 177 462 199 439 187 561 225 145 251 441 391 344 102 430 318 349 514 126
20
473 188 415 165 129 453 566 125 430 460 309 263 317 276 480 211 450 427 549 122
