150
20
565 479 417 427 510 290 298 249 466 364 371 120 373 443 599 447 311 427 390 202
20
443 258 440 236 173 106 411 574 379 530 120 292 379 227 315 402 551 171 447 195
20
378 381 464 597 462 244 413 200 229 574 512 598 220 230 503 285 599 366 282 168
20
131 272 291 424 585 562 402 546 201 443 209 382 334 117 375 227 210 567 436 537
20
233 403 403 453 297 292 290 192 444 113 141 429 401 504 309 345 394 193 489 181
20
573 180 434 430 415 356 426 401 263 524 226 224 569 107 124 217 227 469 259 301
20
345 386 440 555 320 295 509 221 409 379 271 159 134 167 151 304 342 340 512 465
20
540 317 512 140 167 545 258 131 571 411 118 394 136 319 252 394 355 204 457 300
20
570 187 582 355 446 100 194 421 470 285 533 583 314 573 579 515 514 114 381 459
20
175 542 369 322 218 422 156 564 280 157 253 214 360 507 598 100 150 517 248 111
20
305 112 357 475 191 585 583 310 332 472 360 158 200 167 401 404 121 327 511 509
20
437 351 462 358 463 249 409 461 157 319 332 568 414 302 444 259 197 232 414 176
20
325 459 489 107 231 510 407 111 557 283 280 520 475 371 144 121 333 277 409 288
20
517 426 169 104 524 210 285 416 139 565 469 406 376 332 517 281 185 539 373 269
20
208 279 283 552 427 422 100 163 525 402 209 547 467 447 553 177 437 550 115 356
20
155 229 404 524 226 166 339 362 473 433 543 557 362 278 574 346 500 509 232 360
20
415 294 408 182 381 337 490 136 124 573 202 151 292 224 265 362 101 559 190 458
20
290 184 115 497 474 570 590 339 438 426 378 559 183 401 505 577 475 169 437 445
20
268 331 448 401 598 523 209 101 121 424 594 316 229 466 327 600 263 564 459 535
20
108 527 247 354 490 548 600 499 190 471 434 428 351 504 455 461 499 562 335 551
20
410 488 153 109 595 572 553 194 232 199 332 400 593 505 522 199 249 247 289 157
20
349 546 212 485 519 149 466 212 324 279 285 485 527 261 120 555 528 493 247 249
20
146 364 187 504 594 367 342 279 257 210 542 533 218 474 591 159 332 234 445 237
20
497 297 546 103 130 520 381 274 225 130 426 202 160 295 193 176 349 529 109 258
20
126 139 369 393 385 233 446 192 466 516 409 439 336 319 117 417 589 464 509 327
20
138 272 224 394 131 321 405 439 354 432 394 518 596 303 373 105 397 256 419 119
20
338 432 416 564 167 202 588 447 416 153 513 255 298 308 186 181 438 112 324 551
20
148 411 151 209 574 320 526 480 462 452 498 514 367 119 277 352 577 529 360 392
20
235 149 524 375 339 304 114 186 118 288 447 239 238 441 403 215 558 155 337 296
20
302 526 281 494 133 525 524 436 523 121 545 576 274 239 305 319 424 107 489 176
20
366 565 393 455 172 539 224 577 288 132 319 129 249 404 212 598 578 214 316 280
20
469 395 231 131 442 462 277 526 182 356 122 353 123 144 491 482 552 186 132 546
20
459 559 281 299 223 254 573 520 375 313 302 376 366 565 140 479 459 250 303 317
20
349 483 155 558 582 456 410 137 526 376 169 515 142 460 310 310 321 267 344 249
20
187 596 363 382 554 274 333 398 440 256 430 372 445 562 339 411 143 406 264 432
20
545 133 123 195 168 388 581 181 514 493 590 342 388 243 133 448 282 212 257 481
20
265 469 550 348 434 587 274 116 410 315 466 425 542 244 272 466 536 268 529 586
20
565 182 305 109 376 594 174 340 571 132 574 138 313 337 442 528 411 512 470 481
20
454 525 428 415 541 532 215 495 222 174 381 376 192 246 450 147 154 288 225 344
20
509 299 230 148 515 537 387 339 574 403 505 134 498 400 244 240 480 394 543 378
20
527 396 395 322 101 308 208 482 164 146 105 539 420 249 515 129 563 252 399 390
20
370 125 382 318 369 493 568 460 540 345 562 208 579 137 580 562 337 298 194 245
20
212 427 375 171 281 474 548 158 439 380 544 493 472 133 288 365 563 220 179 303
20
541 483 332 100 264 551 513 469 337 204 247 103 249 104 332 339 347 405 280 232
20
302 243 311 230 307 345 598 115 463 396 449 532 377 321 499 396 238 574 144 288
20
528 194 177 241 122 139 538 278 121 138 242 480 255 101 408 537 465 136 467 515
20
522 484 277 598 205 168 350 199 356 491 177 168 201 163 124 304 496 586 227 545
20
255 379 528 309 461 199 593 295 364 296 442 359 213 586 127 402 103 512 201 528
20
599 499 105 199 553 183 570 136 270 123 339 403 516 548 439 111 486 152 284 408
20
165 156 276 342 527 346 357 395 252 183 568 296 423 149 283 300 376 319 102 528
20
422 383 140 145 595 571 438 247 516 149 461 554 367 542 243 522 280 452 147 539
20
479 328 538 576 477 426 186 531 436 327 407 225 268 399 300 383 105 374 463 265
20
464 211 410 533 423 230 219 566 184 297 227 252 342 110 186 586 401 166 332 213
20
420 326 428 559 193 190 526 477 319 545 321 117 134 479 520 217 415 587 205 472
20
379 564 182 390 370 569 212 253 412 567 416 164 240 125 115 504 173 429 336 463
20
298 102 440 277 391 417 341 578 416 452 505 283 522 427 527 428 395 386 585 375
20
263 437 429 448 546 543 521 142 239 224 591 149 460 185 290 140 106 199 521 213
20
569 231 294 164 488 106 306 285 456 198 277 478 266 340 536 139 408 348 581 598
20
364 220 192 358 163 594 426 229 208 185 127 177 213 241 342 428 196 228 205 577
20
338 428 143 486 164 111 194 199 491 210 124 296 204 593 250 250 319 363 193 184
20
428 208 570 403 114 438 204 553 455 236 483 174 333 560 140 307 251 198 254 533
20
220 240 465 271 201 442 533 177 591 392 578 274 255 498 457 492 543 476 401 421
20
237 370 386 474 386 467 528 336 514 505 588 232 505 494 445 502 234 194 122 312
20
407 310 155 132 561 542 559 551 151 560 297 119 249 482 132 318 270 297 181 501
20
467 296 438 493 479 322 114 464 428 556 396 379 120 400 221 151 453 237 451 147
20
345 189 524 506 470 137 522 411 167 170 341 219 359 582 106 427 304 126 381 318
20
338 547 409 319 552 414 155 464 326 546 329 207 277 414 449 318 248 144 185 372
20
293 410 416 340 212 528 162 202 400 558 186 269 435 303 256 262 145 510 142 556
20
125 237 113 121 503 152 116 583 118 310 551 432 303 185 329 487 199 283 174 386
20
323 299 185 318 419 243 508 449 395 159 350 147 175 177 309 542 256 126 429 334
20
180 355 356 405 448 220 533 209 560 432 213 413 169 388 415 461 245 117 499 388
20
581 409 414 370 330 419 590 547 116 591 145 134 243 171 174 332 495 434 172 462
20
310 300 450 315 167 512 539 556 235 245 372 281 363 441 519 231 201 324 446 109
20
596 238 418 429 128 278 263 106 511 154 408 338 449 286 415 261 402 547 545 327
20
475 281 336 195 304 576 559 583 266 415 357 267 137 107 503 208 330 106 547 162
20
220 130 341 217 368 226 392 547 518 182 477 155 244 243 210 294 149 558 192 136
20
245 592 536 170 314 161 352 583 237 379 153 476 422 493 293 358 600 275 441 309
20
126 588 556 419 168 303 422 228 581 361 319 154 312 526 342 439 117 244 126 308
20
325 436 456 351 155 555 387 176 491 330 575 274 480 333 270 387 104 540 364 600
20
474 492 149 553 528 160 200 481 112 454 189 330 168 244 332 141 225 155 588 382
20
549 401 334 133 447 556 579 210 500 529 148 126 572 552 517 177 346 132 309 358
20
454 312 129 327 261 226 393 368 448 496 581 387 555 492 600 120 370 182 281 480
20
112 537 231 260 452 220 280 481 339 477 333 446 342 440 258 477 555 125 318 564
20
227 290 539 463 186 313 486 583 524 200 312 324 160 120 553 238 484 173 585 126
20
503 359 414 315 543 477 206 366 209 562 356 421 189 474 510 447 166 411 244 454
20
195 174 562 205 559 502 342 498 187 324 423 147 556 546 543 572 560 300 146 219
20
469 420 440 429 169 377 452 429 555 121 277 380 412 514 454 126 414 264 231 593
20
548 414 359 217 588 546 137 165 507 186 135 412 173 521 298 117 242 433 215 560
20
132 480 219 246 171 483 340 102 536 258 121 474 401 419 152 124 328 314 214 269
20
239 230 307 271 290 555 318 129 335 437 335 426 482 542 296 238 363 510 263 169
20
507 349 216 184 102 278 152 494 576 479 271 213 242 558 512 314 122 481 188 238
20
582 175 135 597 395 278 282 118 537 327 359 522 249 109 575 208 502 183 381 522
20
236 290 156 231 202 439 487 224 546 245 184 312 152 330 147 100 303 290 512 395
20
130 279 351 151 122 414 288 416 521 199 346 241 394 274 499 467 471 119 289 521
20
311 552 397 512 197 230 598 155 419 361 396 142 233 327 482 522 345 480 372 339
20
362 199 243 321 426 528 353 358 362 360 279 365 247 472 537 154 346 252 173 446
20
497 500 162 181 472 564 286 295 300 566 120 562 416 590 439 152 545 355 158 284
20
129 205 394 404 506 573 174 583 203 593 383 329 262 257 153 334 402 155 122 437
20
132 475 366 467 531 311 486 111 149 573 288 216 403 342 331 342 176 381 413 420
20
303 192 502 582 396 405 242 532 417 254 416 594 414 370 211 534 514 549 263 218
20
487 563 301 225 407 538 230 497 541 316 533 550 541 538 211 439 500 353 306 185
20
421 507 538 390 332 414 122 105 293 360 212 553 179 463 241 571 457 540 415 340
20
102 371 533 214 341 347 413 576 169 228 382 208 153 550 124 301 187 570 379 476
20
468 423 511 453 482 466 443 582 258 275 188 113 513 287 351 301 460 133 281 385
20
187 512 397 501 504 102 315 302 406 450 207 516 217 539 559 196 263 307 114 519
20
340 344 268 274 238 277 265 399 532 183 417 395 524 178 285 238 220 132 382 504
20
365 440 468 474 482 546 194 427 391 569 542 156 101 337 507 159 310 375 565 379
20
417 186 367 205 380 225 575 239 429 257 465 285 198 566 499 459 588 354 321 334
20
337 516 496 296 550 338 110 385 393 480 430 350 449 285 196 331 487 267 160 583
20
182 566 536 139 366 297 578 172 587 315 445 502 145 481 218 249 286 503 388 283
20
431 283 420 106 179 569 275 355 500 330 206 417 312 287 406 402 458 392 151 204
20
101 199 194 441 276 335 366 490 330 432 560 313 189 385 449 264 590 487 406 281
20
543 207 578 538 589 218 374 349 190 532 370 556 128 414 269 200 346 546 185 501
20
244 548 482 168 102 516 290 418 526 497 358 364 203 344 583 517 276 324 413 354
20
283 548 556 313 584 398 510 513 148 208 177 502 371 253 160 419 409 398 254 517
20
303 185 165 529 319 426 137 509 331 468 149 117 418 295 254 215 218 426 360 372
20
195 553 135 275 531 458 140 444 380 464 240 261 551 320 152 507 273 494 573 429
20
106 554 207 583 273 527 478 175 136 201 504 294 564 434 304 598 145 405 420 395
20
533 596 365 211 190 262 222 431 130 398 310 198 131 117 479 471 347 165 466 234
20
541 593 368 444 357 396 438 339 335 328 175 488 440 486 340 305 486 529 217 534
20
531 165 499 130 512 189 128 399 176 141 471 410 363 110 296 562 566 398 516 574
20
252 327 504 263 314 298 335 562 494 392 552 579 232 386 448 499 376 120 564 219
20
495 448 515 243 585 452 215 425 191 286 393 420 159 213 512 225 133 534 214 558
20
347 234 495 447 434 408 310 404 500 102 120 200 268 246 373 391 310 553 577 327
20
416 120 165 507 548 283 445 514 414 388 467 581 497 517 581 295 339 563 400 560
20
122 577 391 361 105 205 497 293 251 301 483 589 371 243 551 128 463 225 343 307
20
304 238 414 417 518 141 442 313 158 470 433 145 572 298 520 163 189 308 515 322
20
398 147 110 396 467 500 294 527 364 509 563 204 201 572 296 243 191 141 533 398
20
470 172 431 150 394 315 368 509 473 350 300 195 404 130 401 245 129 363 454 309
20
417 167 346 255 599 392 529 250 169 346 442 426 154 398 414 138 100 393 537 193
20
218 429 406 157 213 589 261 153 351 341 293 443 362 175 137 516 357 164 201 121
20
123 146 402 290 150 279 545 427 129 160 519 551 463 248 586 424 404 449 178 270
20
264 291 472 419 256 336 534 581 538 216 571 150 116 334 228 311 187 110 305 538
20
544 167 503 527 276 300 569 443 289 466 158 107 372 270 188 219 559 161 273 174
20
378 178 373 548 570 438 303 490 219 214 239 167 563 133 144 263 447 341 309 566
20
330 487 312 599 344 432 442 315 494 467 127 528 412 328 262 317 422 147 575 190
20
353 315 265 356 103 596 297 519 318 522 346 129 356 258 438 303 326 131 581 598
20
375 509 487 470 361 237 300 272 520 534 177 107 584 317 302 570 401 523 387 344
20
534 543 210 375 255 508 528 576 464 223 471 484 434 152 317 233 524 161 416 322
20
245 406 267 275 334 225 558 398 445 413 560 276 372 413 571 540 161 381 252 433
20
115 419 362 471 312 446 396 287 249 418 429 588 545 315 313 164 584 542 175 425
20
322 422 591 123 208 498 368 338 114 414 372 563 533 409 500 208 149 400 276 387
20
135 590 291 418 586 442 364 391 172 125 587 252 261 448 225 130 526 305 489 227
20
462 537 346 140 111 235 471 350 359 551 556 397 162 593 217 107 256 349 230 293
20
422 400 230 458 532 273 171 506 402 230 494 532 350 444 414 312 543 548 502 318
20
589 507 107 143 250 268 434 252 570 148 472 473 277 117 416 416 489 474 481 252
20
388 168 540 514 395 451 439 118 339 207 285 309 231 112 551 404 101 558 459 411
20
584 346 336 556 460 403 209 432 417 539 164 156 592 279 591 574 452 140 549 365
20
330 583 486 559 350 553 150 156 546 225 514 184 440 252 237 279 582 416 369 338
20
403 166 316 555 371 562 255 198 565 568 207 355 484 326 566 390 594 122 506 232
