150
20
315 137 404 264 356 483 324 580 366 389 484 259 154 509 138 161 155 143 148 260
20
171 588 510 251 191 150 427 251 571 256 113 525 576 480 171 337 546 251 158 555
20
386 232 376 436 112 439 390 384 277 417 413 445 590 549 474 571 186 363 409 324
20
438 314 296 190 188 402 206 308 248 233 145 561 598 134 519 237 265 404 575 487
20
508 496 348 461 597 323 119 521 309 156 250 473 518 366 494 288 149 126 199 306
20
175 159 315 558 249 493 105 343 143 188 451 162 372 595 226 338 523 122 263 526
20
545 243 383 455 395 375 480 472 500 218 588 311 221 305 200 385 385 138 406 358
20
266 360 344 368 451 185 481 258 558 495 372 474 166 255 482 288 145 153 482 424
20
124 300 498 425 600 500 476 356 485 203 525 129 198 243 210 588 486 225 530 263
20
578 348 342 416 457 316 133 598 324 423 592 426 443 181 490 388 384 577 326 172
20
202 418 367 386 339 365 553 584 317 250 121 259 293 469 485 452 544 552 376 458
20
186 588 388 174 384 569 593 313 512 436 234 137 116 292 178 127 346 227 483 518
20
426 259 475 544 385 484 255 221 517 432 596 231 193 354 319 485 176 289 313 366
20
273 345 197 450 196 479 185 542 250 600 135 154 547 468 235 268 591 462 103 386
20
486 522 308 480 320 125 416 417 355 282 226 389 598 508 359 557 538 286 133 192
20
595 519 291 396 342 209 206 253 472 436 299 267 404 414 218 151 453 225 220 499
20
574 126 349 440 323 462 179 352 366 393 138 364 462 460 314 322 180 587 286 198
20
311 360 465 510 535 168 279 551 597 166 241 146 491 444 293 166 147 426 311 432
20
293 561 121 532 483 472 180 216 176 491 364 540 554 250 254 228 257 572 231 534
20
342 357 554 340 342 341 309 473 307 101 576 232 229 567 189 125 578 271 530 317
20
151 508 169 216 136 427 480 377 274 151 232 306 140 172 280 389 300 468 502 141
20
302 555 507 563 473 324 559 389 546 419 106 279 596 506 289 140 237 366 141 280
20
531 547 567 199 239 165 371 460 597 173 208 313 564 315 175 403 228 161 190 123
20
108 438 443 289 180 340 470 187 490 553 130 418 243 240 469 412 491 123 419 307
20
223 396 330 253 201 406 473 541 569 466 533 330 432 546 207 534 507 280 447 326
20
376 450 442 350 521 389 393 451 538 494 576 219 413 325 144 537 514 189 277 550
20
561 207 182 446 391 277 273 328 273 452 150 492 472 585 307 418 221 113 167 362
20
484 488 354 116 558 450 369 151 458 542 592 350 528 129 298 576 499 105 503 540
20
247 527 452 380 542 230 131 309 193 531 404 366 563 126 178 481 435 568 196 253
20
573 377 243 298 467 499 513 134 350 589 491 395 314 580 324 405 396 184 249 289
20
590 427 269 301 397 146 409 153 130 364 481 431 538 240 362 306 223 150 504 366
20
524 579 402 118 328 363 198 485 258 361 546 563 373 137 307 178 268 342 254 432
20
247 487 567 573 192 144 576 185 228 548 122 232 338 322 181 193 514 568 427 452
20
430 553 230 175 120 310 211 474 344 293 531 515 124 131 331 155 233 268 113 588
20
454 531 404 235 594 516 399 248 441 146 478 166 569 121 400 465 147 374 158 164
20
397 461 158 530 132 373 549 188 566 402 348 552 210 418 129 279 297 336 265 436
20
401 135 432 313 324 129 589 482 324 253 214 596 159 354 398 572 412 327 112 195
20
535 340 330 538 551 481 310 106 357 235 390 337 153 306 362 533 550 229 453 408
20
552 114 456 294 283 424 413 490 174 435 223 136 126 368 234 197 228 487 202 150
20
516 362 284 600 314 355 101 194 175 557 189 267 138 403 226 260 555 331 491 382
20
567 557 278 581 299 234 257 459 454 397 106 375 178 338 203 544 252 107 532 216
20
281 489 330 225 150 364 120 112 194 554 431 577 209 161 165 521 117 517 398 348
20
111 520 266 265 198 230 496 466 134 500 131 370 119 574 470 569 309 438 311 181
20
164 189 290 441 490 289 410 202 362 330 226 351 571 509 119 179 175 343 420 377
20
426 562 348 243 320 408 421 112 406 216 138 401 421 572 266 368 443 270 139 495
20
508 590 227 583 541 434 572 304 281 421 328 505 231 484 593 103 412 143 143 211
20
486 575 560 497 332 267 241 500 410 245 577 432 466 232 290 114 336 403 587 375
20
139 581 586 132 214 412 116 107 599 169 498 274 585 220 561 572 133 499 173 194
20
252 179 283 485 195 442 577 356 190 583 296 525 441 519 137 305 125 323 548 130
20
388 453 401 280 432 402 167 314 195 144 469 368 271 357 348 187 304 325 417 282
20
354 321 541 406 181 274 414 234 325 590 338 287 221 446 449 254 355 547 363 327
20
159 383 508 355 269 185 357 548 574 428 447 338 338 198 513 232 360 533 218 324
20
181 142 322 470 190 534 311 331 454 502 292 243 300 130 487 350 393 485 483 554
20
335 420 584 316 550 109 550 592 522 475 559 517 417 598 104 461 179 124 227 260
20
456 103 116 128 213 144 531 412 557 594 522 382 467 146 444 536 224 161 221 255
20
202 111 455 157 157 201 136 424 154 575 410 111 383 524 501 513 543 536 174 463
20
118 237 470 175 247 495 240 472 540 251 399 371 563 559 571 185 369 280 385 340
20
334 447 206 332 152 473 159 526 367 121 445 418 295 449 100 208 520 188 101 379
20
424 147 187 423 596 419 370 272 195 162 366 105 249 119 523 343 454 546 228 472
20
294 206 340 384 126 336 315 217 551 506 388 319 273 490 523 596 479 200 432 547
20
388 561 405 313 483 464 226 306 372 100 530 438 243 269 420 599 332 371 162 580
20
204 209 100 392 399 526 441 594 226 556 169 189 217 324 528 258 382 293 381 438
20
503 185 303 331 393 375 507 557 496 334 157 403 400 441 324 114 170 189 522 171
20
204 461 549 337 117 126 400 534 127 417 323 429 218 113 283 133 599 151 202 166
20
312 591 354 503 224 307 118 439 207 435 258 113 377 227 405 271 412 197 171 547
20
390 121 482 575 100 254 287 166 503 550 555 162 174 210 330 240 186 544 299 600
20
106 600 492 312 167 401 139 102 157 497 543 299 473 524 308 299 179 131 339 547
20
335 155 516 155 573 350 491 204 231 316 123 555 318 179 506 402 270 461 366 435
20
554 325 472 268 197 121 220 570 457 563 438 570 147 371 183 235 341 504 124 576
20
258 262 380 531 197 253 477 504 370 404 443 416 119 492 301 125 455 108 458 361
20
383 144 474 142 467 254 328 148 101 386 582 443 359 121 152 436 576 529 276 341
20
458 452 327 385 180 450 583 129 198 196 201 412 249 595 534 529 503 572 450 231
20
295 402 585 265 371 291 109 120 531 180 121 138 176 588 577 527 466 309 426 108
20
345 332 343 453 349 266 348 339 169 278 512 432 465 430 267 229 532 320 415 518
20
189 597 536 444 327 336 457 381 368 161 250 515 435 219 297 119 505 441 125 157
20
440 439 157 239 539 302 411 438 137 394 516 285 359 128 236 589 460 390 146 581
20
326 194 352 386 163 232 245 105 517 192 413 552 325 519 573 114 511 362 584 326
20
214 157 262 118 574 591 475 264 193 412 452 395 183 569 564 438 544 554 453 409
20
420 363 555 599 121 353 420 103 501 254 306 386 305 118 334 543 108 217 408 230
20
520 377 305 172 367 276 423 280 394 571 239 479 330 230 204 278 413 287 390 353
20
316 485 443 248 547 453 230 494 518 496 498 130 214 223 237 557 315 328 519 332
20
291 306 495 441 102 451 323 125 550 228 311 282 558 332 564 191 115 297 493 468
20
302 437 175 231 315 438 431 118 486 129 566 162 406 218 262 436 464 443 265 337
20
584 230 230 374 174 161 200 109 135 174 324 390 260 404 567 128 476 305 363 584
20
595 292 364 386 331 392 115 520 451 330 269 465 401 309 400 212 220 549 411 144
20
456 233 158 443 283 518 489 378 242 327 452 217 257 110 261 127 337 487 345 525
20
317 511 376 349 208 372 156 492 251 105 260 226 158 409 569 444 449 430 408 261
20
553 299 590 366 547 358 441 166 213 290 592 293 259 379 289 469 145 192 561 532
20
350 406 378 383 440 523 258 369 350 330 245 498 381 460 303 600 249 134 365 417
20
200 513 259 401 409 341 514 167 247 385 344 284 464 563 207 415 594 175 192 224
20
217 573 164 478 355 195 133 277 292 407 488 540 121 443 368 592 344 212 228 202
20
310 546 311 222 386 113 182 253 488 406 355 428 373 439 384 159 261 572 330 108
20
289 310 426 427 132 177 515 304 207 459 380 190 326 214 265 278 332 567 108 270
20
581 243 267 152 376 327 355 318 339 588 572 262 369 461 559 215 494 538 545 120
20
405 402 226 385 421 355 357 275 480 362 393 164 549 307 456 346 278 246 248 384
20
421 505 373 557 198 276 549 475 303 454 128 159 497 359 567 391 577 353 529 166
20
442 492 478 386 260 389 571 172 463 545 505 177 202 161 276 474 302 227 560 586
20
564 405 585 494 174 413 396 543 376 480 314 411 304 215 235 200 520 336 104 427
20
318 410 549 144 414 475 487 199 342 169 278 316 304 107 438 574 432 370 385 367
20
283 525 140 492 412 191 148 427 207 586 219 246 581 106 404 589 126 162 570 489
20
387 250 467 267 102 405 496 464 429 143 491 106 330 301 212 597 266 288 452 526
20
315 442 237 298 483 478 121 524 123 160 186 195 233 190 444 274 567 390 368 480
20
560 379 489 108 243 367 276 285 357 405 528 422 446 208 509 368 485 482 488 403
20
581 299 598 598 416 376 408 497 542 494 157 181 525 337 584 549 446 103 558 102
20
457 425 134 422 419 552 410 167 276 325 561 288 501 303 161 198 474 119 518 443
20
176 175 149 479 287 487 325 114 129 141 351 148 215 392 345 270 356 226 474 235
20
472 113 225 581 264 261 496 494 157 514 334 468 461 185 387 268 397 341 576 311
20
577 274 117 275 420 102 436 307 279 571 443 167 115 372 497 455 488 445 234 326
20
220 221 132 164 302 570 382 221 401 580 307 155 222 557 309 273 543 144 546 512
20
399 169 498 467 350 129 285 158 290 237 364 363 349 166 210 407 496 526 488 211
20
579 166 305 387 132 181 231 490 502 509 441 317 568 309 432 332 370 586 148 454
20
247 302 341 426 347 339 578 483 537 229 483 217 290 358 126 334 270 442 139 584
20
384 131 376 286 569 577 409 118 341 439 566 543 163 456 472 113 120 592 278 279
20
217 169 220 199 255 304 475 394 518 599 361 335 369 240 413 480 267 472 308 119
20
369 415 176 497 482 324 212 344 496 324 115 561 188 314 287 589 581 535 493 207
20
392 447 355 136 374 213 335 389 600 531 336 147 186 182 502 141 264 599 500 109
20
231 101 543 271 198 220 535 176 321 374 467 317 328 597 560 549 282 473 208 150
20
179 510 387 538 580 167 438 460 190 283 301 190 441 228 364 324 571 530 277 246
20
503 386 270 378 495 124 295 337 410 180 299 274 144 256 453 162 424 326 406 315
20
252 496 165 239 385 526 520 412 193 112 306 521 170 260 149 167 384 366 258 128
20
252 546 317 156 384 421 459 161 375 518 208 411 575 470 448 451 157 177 517 387
20
119 556 208 283 367 140 331 506 339 378 431 345 233 381 576 146 447 377 233 284
20
239 513 339 223 388 121 210 257 232 193 238 308 534 296 245 519 499 419 517 247
20
243 463 154 206 167 372 376 175 329 129 572 498 469 497 181 428 455 543 237 438
20
115 439 420 568 544 182 407 482 447 215 591 392 383 190 545 580 472 599 199 334
20
499 179 116 445 240 151 153 436 160 298 199 497 114 480 315 249 352 336 541 265
20
473 309 546 471 243 142 213 249 539 177 367 577 525 592 312 188 493 591 559 458
20
521 534 520 215 500 539 314 558 444 554 125 534 328 436 558 358 278 164 514 257
20
348 443 362 224 121 589 545 106 408 226 143 402 573 253 171 368 577 235 254 468
20
399 285 579 102 423 232 456 560 321 400 492 243 281 254 426 513 598 413 453 600
20
212 344 405 576 204 497 324 460 291 488 501 407 562 147 170 463 419 492 330 486
20
335 162 430 545 589 319 573 245 490 154 551 142 408 496 493 465 332 504 462 179
20
314 221 477 344 446 530 295 498 596 222 471 312 380 496 426 524 582 357 297 171
20
491 167 454 454 205 523 551 367 535 448 294 389 231 378 325 215 336 465 233 232
20
525 120 107 204 397 461 502 380 453 549 103 569 394 369 229 594 309 500 111 244
20
276 487 362 111 588 516 281 511 561 334 112 521 249 420 484 431 319 131 579 458
20
229 258 599 171 582 130 180 326 263 335 545 474 290 538 563 346 193 115 541 475
20
297 181 507 490 492 208 523 536 191 527 573 325 496 395 159 277 535 401 284 429
20
189 291 477 307 176 391 155 112 179 472 476 513 153 359 138 341 271 552 592 115
20
469 395 229 254 273 320 225 563 437 173 307 147 385 499 424 345 207 138 547 536
20
412 440 490 125 374 553 124 301 266 332 141 487 417 309 428 413 557 296 307 474
20
164 446 388 257 451 276 483 166 563 323 254 383 407 356 123 216 252 412 417 406
20
415 327 115 376 260 444 308 216 525 189 208 521 571 566 341 120 289 533 304 163
20
418 336 270 422 448 400 552 589 252 269 419 357 111 276 378 207 128 140 489 489
20
432 398 145 523 293 400 415 370 567 193 277 249 184 319 419 485 600 268 500 496
20
587 233 108 398 236 203 143 148 472 586 116 372 101 214 232 323 127 526 564 132
20
587 167 281 335 583 280 297 490 328 486 210 381 164 100 536 383 459 330 198 578
20
580 432 278 494 211 484 467 592 151 160 286 530 398 593 420 475 238 392 276 497
20
299 270 370 504 283 519 481 518 552 247 180 567 439 592 163 275 101 444 331 391
20
325 101 538 131 312 200 450 276 393 220 259 313 597 431 434 477 285 209 576 413
