150
20
594 393 371 529 412 274 151 372 495 246 297 122 354 480 454 520 316 200 462 459
20
274 438 375 542 216 148 498 299 293 140 219 136 484 502 474 350 436 291 182 119
20
443 561 132 460 409 194 549 125 276 263 112 424 509 553 305 169 323 576 123 472
20
537 156 573 431 293 282 526 138 324 175 596 410 571 139 432 388 222 407 470 428
20
292 294 113 313 247 265 117 540 517 576 130 182 160 282 274 108 476 253 324 429
20
433 381 241 213 413 254 156 124 255 118 344 381 307 556 176 596 346 231 501 154
20
475 136 123 475 369 426 420 544 541 190 232 165 341 340 585 378 163 168 397 259
20
250 556 161 136 450 474 575 552 243 500 594 218 520 180 281 220 235 584 177 444
20
379 335 399 564 329 269 575 104 434 415 114 468 599 292 505 259 219 568 574 166
20
224 366 580 288 309 240 264 243 124 213 491 493 449 516 512 101 333 317 250 262
20
315 209 374 279 336 579 473 532 357 212 195 233 489 219 566 109 158 385 591 381
20
268 114 427 426 591 162 285 197 400 264 570 241 510 583 241 109 110 117 283 275
20
161 505 339 327 333 467 124 278 252 264 578 449 390 133 203 357 170 339 152 495
20
252 205 459 371 539 211 356 425 576 292 427 489 513 266 313 540 184 125 191 213
20
315 365 190 460 482 127 139 136 441 367 171 411 284 363 585 464 531 331 520 478
20
597 361 333 247 122 365 558 554 434 450 316 245 508 159 285 305 400 376 240 142
20
517 321 240 372 125 241 263 446 105 375 252 569 280 156 258 423 157 464 525 320
20
120 317 577 406 427 102 579 219 339 155 450 139 389 536 380 173 326 177 258 326
20
429 133 554 406 274 241 391 111 213 584 106 504 536 123 338 361 588 104 586 304
20
523 423 507 136 481 498 260 326 266 544 259 554 274 320 528 514 511 588 498 429
20
584 489 200 254 225 248 390 270 554 288 178 204 478 567 487 318 597 516 544 193
20
345 342 113 174 220 339 166 528 419 446 473 182 271 121 132 561 354 294 253 354
20
120 260 558 167 118 591 151 310 277 273 289 114 197 587 395 557 365 187 204 454
20
473 502 294 546 391 150 191 361 579 107 154 421 364 446 496 112 577 306 524 338
20
207 537 308 578 276 495 429 141 253 548 367 255 462 338 572 416 501 464 102 187
20
100 448 438 258 431 576 223 382 283 188 578 468 478 284 190 314 547 381 246 518
20
467 482 474 506 582 109 215 438 384 369 443 270 123 475 235 363 368 161 200 176
20
439 390 189 260 323 441 429 190 113 306 468 216 151 490 430 289 383 585 297 107
20
107 302 152 295 297 147 544 261 586 441 363 505 244 337 496 484 453 575 532 586
20
342 211 400 203 148 441 120 435 316 508 159 288 281 113 532 543 536 386 282 270
20
355 593 348 167 483 183 200 393 425 144 151 566 150 194 536 557 471 159 556 174
20
110 186 156 142 471 400 431 326 418 414 569 134 253 425 436 134 475 433 165 403
20
456 347 411 375 301 128 219 111 293 281 391 299 228 148 408 384 404 493 202 180
20
358 287 276 468 342 218 356 594 313 472 272 378 555 257 328 479 195 383 157 600
20
553 458 133 496 544 279 271 127 149 300 153 148 487 429 340 239 347 307 296 394
20
571 137 473 375 518 295 326 224 339 259 493 155 584 387 304 502 260 218 417 562
20
153 201 572 492 178 278 352 416 151 452 397 386 532 545 315 410 591 381 278 275
20
214 114 596 436 191 574 303 245 528 414 457 297 229 511 344 151 213 303 472 449
20
416 540 193 153 382 358 374 545 219 310 497 353 365 187 466 438 280 468 490 370
20
204 173 558 117 392 533 581 507 263 310 598 564 518 583 446 104 242 129 376 109
20
365 537 237 459 421 587 420 147 470 389 180 555 363 507 403 289 301 595 406 213
20
528 521 295 488 553 527 164 291 535 475 363 144 470 451 141 198 177 380 366 355
20
154 249 326 241 315 484 318 497 474 516 571 531 439 376 409 384 538 284 281 447
20
301 317 366 351 242 497 296 348 247 561 467 477 552 510 534 291 229 345 548 204
20
193 237 566 600 528 258 493 215 178 187 396 486 164 335 286 210 459 444 146 173
20
476 184 385 392 389 138 361 179 183 580 403 311 170 275 518 597 433 191 202 367
20
576 458 550 253 279 572 571 302 549 189 323 410 182 562 541 395 119 418 503 326
20
480 354 351 462 352 401 405 226 107 277 114 316 265 455 350 479 257 450 450 155
20
527 347 538 124 592 396 225 600 106 234 597 591 214 431 566 380 519 497 415 300
20
577 344 203 552 251 342 122 279 284 484 328 416 400 157 260 193 258 395 107 126
20
186 378 323 474 579 280 237 489 421 167 221 214 429 284 471 264 528 394 420 445
20
509 425 272 387 365 569 348 334 142 375 283 325 449 459 153 445 108 547 362 412
20
239 500 540 248 536 273 170 337 543 212 421 432 313 347 127 464 461 158 213 592
20
469 174 480 128 438 536 274 480 208 197 158 307 544 453 377 294 512 114 587 234
20
370 185 429 240 410 218 480 445 111 140 194 287 211 251 243 549 361 220 346 208
20
215 198 444 213 478 143 563 308 220 300 598 558 269 439 374 157 419 225 284 296
20
401 477 548 294 445 513 175 487 141 369 559 228 156 590 524 587 429 580 123 129
20
187 204 392 110 224 241 494 406 545 391 490 491 565 442 266 375 173 494 331 139
20
310 488 282 225 404 442 519 226 466 496 110 552 165 110 242 510 582 231 531 533
20
372 123 154 247 166 543 446 185 369 253 229 494 520 385 363 486 314 440 281 311
20
182 138 347 148 438 223 486 544 290 547 102 308 342 371 346 133 185 397 408 121
20
580 499 509 436 428 366 517 364 126 339 240 578 218 596 289 439 120 418 455 452
20
573 460 265 245 474 514 175 435 197 237 541 515 360 435 499 455 140 567 313 575
20
452 531 253 578 457 589 346 129 144 434 318 455 249 269 360 193 269 198 334 348
20
225 577 125 512 551 166 178 209 505 253 273 106 244 520 175 239 545 327 267 568
20
476 276 546 242 125 439 535 546 545 536 216 145 514 353 575 472 504 295 187 557
20
345 241 359 286 555 396 438 414 130 191 591 232 140 209 360 225 131 108 423 494
20
546 182 521 402 301 271 209 245 308 198 168 190 342 228 581 132 328 303 368 333
20
448 223 365 123 169 498 371 244 412 116 520 583 459 373 268 451 296 474 283 240
20
209 592 524 480 219 487 387 537 159 527 119 232 439 597 201 525 282 262 464 541
20
456 173 534 484 377 254 261 436 261 316 310 560 345 191 571 589 379 343 584 340
20
235 185 245 138 471 283 251 377 484 236 339 477 244 524 457 572 418 423 569 101
20
109 345 547 222 283 521 243 456 274 258 482 250 233 508 379 382 215 314 545 128
20
362 554 520 261 248 483 334 455 125 374 113 251 214 581 517 239 344 132 149 455
20
526 244 516 483 140 225 414 106 165 256 108 334 259 502 119 272 167 538 368 457
20
343 471 456 122 557 191 233 277 259 109 406 511 146 369 511 445 356 171 406 531
20
448 146 293 217 366 531 395 494 483 597 260 578 533 599 410 497 532 145 419 257
20
469 427 486 312 170 450 526 313 242 273 480 178 340 407 153 306 330 279 175 396
20
116 535 185 159 132 473 510 317 378 551 371 450 510 550 589 256 360 409 194 234
20
530 186 213 272 193 183 164 104 504 300 553 203 104 503 289 520 198 339 547 346
20
123 538 436 269 255 534 166 179 582 276 145 176 188 241 554 147 268 364 537 129
20
312 347 389 543 476 338 558 453 366 598 496 425 448 247 139 573 475 582 329 595
20
257 553 524 539 472 460 119 168 546 596 337 130 220 305 174 130 382 356 231 172
20
557 234 115 409 349 439 403 392 364 307 507 291 330 585 268 163 348 501 415 567
20
386 298 348 315 418 388 331 460 354 561 152 434 144 529 107 367 110 400 299 162
20
375 374 582 101 523 567 358 145 543 214 143 518 512 138 289 541 456 309 271 321
20
134 384 331 463 261 506 500 137 284 152 329 345 432 143 424 512 522 506 209 104
20
237 436 132 499 173 509 302 538 463 463 531 429 265 357 596 391 403 546 571 213
20
153 365 134 262 267 385 131 270 478 416 581 509 288 471 568 156 106 207 402 586
20
140 166 346 320 566 593 511 268 308 184 455 296 223 337 433 255 477 288 152 344
20
186 160 160 251 213 335 293 172 437 292 302 442 109 199 600 536 203 491 305 548
20
470 147 289 301 179 326 117 430 419 268 556 349 429 245 191 284 200 355 578 105
20
459 149 159 313 568 152 333 157 365 337 222 206 599 243 458 253 523 554 349 100
20
555 131 366 269 232 113 282 139 524 389 201 245 191 328 548 297 471 132 221 365
20
269 593 597 180 408 331 320 344 546 257 267 353 100 252 579 489 169 585 402 358
20
405 516 445 129 453 432 228 356 124 241 336 547 498 257 390 288 498 157 199 114
20
275 352 415 353 286 535 227 184 130 205 160 291 538 259 581 564 165 386 369 303
20
367 300 534 554 579 344 374 308 242 172 589 364 441 485 421 400 122 494 482 397
20
137 434 298 222 245 346 111 227 348 518 204 406 551 272 588 161 559 146 558 465
20
499 226 572 185 181 447 348 343 211 178 554 333 185 549 387 493 243 328 258 108
20
367 529 197 284 253 312 221 183 429 378 103 431 414 550 585 176 296 164 595 496
20
403 456 262 256 307 342 501 298 199 153 457 382 225 191 137 127 232 314 377 411
20
460 176 463 163 457 489 158 297 562 220 139 305 333 220 150 259 201 553 390 191
20
421 147 441 347 574 562 180 461 274 383 543 384 336 317 193 469 518 530 574 388
20
333 207 197 514 116 461 100 507 219 578 139 163 102 282 391 314 509 383 269 194
20
382 206 528 120 223 411 533 382 599 262 228 481 504 568 397 491 410 264 258 254
20
457 550 465 444 159 463 113 593 294 487 320 196 326 436 403 532 228 232 448 501
20
499 211 496 191 254 335 316 464 584 589 182 561 311 471 446 107 284 541 452 116
20
447 388 227 256 145 211 546 414 486 448 468 377 445 337 125 151 350 580 189 232
20
400 353 338 505 308 316 355 221 546 593 385 597 450 315 224 500 372 282 210 343
20
515 319 322 536 256 420 492 372 140 513 589 562 311 531 280 281 153 595 353 329
20
352 581 113 224 593 166 124 198 328 432 316 318 578 255 508 217 498 214 377 408
20
474 478 188 456 367 146 495 296 573 221 422 285 419 464 291 217 425 273 577 387
20
466 382 265 113 404 289 195 494 113 418 561 418 150 118 305 514 260 533 417 398
20
338 466 462 100 300 239 267 434 333 598 244 546 217 504 347 578 384 576 376 194
20
419 325 456 191 554 497 334 376 234 521 400 402 108 241 284 136 570 396 406 426
20
588 161 257 270 263 479 139 116 113 413 333 142 591 191 262 422 173 251 478 113
20
221 347 199 461 451 483 360 354 473 384 199 114 537 544 349 276 402 477 399 339
20
563 599 171 183 152 413 276 245 393 287 479 438 139 356 304 349 558 176 189 350
20
594 125 183 409 425 185 172 348 129 270 368 394 492 275 554 517 496 130 311 189
20
271 116 479 238 420 572 579 425 506 163 487 291 379 135 553 403 534 444 194 579
20
131 472 370 138 208 459 561 226 492 168 431 375 464 596 511 591 546 386 595 318
20
491 372 334 518 274 296 362 206 514 434 394 588 424 429 544 595 560 392 438 597
20
127 531 168 598 351 530 215 414 396 125 586 376 449 497 354 365 274 154 217 398
20
203 232 354 477 302 202 215 413 455 173 357 441 316 231 281 230 469 584 377 102
20
585 545 224 573 543 542 496 427 544 231 124 510 271 271 375 430 348 471 525 549
20
501 109 478 155 368 506 552 354 468 411 247 547 369 325 592 111 550 245 281 237
20
129 579 503 105 408 584 280 316 283 267 166 249 152 448 455 211 416 473 335 397
20
567 589 552 239 471 422 392 536 303 423 476 262 323 522 216 169 428 129 563 472
20
348 257 311 190 130 181 302 398 226 147 582 508 540 527 367 439 118 490 265 111
20
573 394 359 451 320 270 266 443 208 290 290 305 442 389 196 357 108 363 208 242
20
440 105 352 541 210 270 563 163 558 239 104 263 229 388 462 256 324 539 134 334
20
462 423 143 154 335 152 392 590 148 176 462 287 289 323 429 294 463 582 464 247
20
233 302 492 271 419 519 582 303 538 389 180 237 103 196 458 458 485 497 450 463
20
342 320 467 264 284 472 323 184 378 509 278 328 412 169 288 106 432 502 379 433
20
412 188 591 575 576 122 187 536 437 576 456 331 513 385 430 235 430 524 446 491
20
536 290 256 449 398 173 223 467 510 428 105 468 475 292 495 478 432 392 209 136
20
585 425 435 162 481 457 332 356 507 543 434 173 488 457 348 117 249 355 267 334
20
419 321 327 108 216 480 151 539 108 333 277 505 362 418 521 162 230 262 436 546
20
508 494 591 332 303 287 541 539 340 536 262 578 348 173 158 459 590 520 508 526
20
389 377 237 224 486 192 554 352 204 221 385 291 293 418 384 167 564 212 412 374
20
269 294 161 160 354 366 113 260 197 481 380 235 237 317 233 326 365 579 270 173
20
103 528 574 236 193 491 441 455 225 476 582 119 440 390 466 450 443 502 152 292
20
238 410 279 386 343 345 388 364 537 477 455 441 278 600 170 342 111 505 385 102
20
339 357 109 406 405 584 369 383 535 368 459 215 363 362 274 561 162 500 491 540
20
195 175 266 197 105 445 443 276 321 220 500 398 384 532 437 281 408 495 471 264
20
288 202 187 552 470 593 477 588 332 103 213 406 506 143 100 258 322 128 289 124
20
175 450 382 249 359 500 454 347 127 455 290 582 101 333 396 162 342 428 369 520
20
257 219 283 366 232 290 388 346 355 303 173 525 255 385 395 188 367 376 326 393
20
327 312 298 408 379 490 304 297 169 471 446 289 310 393 562 322 420 220 319 112
