150
20
173 311 586 386 457 310 244 189 402 206 428 114 598 114 282 240 179 504 586 591
20
421 175 358 253 555 513 299 261 596 139 359 494 147 265 258 373 498 523 467 172
20
449 591 120 148 257 516 470 169 156 574 287 259 223 267 123 524 583 182 297 540
20
304 182 228 590 488 203 132 245 592 479 301 577 535 154 405 312 349 234 303 233
20
275 443 265 140 546 401 375 487 385 291 202 341 221 598 254 320 459 178 345 470
20
226 327 232 176 167 227 313 450 301 411 257 536 432 458 514 165 343 511 172 234
20
442 405 343 136 303 456 271 484 238 210 171 301 121 516 202 540 471 423 482 561
20
417 529 149 123 285 136 312 245 191 154 330 164 327 295 252 260 265 595 402 500
20
261 433 536 316 563 366 516 329 465 479 225 319 340 326 121 296 178 167 381 380
20
496 235 458 239 267 228 396 190 229 487 385 388 405 231 394 450 249 145 437 555
20
148 235 388 404 390 324 349 525 320 328 409 370 114 514 102 212 457 142 272 598
20
196 156 446 227 574 448 253 300 551 233 205 117 296 186 194 436 156 581 590 348
20
213 385 145 125 217 179 478 132 173 191 219 537 162 345 216 108 559 456 397 541
20
364 265 167 280 286 593 414 104 336 209 482 125 179 123 130 390 326 320 430 339
20
576 566 302 423 292 340 264 549 181 278 124 341 345 240 184 152 535 250 311 270
20
544 492 423 415 260 101 260 542 501 331 575 354 474 464 495 515 547 180 133 221
20
111 589 544 326 585 448 340 388 374 118 509 222 385 422 307 444 170 140 587 317
20
410 102 224 151 409 547 511 479 179 287 101 102 177 318 299 139 219 198 112 317
20
240 486 109 225 392 481 312 468 145 237 486 509 505 409 264 273 510 545 289 438
20
379 285 225 501 511 440 304 335 581 226 292 556 341 586 203 579 554 389 478 109
20
209 128 235 239 583 273 284 241 570 529 142 484 519 268 282 188 441 123 419 327
20
222 586 411 295 563 349 459 307 204 433 295 594 241 535 386 589 498 467 575 151
20
223 100 370 480 120 149 423 422 264 520 597 518 257 473 575 104 228 285 384 420
20
531 251 410 225 295 528 319 109 243 374 306 599 458 165 224 330 357 194 304 459
20
421 235 137 380 141 319 292 378 465 267 305 569 462 267 593 121 408 500 475 182
20
555 204 108 458 171 496 339 483 524 217 385 598 553 499 584 435 367 532 151 587
20
275 282 263 384 501 295 132 302 119 351 419 537 232 239 576 547 574 524 384 165
20
384 486 335 161 511 402 581 204 479 355 500 187 272 158 174 357 127 505 511 440
20
338 236 581 597 256 446 111 255 195 576 196 531 416 289 469 159 373 364 544 353
20
303 468 449 491 391 326 120 250 574 535 208 535 325 359 379 313 107 578 590 365
20
221 314 352 368 192 538 348 573 556 576 359 325 145 454 333 359 162 447 481 286
20
322 264 529 493 534 391 315 234 478 229 510 197 421 380 192 285 190 527 361 214
20
398 359 235 528 302 430 506 441 509 575 267 409 564 504 553 151 540 487 378 556
20
494 389 555 455 222 483 518 158 349 162 492 133 464 456 505 127 504 502 504 466
20
235 532 474 463 152 373 310 507 471 552 223 301 276 284 247 317 292 360 294 219
20
336 133 190 326 253 217 157 412 270 213 164 490 277 406 478 500 358 123 462 127
20
126 293 587 137 549 126 504 148 365 407 527 539 512 520 337 227 426 522 493 567
20
282 364 436 368 102 132 419 222 386 272 599 463 217 469 586 539 294 346 586 302
20
170 251 111 140 150 521 559 360 344 424 499 522 600 285 578 397 162 455 448 310
20
217 591 289 198 368 297 567 353 532 448 235 303 426 421 151 139 587 111 415 395
20
103 230 240 446 408 561 170 582 161 329 528 565 541 169 580 343 580 370 141 376
20
330 276 255 156 106 469 469 357 456 402 424 287 393 450 247 316 100 309 574 334
20
523 513 433 109 359 438 584 377 364 399 462 311 586 272 224 315 183 431 302 262
20
346 564 275 110 136 529 225 579 568 208 478 412 175 427 388 215 161 517 272 260
20
401 456 301 456 422 559 505 328 122 403 316 431 221 489 581 150 441 118 419 585
20
417 204 389 314 158 445 385 257 341 374 205 570 271 249 236 569 303 103 438 220
20
169 434 299 541 105 356 219 265 145 393 549 442 211 498 442 564 101 202 248 244
20
419 134 373 418 196 335 284 295 533 176 102 576 187 435 493 451 416 590 218 337
20
495 323 193 367 292 180 180 103 524 483 429 280 567 192 533 437 198 216 174 432
20
200 285 554 482 438 576 444 568 160 511 181 299 275 380 524 532 149 274 236 315
20
467 542 249 345 110 544 316 245 235 355 469 171 597 179 167 516 393 183 596 339
20
560 582 491 401 168 440 352 272 463 474 251 153 178 340 263 491 367 149 366 177
20
533 177 455 215 501 190 309 448 333 202 471 219 252 313 445 279 182 272 378 220
20
396 412 229 505 334 587 479 282 127 246 321 253 323 420 493 507 543 265 115 508
20
583 332 468 520 400 136 393 290 587 105 222 245 498 154 491 499 546 146 590 570
20
578 492 153 376 296 535 224 153 264 400 304 355 115 307 464 361 465 317 336 459
20
558 261 408 540 244 115 513 443 575 121 177 175 493 280 458 495 333 303 358 300
20
225 568 179 185 367 525 264 208 439 420 170 495 525 282 131 456 404 311 474 390
20
512 477 133 194 352 119 392 197 382 201 439 125 479 313 392 236 381 503 494 561
20
405 541 297 565 275 411 558 219 232 474 262 552 302 364 141 197 350 132 467 504
20
314 239 334 482 137 399 133 241 169 188 179 185 577 315 512 321 554 242 203 115
20
220 219 555 249 303 119 596 305 241 209 382 172 488 445 237 426 265 114 367 164
20
168 580 192 457 593 531 565 349 434 597 474 321 455 491 241 470 510 126 133 180
20
156 176 198 294 273 152 118 236 133 296 130 150 304 168 584 139 128 100 359 392
20
487 140 501 589 252 507 562 322 454 430 134 308 338 317 281 302 397 131 102 189
20
536 453 295 580 437 420 158 486 149 106 262 260 233 123 539 318 160 483 465 576
20
242 389 206 180 274 104 516 129 489 144 436 474 398 505 529 491 373 280 292 446
20
592 320 518 248 435 532 518 109 481 209 451 594 463 346 573 599 441 260 297 223
20
253 531 523 328 483 226 552 580 116 249 132 571 397 548 312 415 546 249 251 547
20
231 237 562 125 583 158 252 113 564 519 382 487 362 436 596 171 261 454 118 371
20
327 295 247 490 402 465 475 423 298 286 309 266 457 600 307 329 333 289 458 563
20
297 391 429 487 448 363 507 204 506 492 264 265 425 570 467 574 337 252 473 342
20
367 110 409 537 484 119 566 284 353 241 472 580 130 484 592 390 481 279 401 208
20
499 342 205 580 281 227 186 169 279 239 236 513 157 600 216 386 542 147 539 124
20
520 370 164 260 588 527 373 113 375 330 345 457 483 103 254 346 317 148 571 344
20
368 251 454 395 357 442 277 229 408 522 487 134 297 190 477 221 470 239 450 142
20
256 484 152 281 532 518 130 501 560 162 133 219 539 204 417 279 216 426 277 126
20
495 119 509 325 289 229 321 504 157 202 497 512 155 459 260 522 585 526 381 406
20
212 578 236 260 399 527 217 333 295 178 392 442 408 301 226 572 462 172 281 553
20
444 184 300 183 326 454 571 383 445 394 287 407 327 396 415 230 207 450 198 312
20
365 204 413 526 491 141 270 437 212 527 242 100 400 220 377 325 494 527 188 522
20
564 404 132 102 479 503 362 522 142 591 561 470 232 561 100 594 511 365 129 183
20
310 362 366 429 595 562 295 539 328 400 106 435 227 304 226 499 304 469 312 540
20
257 309 277 491 305 600 469 411 586 337 540 213 470 102 110 239 407 260 524 368
20
129 264 493 583 407 108 479 400 597 502 552 549 479 327 426 586 490 283 233 339
20
576 316 335 322 510 517 436 126 499 206 529 533 206 293 276 142 261 572 119 316
20
119 156 365 488 595 350 123 382 238 147 385 463 112 493 343 492 499 411 245 533
20
129 134 191 249 179 152 199 557 366 422 326 573 139 273 257 232 497 177 404 359
20
346 211 173 328 372 324 423 520 223 273 345 572 519 387 191 587 536 459 504 305
20
179 404 257 534 486 134 493 555 181 513 582 332 178 178 177 203 454 196 263 454
20
558 212 155 101 154 478 574 442 533 562 412 388 371 203 113 500 522 105 519 480
20
560 489 301 378 319 430 514 541 258 199 511 585 308 529 320 187 206 325 413 351
20
291 162 431 454 104 394 438 409 430 103 477 186 118 577 289 591 257 429 380 424
20
368 502 359 445 169 550 444 130 172 543 440 259 415 565 256 403 373 182 133 421
20
205 442 396 231 271 361 579 485 514 422 332 155 269 520 108 312 315 549 183 372
20
201 285 185 567 351 288 185 470 108 223 454 141 186 249 182 353 167 541 450 230
20
320 582 377 486 570 302 142 300 535 366 584 161 536 396 276 455 141 445 440 296
20
127 549 435 541 480 600 326 418 343 129 235 480 529 549 484 430 299 112 437 450
20
389 580 129 281 515 441 420 265 214 387 216 333 112 449 583 108 247 541 270 328
20
575 345 585 337 562 450 444 210 461 324 273 549 430 328 117 154 300 217 586 411
20
149 231 243 273 400 324 285 375 124 378 119 386 497 372 160 113 372 179 537 516
20
290 292 565 334 266 308 496 361 527 252 586 152 121 505 295 307 395 492 519 551
20
146 119 465 561 188 561 493 509 335 149 188 182 354 444 441 237 475 164 482 137
20
468 518 516 456 228 328 395 251 144 583 577 208 344 169 222 569 339 231 377 533
20
138 569 507 590 441 294 220 515 142 498 137 131 114 236 593 460 262 248 503 354
20
415 531 397 351 456 301 513 461 573 544 282 475 255 293 483 166 285 467 305 523
20
124 375 339 544 306 488 321 211 447 261 372 597 376 234 287 343 321 562 142 376
20
340 403 460 416 169 470 416 150 149 536 382 405 579 279 423 451 515 502 478 179
20
140 216 160 591 188 429 432 558 172 536 190 222 292 126 542 480 287 554 368 340
20
420 572 322 223 423 496 259 524 275 301 248 458 483 401 265 415 470 124 226 174
20
504 594 566 301 574 531 299 184 576 478 241 247 177 414 100 215 594 171 277 279
20
473 346 526 545 498 581 305 541 191 373 385 132 461 198 583 138 512 505 433 242
20
410 327 132 563 136 243 533 353 280 558 572 400 477 435 391 489 433 456 101 499
20
427 318 226 333 241 521 234 155 305 234 293 151 544 194 271 421 375 479 350 242
20
367 492 166 248 529 217 370 329 328 203 126 260 201 247 525 324 482 586 248 301
20
102 302 488 415 531 448 597 520 229 365 555 421 480 432 477 156 185 290 487 423
20
545 543 545 345 485 469 226 211 307 504 227 278 280 228 269 195 489 396 174 392
20
482 140 399 494 207 178 447 122 122 427 138 575 578 259 598 490 102 284 524 299
20
205 491 390 502 544 532 417 333 550 150 461 240 564 238 588 556 500 541 495 307
20
102 254 473 170 582 361 527 148 511 242 556 247 242 542 564 445 391 254 117 201
20
155 307 115 589 150 346 274 318 413 223 542 473 328 488 475 361 135 405 491 385
20
145 458 364 472 308 237 370 376 569 195 304 391 128 187 213 233 265 464 140 513
20
511 515 462 155 130 263 310 567 100 520 599 264 572 575 328 280 204 151 597 514
20
144 479 599 200 382 116 215 522 180 176 220 340 366 414 127 235 321 520 340 583
20
531 450 212 398 328 421 448 583 100 168 487 274 451 466 105 234 175 454 246 215
20
220 138 428 155 408 321 284 457 236 201 177 185 559 595 110 106 339 385 108 100
20
545 197 207 489 335 190 469 321 191 348 531 393 521 364 371 332 334 324 565 553
20
340 265 102 420 508 132 598 514 482 159 401 273 325 161 390 545 417 134 120 586
20
292 208 472 350 433 567 489 258 457 566 494 150 279 271 158 392 329 541 272 149
20
237 325 492 226 148 236 297 579 320 311 369 133 377 447 320 220 538 171 234 589
20
249 311 262 250 590 398 414 285 193 268 149 145 190 262 283 592 426 372 452 227
20
490 160 235 522 264 323 433 306 325 553 125 338 531 579 465 513 344 525 391 381
20
595 504 481 489 321 178 384 402 200 272 250 464 592 293 396 513 114 470 563 121
20
319 514 272 259 130 532 188 130 154 372 471 256 278 580 418 368 529 597 555 495
20
135 219 213 351 284 283 328 452 224 145 521 170 225 598 363 376 496 460 262 169
20
257 524 444 299 554 168 523 225 101 415 401 544 402 513 420 194 299 411 158 368
20
389 290 522 130 486 440 117 236 591 399 120 313 513 146 428 235 328 569 495 507
20
246 330 334 121 406 195 430 275 505 347 305 454 302 264 417 317 399 114 303 587
20
567 528 392 398 250 363 343 121 163 269 409 231 317 162 589 416 592 110 256 254
20
521 398 160 221 119 375 584 281 101 295 179 536 402 567 454 391 217 186 496 514
20
292 404 491 341 110 374 325 131 252 116 589 471 103 562 199 472 254 260 474 444
20
211 429 167 286 492 107 526 436 595 547 510 346 470 476 340 364 353 419 229 221
20
119 109 120 579 346 436 513 520 277 501 442 194 161 325 108 424 260 214 530 105
20
175 255 282 261 203 250 267 411 118 584 288 138 306 110 469 161 300 182 236 436
20
397 228 101 383 470 574 582 331 106 469 421 457 193 327 490 267 164 582 576 502
20
553 441 231 169 138 103 260 282 558 583 586 494 548 311 572 316 321 515 458 338
20
201 121 164 495 330 133 280 482 310 282 315 218 159 362 268 525 456 548 108 383
20
448 375 341 160 596 463 174 459 151 366 138 467 262 548 417 332 495 596 531 131
20
337 157 458 348 419 576 466 577 150 211 362 155 269 408 523 551 544 136 294 447
20
293 303 331 117 443 242 410 134 521 560 118 269 583 221 251 545 448 573 301 168
