150
20
223 341 555 492 169 566 173 166 567 564 540 122 487 350 191 199 117 300 579 226
20
286 336 215 488 400 333 241 484 498 116 180 224 129 228 407 191 483 172 271 359
20
305 414 285 228 219 449 200 110 412 315 229 453 349 120 116 525 205 369 558 466
20
262 500 375 297 396 244 231 270 600 198 429 247 594 482 207 251 261 100 161 560
20
332 472 596 128 381 562 209 127 447 158 360 300 224 405 402 549 420 231 160 167
20
600 414 432 568 291 592 249 514 459 464 391 248 491 492 267 220 320 107 281 213
20
292 498 154 275 150 529 365 308 529 581 261 145 508 303 175 589 546 390 116 316
20
147 513 441 339 576 332 170 487 238 341 454 252 558 218 201 372 340 151 374 156
20
242 502 497 535 536 215 140 312 187 406 151 467 222 396 396 248 431 110 141 599
20
111 465 495 544 405 109 261 351 563 274 327 567 532 108 210 278 386 233 259 292
20
260 547 256 470 463 310 577 526 137 322 520 117 566 533 314 210 458 548 181 527
20
255 554 409 399 343 170 173 297 530 178 488 512 485 375 114 426 365 469 144 162
20
193 137 343 420 101 490 437 201 241 235 529 576 272 327 212 455 437 438 529 370
20
264 393 118 165 450 226 268 346 321 292 186 360 495 428 419 329 251 528 550 438
20
171 273 188 158 380 153 584 477 166 267 354 110 229 532 115 295 371 389 315 529
20
192 448 578 220 287 479 184 129 350 410 342 410 319 547 254 202 172 171 498 489
20
458 165 290 251 592 348 221 132 583 272 573 522 394 401 388 428 208 209 251 346
20
519 589 253 340 441 393 364 156 249 358 571 240 171 351 416 459 368 230 522 333
20
488 361 470 361 491 503 595 282 592 160 549 213 282 466 574 286 232 535 212 379
20
497 552 458 256 278 237 577 269 489 311 549 372 365 530 593 273 332 449 229 220
20
559 489 519 471 307 257 443 571 456 587 350 185 267 381 410 147 517 325 126 348
20
355 575 451 477 227 374 513 449 505 412 510 301 566 380 362 149 431 189 223 342
20
197 456 104 180 170 275 381 227 328 399 600 203 401 319 465 593 180 108 228 171
20
362 384 368 231 265 221 297 175 188 256 336 221 142 569 107 316 567 386 486 496
20
178 146 342 243 123 433 469 326 515 322 470 325 292 255 121 269 299 520 325 182
20
114 241 585 104 309 519 347 531 382 517 563 589 197 164 574 474 229 418 394 502
20
594 546 239 472 235 534 262 347 583 498 139 377 415 287 487 101 329 342 516 454
20
374 365 331 540 566 388 527 134 129 550 337 421 107 495 506 552 295 185 404 353
20
445 392 159 351 580 336 565 384 567 290 238 252 378 196 152 507 599 335 135 288
20
493 414 356 470 438 142 420 376 579 580 135 477 511 160 104 352 262 513 221 371
20
316 121 262 582 412 443 465 455 138 329 247 492 597 360 293 513 328 292 556 504
20
171 305 564 498 130 268 246 530 459 225 158 518 136 242 192 431 245 329 125 112
20
393 310 554 551 209 409 239 395 484 330 517 430 562 487 371 251 389 396 231 547
20
487 576 298 129 309 505 361 401 174 208 520 334 211 293 523 155 516 196 347 233
20
309 483 572 317 319 564 246 418 194 104 564 253 512 248 385 475 421 277 233 280
20
537 118 252 163 334 128 432 509 238 394 593 582 558 299 453 304 118 566 396 534
20
139 554 475 593 373 287 400 276 317 435 170 436 129 512 478 584 187 277 564 109
20
274 101 492 531 231 267 347 228 462 361 403 303 328 101 301 524 245 562 449 381
20
315 192 527 531 422 243 181 338 483 458 570 488 425 449 167 187 493 211 327 220
20
117 545 163 262 600 499 152 219 431 155 174 539 242 504 368 514 143 574 519 193
20
598 121 118 492 228 488 540 536 293 309 503 223 587 383 296 214 105 203 414 158
20
348 153 513 507 180 291 230 567 226 210 239 376 262 395 124 153 559 517 407 405
20
398 479 248 542 395 446 344 381 442 588 250 338 181 313 190 146 523 416 133 256
20
376 310 132 114 227 459 218 189 551 227 568 381 130 580 581 352 108 248 529 412
20
420 536 490 365 415 532 300 146 494 572 170 509 233 114 278 231 301 326 189 385
20
252 291 207 531 279 345 505 372 355 583 366 332 448 157 304 320 126 174 256 376
20
185 125 300 456 147 161 457 427 429 535 454 524 426 340 386 582 242 199 119 284
20
549 123 454 494 570 333 391 516 536 419 121 501 576 562 487 102 415 555 126 536
20
128 117 288 229 585 433 378 511 410 385 363 168 319 421 198 133 580 536 372 275
20
305 312 353 566 199 421 295 590 571 373 352 451 240 278 226 446 168 405 213 296
20
428 330 289 227 483 306 453 330 377 408 541 404 390 192 328 287 209 537 119 551
20
110 285 557 506 151 518 596 132 423 282 290 556 131 232 363 579 521 183 257 463
20
459 519 113 479 544 389 376 159 181 551 435 243 336 262 385 210 263 460 147 478
20
568 436 479 478 396 551 534 462 393 283 220 161 466 323 298 525 455 561 494 320
20
385 263 424 440 594 381 292 354 107 236 425 567 225 188 375 220 555 534 376 167
20
591 253 412 152 307 205 237 108 320 178 353 203 301 462 117 237 413 351 412 347
20
179 307 415 488 465 463 282 525 511 251 177 260 196 537 545 589 280 326 530 132
20
174 386 315 178 301 334 561 252 141 283 407 282 530 109 475 165 387 314 365 592
20
478 266 589 381 540 440 538 403 577 125 116 198 117 408 369 397 139 208 555 553
20
141 559 557 381 446 329 586 347 292 286 318 442 334 464 180 210 595 600 322 174
20
427 273 305 373 497 371 181 246 530 565 597 455 132 357 216 191 222 360 515 197
20
431 316 377 140 293 479 405 330 523 319 532 512 169 384 244 368 472 559 547 342
20
335 221 262 382 335 317 329 448 327 178 459 289 236 443 169 312 288 413 574 516
20
255 314 573 139 313 214 458 432 450 553 308 545 497 228 165 368 537 558 135 593
20
181 519 320 355 210 588 250 150 298 231 166 445 159 384 566 446 162 126 515 140
20
498 573 115 224 185 224 464 433 487 134 285 490 501 496 460 239 282 198 408 158
20
212 278 374 129 101 525 365 252 262 221 459 195 598 215 419 150 397 383 176 479
20
536 452 290 238 286 186 473 182 447 586 359 392 552 112 446 420 352 262 401 528
20
584 515 206 246 469 452 117 128 542 533 564 126 527 436 362 396 266 179 268 260
20
324 549 134 207 122 385 191 294 430 306 559 297 375 316 435 470 549 117 595 182
20
180 370 466 314 465 342 322 135 555 393 488 517 510 366 595 347 118 544 313 336
20
318 430 374 397 273 388 377 439 526 360 189 343 590 256 187 427 122 493 314 301
20
408 468 262 185 105 532 595 291 457 459 315 399 395 147 306 449 408 193 367 234
20
363 562 157 575 539 474 405 469 530 528 516 192 492 511 519 537 417 161 121 295
20
461 114 181 557 529 302 215 133 402 479 269 281 552 568 578 456 208 421 588 415
20
314 214 485 205 406 292 231 163 474 479 230 524 221 540 468 359 332 318 460 328
20
440 393 183 329 419 544 185 528 300 535 221 101 437 553 395 110 401 425 546 573
20
383 505 154 258 511 248 418 397 268 557 152 116 465 459 298 329 564 393 287 205
20
245 352 344 386 264 241 302 548 376 479 324 276 269 118 567 313 372 390 562 529
20
480 219 152 129 259 511 225 275 422 234 392 258 245 401 214 260 459 545 403 557
20
415 299 586 143 558 424 262 553 218 578 199 473 582 100 217 396 265 293 582 507
20
433 523 206 104 405 474 107 254 493 412 360 558 199 315 148 369 153 521 361 539
20
372 385 310 586 250 283 301 470 409 303 380 430 514 403 513 299 265 503 569 444
20
197 124 352 350 252 507 448 227 336 156 107 213 147 517 592 342 426 141 214 322
20
599 412 507 574 357 329 253 522 476 462 169 492 187 506 133 453 253 203 268 207
20
290 437 467 411 387 290 540 346 465 580 123 410 570 493 172 320 471 103 162 262
20
549 539 227 199 130 285 375 254 304 170 109 363 573 498 367 324 199 505 417 253
20
559 416 149 390 518 275 305 283 237 508 529 362 598 397 519 599 487 341 427 349
20
110 229 243 265 442 554 498 112 311 262 435 262 475 476 118 570 309 454 195 143
20
365 339 141 512 529 233 256 156 364 144 134 559 294 379 533 187 548 141 435 327
20
304 234 537 431 411 105 240 503 403 335 431 418 478 429 287 223 308 421 253 138
20
515 126 436 157 419 494 329 407 366 587 129 155 533 554 428 210 124 587 421 445
20
169 216 276 319 587 103 262 568 433 116 348 522 276 337 278 338 431 176 466 352
20
413 554 210 234 434 293 557 388 138 531 290 349 373 451 495 408 528 557 239 392
20
440 155 354 377 415 214 211 217 306 102 486 102 334 142 558 501 293 551 191 257
20
591 292 491 161 300 445 451 213 429 284 281 277 242 132 565 309 502 547 560 454
20
540 483 433 240 275 531 376 448 470 533 280 344 244 141 115 350 303 558 396 487
20
591 326 253 299 343 308 414 187 295 529 503 389 197 499 135 225 186 585 118 144
20
266 381 113 124 335 400 369 280 201 578 333 537 483 197 207 289 422 443 538 535
20
325 496 130 578 571 334 261 467 559 368 440 104 575 109 466 497 594 342 439 277
20
339 309 582 538 474 333 451 203 443 119 503 481 522 100 116 180 239 185 137 462
20
187 552 150 530 347 122 279 253 415 226 390 437 243 264 408 356 153 562 200 190
20
128 281 465 201 381 565 303 145 529 397 549 163 151 229 306 211 250 451 331 375
20
355 157 371 482 356 460 205 550 442 358 288 184 437 251 264 382 346 559 246 216
20
265 527 505 573 337 544 541 255 467 356 314 151 136 598 247 270 113 313 228 238
20
313 381 497 108 154 399 477 531 584 114 349 234 229 281 538 274 390 431 487 317
20
282 339 585 228 289 505 312 136 593 105 293 233 490 292 570 545 502 466 547 374
20
315 166 264 176 287 130 593 349 519 256 531 560 274 341 246 179 492 527 468 327
20
467 596 583 436 570 412 416 394 148 464 286 319 406 234 152 231 181 126 417 414
20
229 360 189 562 334 366 214 430 117 480 494 195 283 401 554 390 255 452 420 425
20
470 542 158 146 487 305 210 331 488 336 243 327 268 269 186 235 103 206 156 360
20
443 281 451 338 162 469 264 214 337 273 148 144 320 452 343 455 169 185 249 204
20
427 241 168 285 156 540 286 110 184 114 177 240 120 472 275 374 411 524 407 560
20
243 403 482 149 148 218 427 435 279 526 241 136 556 300 145 417 480 332 392 168
20
439 449 204 238 133 556 223 287 326 363 180 315 256 347 337 107 430 118 323 241
20
563 402 139 273 101 244 374 452 578 345 349 309 413 383 233 145 164 346 188 464
20
453 180 324 589 128 142 157 547 424 418 229 595 288 480 450 401 460 469 226 600
20
438 258 236 290 344 272 502 407 411 380 395 466 178 427 328 437 481 542 483 363
20
513 318 457 192 425 215 431 131 489 342 166 398 210 256 190 409 129 250 210 552
20
159 257 577 285 572 494 101 421 418 562 408 257 107 177 214 329 113 101 177 178
20
485 401 134 492 102 448 301 404 417 428 524 305 121 132 250 313 280 455 123 561
20
163 542 466 302 451 373 289 555 448 254 188 598 410 108 199 588 117 452 132 142
20
248 196 136 282 372 351 262 108 455 242 443 504 229 259 308 537 324 134 320 202
20
194 384 475 448 310 299 390 301 129 345 304 537 228 293 267 181 575 522 196 156
20
518 152 505 361 360 469 251 492 251 306 379 290 131 366 538 309 496 395 591 233
20
471 103 283 123 302 121 277 148 574 555 123 270 304 379 187 278 170 403 358 215
20
550 260 142 113 489 546 361 439 583 568 109 288 322 490 315 231 207 504 525 393
20
381 287 208 202 240 418 311 177 231 373 107 425 520 587 276 335 165 233 427 135
20
346 275 583 589 320 301 318 599 249 351 543 464 241 176 145 549 282 261 108 564
20
346 199 567 461 446 326 419 532 375 515 187 246 333 548 264 281 154 156 204 147
20
322 212 233 330 217 522 138 298 141 287 238 106 256 583 525 531 486 429 488 551
20
330 571 367 390 361 502 501 198 573 270 332 224 289 144 334 307 390 385 309 107
20
552 180 158 191 175 194 273 453 297 257 185 481 129 444 281 258 520 230 575 591
20
185 285 344 580 159 116 456 166 587 455 566 184 431 457 584 187 493 478 586 426
20
423 506 532 409 269 573 206 503 552 350 228 165 527 277 485 138 230 336 453 367
20
443 100 237 232 460 112 287 188 104 236 341 548 593 135 436 280 480 503 570 236
20
233 283 167 528 346 399 488 462 521 424 376 460 233 199 276 285 129 519 586 541
20
490 391 428 350 563 161 482 443 327 275 321 245 185 535 513 288 597 438 484 528
20
303 312 148 393 438 509 324 593 385 408 383 207 556 303 486 397 402 302 468 430
20
578 278 390 440 339 594 496 107 143 298 437 599 154 127 451 354 594 331 477 483
20
151 182 477 204 548 390 379 503 294 599 583 152 148 188 282 304 107 350 392 215
20
312 510 361 318 440 224 431 549 271 515 479 567 170 335 501 301 174 388 309 357
20
257 476 228 415 291 133 439 328 221 228 386 279 125 420 477 259 423 286 505 285
20
236 312 437 194 335 518 314 293 503 426 483 447 552 522 169 539 196 396 359 507
20
316 433 487 512 160 132 588 561 556 353 493 450 389 426 529 437 517 553 106 160
20
548 417 347 503 344 242 362 300 296 211 453 492 491 548 251 301 232 308 351 342
20
542 233 569 210 109 464 558 186 531 514 474 429 586 571 471 456 336 332 110 589
20
141 306 178 355 417 407 486 152 108 347 548 259 405 337 538 254 509 416 216 150
20
108 400 538 273 385 468 364 598 413 129 237 443 207 163 539 292 362 130 121 339
20
524 242 226 129 257 580 293 495 542 255 460 235 256 201 227 320 210 155 507 435
