150
20
416 121 561 418 471 307 274 581 164 446 264 223 118 405 463 305 450 160 575 512
20
580 394 313 271 175 441 168 127 117 227 294 527 333 370 424 548 546 130 419 265
20
420 475 388 570 467 439 579 573 273 363 153 218 379 514 595 427 237 496 419 591
20
486 410 198 428 208 233 582 259 206 351 165 393 504 382 307 133 226 178 507 251
20
529 560 127 135 298 210 574 339 258 224 252 566 299 587 345 474 109 109 148 563
20
466 181 134 556 408 304 250 489 185 397 102 396 456 120 258 535 137 432 254 445
20
396 401 499 181 113 493 549 162 142 566 477 530 482 408 579 311 560 299 218 394
20
293 475 159 492 456 185 288 379 272 278 291 242 374 280 475 479 492 396 274 180
20
303 527 131 181 331 393 235 139 248 233 463 101 114 163 535 304 300 516 174 301
20
359 181 449 458 276 172 498 556 194 460 398 436 264 585 130 310 331 325 172 534
20
201 212 485 475 381 108 159 537 413 123 361 192 285 524 288 419 286 220 204 106
20
192 272 407 479 196 108 256 228 133 399 458 373 269 372 209 600 219 135 510 230
20
593 571 291 234 383 196 555 570 106 210 309 349 527 147 429 378 403 204 382 180
20
259 114 535 524 415 416 117 181 505 136 353 210 113 114 291 239 115 224 188 385
20
186 591 248 292 322 327 386 389 465 376 396 392 237 595 211 580 493 384 350 545
20
339 569 254 236 566 155 562 222 385 501 304 489 461 332 122 546 125 431 212 466
20
371 478 566 168 328 475 381 549 287 312 129 325 351 346 279 255 504 514 564 322
20
121 150 332 500 299 108 430 130 405 395 314 462 124 374 197 456 350 188 322 360
20
550 409 522 461 417 251 564 568 552 174 131 462 586 584 345 457 493 175 120 481
20
313 500 346 384 328 401 587 346 480 524 165 158 277 179 589 317 122 454 585 354
20
203 184 296 375 447 535 451 454 501 541 221 520 552 280 439 190 459 479 258 368
20
346 125 587 564 289 317 497 205 581 473 396 406 562 527 349 304 475 141 451 257
20
138 185 504 166 584 159 587 224 370 269 219 278 402 118 445 554 561 378 570 117
20
323 346 415 323 360 281 451 104 279 433 556 570 141 453 489 493 497 291 278 462
20
476 230 600 182 206 396 465 396 476 495 552 478 206 374 189 196 508 418 134 567
20
375 268 343 108 125 110 514 545 354 327 107 411 296 487 535 552 104 204 271 218
20
430 396 279 308 322 215 264 239 381 106 539 556 144 220 391 553 217 321 131 371
20
145 164 414 396 507 269 399 429 405 550 579 232 187 323 596 572 240 561 407 234
20
338 493 193 283 280 558 504 101 249 540 593 349 467 463 583 216 434 372 543 358
20
197 272 374 457 230 300 495 540 336 178 198 394 339 543 472 176 448 212 400 167
20
450 200 490 491 574 129 462 428 462 186 161 461 200 110 470 128 559 380 547 518
20
268 150 537 261 137 207 587 488 500 164 600 175 569 343 157 399 218 164 112 105
20
268 598 313 338 538 340 519 224 330 209 303 442 544 591 344 298 395 588 532 375
20
210 399 264 423 446 198 444 363 550 169 279 531 457 495 405 217 539 218 309 103
20
354 309 241 219 184 125 238 556 556 465 115 233 302 365 186 446 595 238 429 182
20
498 500 379 409 484 374 513 262 534 283 183 206 328 322 214 288 522 246 249 280
20
589 313 455 144 262 256 301 193 451 163 572 183 146 547 153 200 447 347 236 313
20
331 299 506 172 416 464 298 373 575 184 463 130 176 126 405 377 539 319 357 286
20
241 381 474 503 295 480 398 318 236 393 454 531 330 220 531 126 332 509 503 551
20
357 507 392 575 305 390 589 223 295 238 327 343 446 453 299 535 135 232 120 551
20
365 328 379 560 513 376 568 124 473 419 547 257 245 365 151 225 520 173 292 444
20
521 446 370 160 575 422 183 492 162 160 568 526 224 154 319 366 377 295 596 343
20
375 527 457 264 379 584 308 176 316 530 486 330 567 314 429 294 408 256 124 442
20
383 182 251 331 290 468 206 307 423 516 531 505 473 138 212 295 204 493 356 289
20
128 437 225 124 562 171 360 253 143 435 255 572 175 556 525 553 529 585 327 531
20
577 177 402 312 265 562 516 535 203 112 425 487 507 357 366 136 528 263 252 128
20
296 134 264 104 439 582 190 459 103 262 388 112 418 469 532 557 359 505 256 378
20
417 375 199 438 587 531 126 454 585 213 401 214 112 152 589 106 298 263 401 587
20
447 262 180 437 372 474 259 262 148 269 383 151 550 507 397 369 166 491 500 422
20
342 179 401 599 518 334 396 427 225 305 187 254 347 314 267 465 176 323 396 263
20
394 408 287 322 337 564 583 542 462 444 470 428 313 487 519 534 441 251 467 417
20
196 149 178 353 221 568 506 341 257 397 140 120 388 227 525 315 202 409 429 571
20
531 380 289 303 417 454 258 467 434 174 429 319 555 545 442 280 251 490 148 124
20
288 249 267 357 383 251 255 417 400 132 462 510 103 129 256 330 429 252 594 478
20
554 113 264 432 557 281 568 245 310 322 253 427 445 466 495 179 192 487 206 282
20
512 473 337 328 294 417 373 307 353 376 362 328 262 499 201 546 498 139 440 332
20
328 241 170 411 377 203 340 317 406 495 470 297 223 522 352 472 460 203 264 579
20
137 287 405 569 435 551 531 574 410 150 246 302 160 545 124 466 297 246 552 137
20
396 585 445 151 396 559 357 330 258 325 142 592 170 368 484 179 484 119 554 392
20
521 250 600 220 555 119 293 284 268 154 278 375 235 359 572 513 275 452 278 410
20
486 473 310 396 573 582 590 174 160 561 425 276 562 366 170 274 447 234 404 238
20
347 575 321 399 144 318 140 569 213 396 206 288 549 209 204 421 580 580 413 252
20
407 496 356 271 310 516 518 144 345 332 410 418 560 269 430 487 560 578 104 106
20
468 228 301 341 339 593 194 153 548 484 555 156 403 544 101 218 482 274 419 205
20
191 587 286 411 374 327 359 553 487 458 280 185 537 275 507 268 384 231 195 190
20
114 249 264 536 317 311 112 331 497 208 588 156 518 180 306 108 317 316 428 411
20
447 527 548 319 246 532 421 226 581 113 227 283 508 237 552 149 435 570 565 389
20
561 537 582 445 346 465 566 529 567 370 322 239 469 153 510 231 520 345 101 197
20
526 206 197 589 208 123 487 524 467 256 119 123 230 463 123 356 104 591 515 222
20
134 534 363 349 579 152 346 114 512 586 574 387 517 343 494 319 412 498 328 379
20
531 172 326 140 318 242 168 583 399 533 271 310 391 215 367 494 563 249 485 184
20
108 271 221 414 486 600 360 311 275 544 525 503 275 292 269 152 360 374 139 557
20
486 221 246 590 340 114 230 368 294 290 346 579 228 420 218 194 233 253 156 162
20
209 105 259 522 204 322 347 108 137 558 176 266 345 249 372 448 128 352 414 536
20
274 126 478 221 135 101 108 586 400 432 504 538 581 248 370 151 226 513 306 240
20
414 323 206 551 123 536 250 177 387 462 184 143 328 358 120 203 232 104 525 156
20
202 319 418 418 195 345 587 201 327 322 245 194 124 193 379 529 225 453 334 403
20
333 184 382 353 564 348 562 157 164 562 442 276 553 170 591 241 216 510 394 203
20
137 237 543 567 517 462 343 307 125 257 245 111 546 302 368 475 500 141 572 528
20
478 420 300 510 367 313 421 369 127 100 513 346 156 214 460 551 471 229 190 545
20
153 296 413 209 143 145 289 126 229 104 541 485 233 547 139 236 271 235 499 266
20
496 475 336 569 213 133 494 256 277 586 223 121 584 421 467 145 318 165 182 181
20
433 188 430 170 551 232 195 438 115 328 395 388 280 217 558 321 310 368 421 194
20
101 576 134 301 153 206 355 524 169 104 114 231 102 505 567 343 406 515 511 144
20
247 309 227 128 328 497 157 242 518 521 598 360 107 238 533 250 105 262 143 463
20
479 166 499 185 216 162 217 291 475 297 425 585 487 495 107 501 374 507 314 226
20
367 412 378 403 439 558 243 383 510 135 235 271 463 503 104 185 288 579 203 311
20
453 324 590 283 317 574 534 267 479 221 454 204 459 574 373 293 202 337 160 531
20
384 354 119 551 165 378 366 571 379 542 140 576 117 558 451 498 229 488 394 394
20
488 466 401 281 509 121 496 596 314 154 208 320 129 118 573 472 398 463 407 427
20
488 590 361 424 515 279 419 557 101 291 371 230 374 215 356 461 423 475 249 519
20
361 386 538 129 298 397 413 251 421 139 275 256 472 123 599 338 501 138 381 168
20
127 204 128 409 451 557 151 510 120 115 571 350 460 497 569 211 338 542 195 219
20
529 129 177 187 221 156 575 228 438 231 136 491 280 271 179 444 439 484 260 399
20
546 126 411 422 340 287 300 229 126 517 582 163 285 157 313 131 577 166 115 291
20
244 383 421 365 517 287 114 178 504 390 497 448 419 502 580 316 302 142 258 112
20
346 552 121 281 290 347 436 131 380 255 596 329 448 103 133 473 334 231 580 600
20
520 256 352 553 514 373 588 582 381 211 161 492 563 263 539 324 364 534 272 102
20
223 328 102 459 189 473 126 580 378 317 488 380 111 298 312 347 397 397 104 328
20
507 197 232 204 583 267 551 207 535 310 228 142 263 141 481 561 268 318 300 275
20
251 346 287 106 516 107 354 283 209 390 121 398 542 353 220 364 240 473 233 556
20
286 485 230 356 521 277 153 327 561 158 430 474 165 137 504 337 293 583 266 375
20
305 234 394 210 574 244 298 165 160 168 599 373 475 233 256 476 433 211 521 113
20
419 251 328 583 200 370 364 268 183 519 365 265 523 317 133 366 527 370 563 300
20
556 431 462 382 212 243 305 588 146 358 143 138 413 182 314 426 568 515 577 448
20
380 547 414 349 597 353 531 396 516 161 475 463 509 238 476 426 141 249 290 254
20
457 192 186 503 297 387 569 313 161 260 495 590 440 100 177 179 202 488 487 337
20
528 486 131 586 311 236 595 139 174 546 421 225 536 514 128 417 283 334 275 197
20
169 360 532 521 264 233 200 513 271 160 589 543 568 386 462 389 292 480 233 399
20
370 521 289 225 438 360 145 568 286 163 235 401 367 103 510 539 153 428 308 104
20
201 296 135 246 201 158 240 288 457 374 240 562 331 132 377 397 422 530 581 597
20
590 312 209 112 374 580 274 232 248 230 372 167 334 179 223 225 324 359 540 185
20
558 386 512 368 228 297 231 474 235 362 409 171 327 102 167 352 534 554 307 290
20
568 476 239 239 230 496 175 440 458 438 420 145 223 244 213 192 492 498 138 326
20
466 465 366 363 147 371 498 580 479 320 129 146 388 215 416 445 141 563 556 313
20
520 592 200 384 403 341 336 534 114 439 261 353 520 287 224 387 483 164 273 214
20
132 260 366 374 247 597 248 462 165 499 239 434 119 310 237 197 513 550 310 310
20
467 362 275 277 249 306 307 436 241 571 487 280 268 377 101 165 510 165 102 412
20
133 509 365 108 576 380 291 142 415 575 359 171 373 366 531 538 469 548 307 299
20
449 134 562 564 133 231 267 303 201 490 451 349 404 586 112 524 202 269 515 596
20
478 395 222 366 343 300 276 509 278 456 559 564 510 233 567 513 150 447 149 131
20
134 466 376 238 259 520 327 175 567 133 338 506 474 600 466 509 383 457 294 122
20
480 245 213 127 241 543 528 108 458 260 389 344 521 128 384 383 278 128 473 396
20
496 558 310 278 594 482 597 267 557 428 393 149 153 279 400 157 372 590 491 425
20
578 599 428 470 229 427 219 580 510 244 196 406 549 135 245 345 401 593 449 159
20
600 280 208 560 540 597 314 163 390 472 194 435 265 570 570 253 154 496 353 498
20
101 415 214 304 591 216 556 588 528 286 525 131 256 591 485 188 362 586 356 522
20
541 130 504 541 308 563 544 148 267 416 456 161 479 229 447 337 383 163 402 583
20
133 529 101 145 324 549 176 349 491 511 286 588 471 456 551 404 340 179 476 476
20
460 513 409 361 108 297 103 222 426 394 229 183 151 444 457 549 562 241 281 445
20
197 375 270 461 295 194 230 411 525 142 275 213 315 274 414 320 163 205 475 142
20
496 570 103 478 218 409 413 112 244 411 189 381 251 506 406 553 125 113 261 557
20
206 158 190 445 118 330 268 510 482 238 120 469 206 172 251 560 308 203 243 136
20
399 571 465 135 214 303 311 461 162 443 352 181 524 211 531 227 142 394 555 367
20
124 399 527 177 238 573 444 383 306 571 468 114 264 343 401 555 173 355 503 214
20
483 231 106 107 400 267 162 242 126 199 524 499 480 177 315 136 170 331 249 355
20
208 171 103 507 274 124 567 175 524 558 468 238 384 265 243 406 504 365 146 457
20
335 506 533 530 394 553 476 205 436 269 289 297 168 139 319 265 403 527 541 322
20
580 533 125 545 251 563 295 358 487 200 589 498 196 472 522 462 570 498 507 579
20
145 116 354 244 160 196 345 430 450 528 382 418 143 346 208 522 488 592 415 456
20
360 457 555 303 123 533 451 517 422 408 225 163 447 567 175 346 538 483 460 459
20
298 526 129 461 597 252 354 441 237 379 151 597 386 477 577 586 176 521 461 394
20
566 509 473 435 109 513 238 382 586 543 173 330 202 222 150 157 194 467 234 600
20
198 151 122 563 309 181 303 446 344 529 155 367 436 147 522 574 159 321 303 540
20
515 466 155 551 175 543 267 520 582 217 277 560 472 128 298 484 533 166 561 216
20
216 599 151 490 164 241 250 560 472 593 391 323 288 142 143 402 372 310 171 224
20
480 531 105 455 227 589 129 576 442 175 470 368 511 400 581 176 265 100 219 270
20
263 531 131 295 514 235 476 574 201 328 169 526 135 109 388 366 321 347 122 387
20
400 555 226 438 458 367 177 335 413 189 582 151 445 506 188 407 283 143 543 299
20
354 134 203 330 107 558 366 293 553 435 547 558 518 235 366 165 574 390 221 274
