150
20
156 408 165 519 451 288 405 511 477 471 297 236 563 560 328 591 274 196 593 533
20
243 222 114 359 127 380 504 376 581 444 390 221 326 585 426 474 426 578 159 113
20
292 309 581 296 185 350 383 558 265 196 576 207 361 340 418 369 584 291 488 375
20
262 265 163 122 291 149 285 164 139 494 404 560 130 427 351 202 304 425 345 449
20
161 349 449 390 477 121 225 282 520 280 195 440 334 312 337 446 366 552 595 156
20
140 466 186 521 393 510 382 316 487 200 531 214 551 511 416 170 104 299 231 383
20
244 525 471 339 562 256 518 577 364 363 485 179 401 534 100 590 209 567 289 193
20
467 236 408 142 248 307 243 480 372 303 465 352 453 515 333 271 382 253 212 208
20
153 242 342 397 501 527 539 468 591 500 477 257 546 220 137 302 419 190 214 391
20
129 413 313 453 198 441 171 188 102 230 188 481 171 408 162 472 385 382 113 595
20
410 263 477 117 135 204 461 544 428 391 554 497 448 563 205 257 451 148 193 368
20
112 514 296 343 412 523 458 568 415 120 338 121 544 483 462 557 475 259 128 524
20
588 459 410 397 530 415 204 598 257 396 177 585 246 480 481 493 261 372 596 205
20
319 275 369 111 216 306 201 239 315 344 300 276 588 316 383 596 533 556 562 206
20
585 234 205 112 563 354 463 563 176 541 442 558 280 337 308 348 515 220 241 511
20
528 256 193 571 417 479 162 388 436 472 106 275 285 303 366 133 537 201 331 236
20
215 258 345 531 209 584 263 468 331 525 105 195 101 477 376 292 164 380 566 280
20
148 220 221 231 273 182 455 199 464 574 102 410 566 434 164 105 227 186 431 274
20
387 565 563 560 540 336 472 392 570 437 410 110 579 506 496 517 194 283 278 399
20
191 500 108 525 190 415 516 345 359 412 376 145 352 580 299 109 167 539 164 364
20
468 510 255 381 456 516 172 296 571 518 586 478 408 542 279 518 393 316 232 377
20
530 302 288 526 304 171 471 308 284 401 188 477 344 371 408 350 488 515 352 382
20
193 119 255 533 584 410 485 394 383 380 584 193 298 427 207 335 198 424 359 323
20
477 383 568 123 217 124 228 398 576 331 346 461 257 146 471 593 211 460 471 125
20
297 360 402 170 495 268 251 506 249 594 239 441 210 210 535 105 521 417 424 578
20
392 431 569 294 193 212 281 478 278 354 485 560 323 233 144 424 463 389 195 552
20
385 179 318 399 570 103 536 195 570 568 321 478 398 329 562 449 450 550 115 154
20
483 100 421 504 308 332 484 129 173 313 551 204 514 565 371 324 317 146 560 245
20
354 113 311 270 186 163 219 476 542 574 119 422 408 491 242 528 171 145 257 433
20
324 257 135 455 219 222 457 514 349 420 151 300 543 567 209 350 141 486 247 434
20
245 114 285 171 478 193 138 340 159 248 438 168 141 507 504 418 426 123 204 239
20
101 447 388 109 155 497 269 393 395 189 199 425 298 165 114 124 263 541 234 174
20
399 289 417 344 409 110 534 303 335 267 427 334 240 409 479 578 445 593 368 543
20
232 246 191 430 441 280 102 301 512 268 205 560 467 413 274 484 105 454 257 527
20
452 128 575 143 127 123 584 342 233 544 449 416 404 579 287 258 292 346 272 210
20
557 276 159 375 479 462 257 377 119 440 381 111 166 136 451 103 586 305 192 276
20
302 260 540 366 538 121 438 245 430 190 389 477 455 276 149 392 560 289 275 340
20
556 541 422 398 425 363 212 599 560 445 186 240 313 349 587 444 395 148 241 251
20
550 405 373 294 307 438 528 290 462 377 401 431 338 542 556 337 256 557 294 202
20
301 350 464 473 141 321 287 326 140 247 286 550 346 387 359 270 552 219 538 541
20
401 272 420 593 351 216 592 134 479 163 363 342 166 430 560 562 463 159 500 595
20
449 379 415 297 296 180 178 337 370 238 371 221 301 407 180 253 566 307 526 119
20
121 514 542 273 385 506 178 228 237 326 362 188 348 247 528 282 464 397 568 130
20
450 466 389 297 390 591 227 276 593 104 316 193 119 162 404 600 588 598 406 444
20
253 543 202 173 232 452 285 185 269 584 287 518 141 179 530 568 182 115 166 483
20
434 196 343 100 324 396 485 439 163 524 379 128 108 237 495 195 491 317 417 310
20
106 160 117 351 255 309 563 401 344 530 124 410 252 498 274 595 133 448 308 495
20
538 170 272 548 332 279 442 216 282 354 313 247 271 109 210 446 125 242 417 325
20
517 312 379 221 318 400 295 436 379 436 431 180 449 219 204 367 116 445 483 365
20
108 220 239 446 563 330 342 580 326 228 470 585 214 305 358 555 395 340 151 404
20
547 101 130 414 411 499 552 437 336 260 271 101 372 340 484 402 229 563 292 465
20
447 437 169 244 482 181 241 146 332 114 484 391 497 363 535 214 464 532 195 456
20
476 142 537 381 397 422 546 160 505 482 367 425 146 559 326 471 545 590 185 309
20
219 358 580 175 545 256 257 532 150 510 345 270 587 318 307 293 418 244 534 330
20
203 240 131 383 244 180 588 597 294 337 149 436 305 332 125 299 343 317 410 570
20
381 287 245 187 264 597 261 427 543 135 129 285 102 238 438 585 277 515 362 432
20
311 326 462 213 485 161 315 173 419 432 462 386 328 269 329 362 465 120 415 229
20
542 129 249 540 380 126 488 111 473 259 171 515 247 560 151 273 582 560 451 433
20
543 240 179 390 501 221 161 330 210 192 212 322 104 308 420 124 431 463 555 217
20
147 572 502 590 307 245 354 263 579 228 431 218 223 466 418 494 368 333 173 394
20
390 125 291 308 397 175 223 243 349 294 152 392 513 561 460 125 572 485 230 297
20
581 582 200 395 117 193 260 502 476 254 344 475 305 204 352 198 148 341 489 490
20
430 194 386 137 320 176 121 358 338 520 138 495 553 372 196 465 491 288 324 537
20
597 140 117 439 530 571 314 132 241 242 462 408 334 225 168 432 140 114 584 521
20
439 441 410 291 280 410 404 318 109 493 460 457 240 487 130 273 159 326 291 128
20
387 244 560 453 525 106 228 537 281 572 593 255 289 416 495 358 345 383 492 323
20
526 434 298 264 440 503 532 470 309 282 166 101 407 341 350 146 398 406 596 488
20
388 558 253 440 153 214 344 487 370 281 321 251 489 389 256 542 521 396 281 560
20
236 100 136 248 534 327 258 523 524 413 176 154 561 229 573 409 143 104 397 381
20
379 229 227 293 530 146 277 321 345 548 387 456 336 319 335 228 438 339 301 108
20
276 185 233 405 300 396 556 560 256 545 208 554 579 323 224 146 291 399 396 366
20
435 105 351 516 249 186 116 174 295 486 270 175 178 284 254 278 238 249 130 510
20
488 526 102 463 415 360 388 534 186 303 511 366 334 487 127 551 176 303 136 537
20
454 192 493 106 599 208 131 505 566 304 460 351 352 134 299 578 321 555 412 564
20
109 380 277 338 146 231 479 233 364 298 530 226 304 432 584 104 416 352 122 493
20
123 363 524 492 531 159 271 506 160 423 506 275 376 260 351 215 586 591 457 342
20
586 250 222 475 466 293 157 558 229 591 490 415 457 211 115 517 280 121 535 509
20
190 109 581 188 562 587 419 241 448 527 334 233 191 358 371 197 445 305 128 107
20
433 576 291 108 396 174 126 145 400 546 106 136 524 331 415 482 143 483 553 292
20
307 122 406 414 237 556 370 521 131 285 214 522 355 110 135 297 466 331 493 146
20
128 597 178 218 553 328 474 516 163 292 469 516 113 436 303 134 395 164 444 159
20
295 210 358 393 536 336 268 354 436 585 496 116 329 349 515 546 326 345 411 141
20
383 441 363 148 423 279 321 181 445 133 230 265 458 549 385 425 146 591 367 254
20
161 291 413 395 155 295 331 285 222 102 498 215 284 387 122 119 451 270 273 202
20
136 556 531 129 121 443 515 435 496 520 500 391 314 152 454 568 351 302 517 298
20
552 171 296 550 193 325 252 274 467 219 429 233 545 557 511 302 442 535 216 471
20
546 131 166 231 138 241 312 355 450 556 178 580 389 168 409 283 471 548 354 265
20
580 479 539 384 137 222 377 125 456 425 286 216 168 502 122 219 471 506 190 111
20
558 180 526 483 192 292 491 272 523 256 334 223 394 511 363 495 351 314 555 181
20
559 585 152 195 422 201 426 479 455 591 429 273 293 215 509 587 438 401 318 449
20
103 253 412 387 367 181 517 503 502 471 139 113 301 549 328 249 159 485 448 352
20
294 278 136 116 307 117 384 157 506 480 223 435 258 242 559 412 544 457 549 370
20
250 276 232 533 332 392 540 143 528 499 446 358 486 256 299 517 140 563 478 488
20
561 140 295 568 326 137 549 206 462 214 359 430 409 212 431 446 333 225 570 464
20
447 147 431 360 458 161 187 102 392 411 559 432 350 327 500 176 405 214 187 282
20
425 299 513 242 204 563 524 471 455 482 224 490 399 593 266 198 136 262 165 317
20
505 425 447 592 339 391 532 182 598 277 239 577 127 103 598 131 305 170 291 364
20
234 333 213 126 374 382 179 341 525 290 468 125 247 211 485 521 327 356 102 497
20
427 181 170 386 229 253 589 426 230 371 136 154 390 108 313 390 350 471 461 208
20
149 502 233 488 278 515 588 341 420 395 355 168 491 249 562 591 218 362 122 578
20
164 298 336 429 588 104 340 190 136 291 333 206 190 188 294 309 497 515 120 549
20
190 575 401 306 385 215 518 251 151 129 404 550 363 349 580 125 549 304 448 439
20
471 456 438 285 577 224 203 273 591 268 338 373 564 597 535 118 285 424 582 456
20
167 412 262 589 364 319 236 384 589 591 399 506 468 519 136 431 351 591 512 117
20
100 135 277 402 142 363 312 391 162 217 470 152 417 443 360 566 233 158 432 186
20
441 408 559 408 178 579 304 318 338 114 294 396 480 294 433 358 432 302 193 511
20
456 215 233 231 296 433 447 548 192 145 406 174 227 275 360 535 413 392 516 495
20
104 119 371 448 310 283 530 255 324 368 359 500 377 383 543 553 183 199 333 583
20
262 352 500 506 425 223 543 501 178 515 120 582 402 128 177 321 275 559 216 123
20
173 149 109 179 249 192 200 591 191 337 479 312 183 409 210 443 463 297 465 246
20
539 139 126 280 416 155 370 364 152 406 147 565 390 246 352 416 577 591 510 188
20
250 231 486 399 291 339 314 452 595 433 393 474 105 269 164 263 462 460 109 524
20
164 358 397 353 357 577 187 464 439 478 179 338 142 343 398 557 107 527 136 458
20
149 265 369 164 427 479 261 526 410 354 467 235 396 577 454 301 466 284 286 257
20
294 382 103 390 537 523 301 427 243 203 595 136 555 563 410 522 559 202 447 140
20
161 317 243 520 267 363 438 469 518 286 371 338 500 475 510 568 196 132 506 199
20
100 178 544 249 533 488 163 283 527 233 478 172 203 309 123 447 247 168 492 531
20
293 187 422 402 435 500 578 179 198 514 241 196 217 349 274 331 201 463 176 486
20
313 486 563 104 203 338 187 443 367 228 200 165 351 139 523 480 524 361 542 172
20
156 247 506 164 348 464 525 521 515 316 589 397 204 123 131 506 276 226 392 195
20
361 427 263 471 114 210 563 238 110 375 208 347 262 328 115 441 108 248 586 580
20
101 514 417 388 235 397 512 217 382 528 427 253 129 428 546 583 370 268 456 136
20
168 228 514 414 251 542 204 256 379 506 247 527 449 546 482 162 416 123 315 188
20
333 420 312 531 545 408 559 368 315 318 149 451 348 184 362 312 208 263 577 125
20
133 329 530 118 583 196 244 517 207 163 330 366 585 549 249 262 218 577 189 370
20
495 579 282 566 103 396 560 524 559 271 206 402 548 572 500 186 487 591 397 564
20
364 308 276 584 541 227 115 460 336 171 591 273 375 304 393 243 528 235 465 261
20
197 476 573 432 536 357 572 311 322 363 273 126 435 571 124 100 566 258 266 364
20
522 484 527 278 275 589 260 284 100 136 170 277 234 499 186 222 127 544 211 175
20
262 162 189 156 455 409 528 475 353 351 104 109 575 426 436 219 418 174 435 301
20
228 140 434 406 281 221 452 406 218 357 304 260 433 423 520 467 277 428 538 432
20
186 299 192 278 347 500 442 418 186 589 274 369 559 588 365 424 329 128 347 113
20
349 393 302 318 185 484 581 127 581 338 504 339 341 371 215 277 374 458 579 502
20
589 475 323 111 370 206 280 307 574 193 211 413 195 246 523 104 528 597 331 564
20
163 364 249 280 119 446 229 239 340 308 241 403 202 441 303 484 440 513 265 305
20
336 272 364 391 338 229 360 144 490 257 379 588 408 584 157 277 114 450 407 556
20
126 365 266 120 198 435 159 548 353 565 214 503 546 117 188 112 440 228 590 258
20
494 415 427 121 112 588 146 500 230 518 389 188 266 551 334 580 163 149 477 501
20
353 278 377 167 105 566 409 232 136 439 121 228 593 341 173 124 363 381 272 234
20
463 174 511 496 180 211 326 366 322 100 597 487 300 474 177 374 256 563 522 211
20
408 214 174 251 509 546 447 161 340 446 119 441 265 319 541 353 270 546 137 171
20
468 226 276 331 238 117 337 354 131 134 261 150 273 390 212 539 252 508 530 252
20
172 469 124 568 104 125 425 433 359 306 384 175 401 176 418 593 381 320 426 541
20
232 189 107 361 459 435 467 173 596 289 266 495 360 593 240 378 543 335 116 291
20
483 125 206 327 175 269 211 561 588 367 260 464 467 578 283 322 320 499 414 203
20
406 211 382 454 482 294 262 401 521 487 496 262 337 345 306 202 343 119 118 170
20
467 289 232 110 376 516 190 138 541 207 393 595 461 563 165 218 449 432 278 336
20
260 395 136 548 258 539 190 219 237 345 590 523 105 264 249 383 280 241 491 451
20
245 126 379 479 461 357 513 181 317 111 401 350 334 414 586 499 372 327 226 418
20
532 500 538 170 451 223 141 176 345 117 369 135 479 500 175 512 355 223 464 512
