150
20
283 482 542 109 201 343 189 557 256 596 266 213 486 572 576 490 196 363 203 271
20
562 224 559 116 563 362 138 593 329 407 441 552 355 135 139 430 309 425 279 353
20
580 174 290 151 434 399 506 309 220 162 173 307 256 317 210 351 363 183 105 333
20
208 432 354 416 582 352 478 232 105 311 260 511 537 301 168 329 177 340 275 463
20
224 241 592 232 513 361 297 171 309 527 389 521 318 361 198 598 305 327 409 448
20
274 478 174 410 324 542 309 490 237 413 358 346 233 286 559 536 224 567 345 155
20
566 424 564 152 161 501 342 293 557 561 340 208 393 113 458 584 402 436 539 420
20
453 137 493 314 115 332 140 502 174 493 214 382 306 137 405 410 388 336 490 371
20
293 150 501 323 325 410 120 153 260 126 101 567 315 141 577 261 269 400 528 509
20
246 348 487 568 547 295 473 111 298 551 171 589 458 333 222 498 306 311 561 471
20
122 460 221 575 433 164 522 533 561 303 330 578 413 579 434 491 534 359 541 296
20
377 507 548 481 533 327 348 178 212 382 133 432 600 493 221 497 396 187 144 483
20
283 576 158 341 294 175 386 235 233 175 224 547 133 471 202 539 319 421 294 563
20
159 140 464 146 438 407 600 448 212 531 344 155 387 320 347 236 486 431 370 154
20
103 185 329 300 535 525 264 386 385 571 113 246 467 266 141 505 177 148 164 392
20
306 487 183 122 338 501 298 539 301 354 495 170 335 158 174 377 143 303 353 148
20
326 512 271 484 251 404 297 487 139 254 410 309 222 153 307 207 164 160 258 185
20
119 196 417 327 184 536 380 459 202 401 463 550 445 518 249 302 266 423 153 463
20
316 165 134 432 458 519 134 478 123 354 180 358 335 242 263 513 230 174 375 405
20
452 598 351 555 271 305 530 505 508 272 532 222 382 447 465 452 541 139 481 218
20
268 500 535 103 144 456 195 384 194 230 475 451 100 405 412 199 127 275 589 576
20
297 180 414 445 143 291 598 418 354 110 339 177 524 520 367 174 163 122 400 474
20
144 421 308 282 355 589 244 325 378 105 500 391 205 359 374 185 329 525 580 369
20
225 440 444 261 491 533 577 104 509 432 249 561 319 511 248 346 163 484 364 523
20
296 282 477 584 415 409 539 482 117 324 116 193 496 187 181 481 482 600 457 343
20
587 249 384 178 322 203 501 125 581 323 538 309 137 361 136 268 469 274 454 469
20
590 342 238 543 257 591 264 295 581 140 499 434 274 263 272 427 346 352 173 338
20
180 542 234 476 152 474 191 366 561 130 476 485 201 492 537 388 416 507 249 255
20
363 579 403 392 512 436 580 346 482 104 146 522 329 372 400 245 450 495 151 579
20
391 469 356 166 130 147 510 134 204 178 133 352 173 364 493 413 416 543 396 213
20
172 156 338 380 190 255 340 204 431 131 407 538 202 299 278 274 261 156 102 302
20
143 527 455 351 268 241 361 412 380 320 360 497 489 435 142 501 216 356 514 464
20
511 169 328 250 479 355 232 475 353 524 102 131 496 292 417 268 244 431 372 517
20
312 105 103 290 131 371 256 337 355 410 151 546 395 469 495 190 388 313 368 262
20
208 247 389 566 199 108 257 478 103 117 279 327 200 424 156 156 417 423 143 193
20
474 458 254 156 198 160 583 357 171 548 572 582 411 100 444 402 300 378 320 569
20
184 330 399 468 419 162 508 123 126 591 231 208 321 499 399 157 541 486 244 212
20
286 385 257 308 141 166 123 495 162 295 105 502 451 528 565 549 538 396 354 522
20
401 504 573 213 285 479 530 162 285 460 292 471 408 512 312 321 474 511 110 274
20
320 134 145 342 309 472 436 472 467 452 352 556 111 115 229 301 255 101 423 358
20
500 439 168 145 550 234 259 290 473 455 448 227 429 341 543 145 497 259 314 521
20
243 258 361 495 521 367 238 564 475 306 466 590 426 418 436 400 302 482 117 120
20
341 428 417 412 581 125 455 376 144 257 430 323 492 563 394 466 287 235 596 106
20
491 311 395 297 442 329 230 207 587 219 580 556 493 343 323 183 206 551 350 414
20
539 523 122 565 186 381 363 467 301 531 467 598 409 525 248 182 143 249 254 558
20
180 422 253 169 212 511 456 545 342 197 467 598 329 151 139 462 138 137 318 327
20
581 560 337 367 134 382 450 386 511 588 178 433 337 190 470 130 468 476 489 145
20
438 186 443 335 346 122 294 270 209 195 394 262 581 546 173 254 343 342 596 469
20
219 597 173 547 138 162 103 295 328 311 142 335 413 583 562 212 121 121 430 554
20
554 142 443 458 518 468 255 537 406 318 461 566 194 548 515 447 333 128 280 351
20
400 127 519 205 312 332 175 582 214 139 147 522 524 281 518 131 170 195 266 434
20
132 558 300 104 206 387 300 313 304 480 325 554 568 292 554 450 500 208 541 534
20
516 409 252 336 181 378 235 425 549 255 592 145 553 197 135 456 265 306 318 138
20
141 463 330 347 560 127 481 490 487 148 467 551 112 218 415 506 111 460 299 541
20
443 263 434 265 132 434 465 462 214 592 170 429 304 216 367 343 445 367 248 379
20
519 258 498 224 109 574 186 118 260 414 344 186 367 224 278 211 118 354 549 586
20
421 465 496 548 249 203 253 437 515 590 561 573 593 534 562 430 472 268 176 338
20
189 368 420 557 422 264 408 303 374 251 222 356 187 429 142 268 155 237 503 498
20
536 347 593 150 470 580 329 515 117 296 101 165 219 600 226 483 197 237 275 523
20
515 556 569 397 457 316 256 473 463 484 238 570 486 191 233 376 430 329 262 468
20
384 483 242 599 482 176 234 253 312 111 188 343 135 445 255 431 310 234 429 555
20
312 349 280 218 494 133 208 117 401 384 360 509 367 118 354 274 498 494 397 591
20
110 489 491 214 138 303 362 272 180 117 428 131 396 543 458 182 243 152 534 592
20
293 245 152 359 510 518 280 444 280 221 334 489 297 118 504 443 466 568 550 153
20
553 550 420 194 312 480 389 256 469 246 583 450 422 160 454 511 101 174 167 117
20
295 117 102 352 136 231 478 242 574 522 319 275 334 134 437 434 562 381 317 144
20
547 157 366 387 195 349 429 460 242 504 371 358 540 275 165 311 186 223 558 267
20
117 542 285 253 276 206 228 134 105 129 199 369 366 308 453 288 149 367 395 108
20
490 277 444 292 213 342 452 173 204 427 384 350 154 293 593 299 386 524 478 370
20
267 414 542 234 134 132 389 191 179 457 290 341 490 401 245 593 396 572 441 433
20
137 510 315 229 499 243 451 437 117 479 594 157 115 438 350 543 496 525 118 494
20
505 315 426 579 160 161 413 403 383 517 171 156 361 540 463 443 246 482 130 328
20
390 381 574 118 118 533 349 262 155 125 183 128 468 270 359 136 587 384 515 437
20
585 590 463 128 425 367 435 447 579 404 419 466 532 176 303 261 154 355 104 484
20
349 565 404 123 143 422 562 115 137 291 224 515 557 359 365 487 512 292 131 493
20
493 422 276 505 349 597 283 422 392 403 316 428 339 132 568 117 374 397 207 517
20
510 425 529 199 582 537 382 291 502 124 241 564 265 465 365 144 268 434 121 122
20
317 163 237 162 490 549 155 201 339 558 310 150 328 450 281 123 518 173 583 477
20
360 584 117 597 214 178 109 200 382 329 170 552 291 223 429 131 132 130 446 287
20
375 152 522 463 270 513 176 284 285 599 418 100 420 262 196 279 138 125 407 414
20
354 366 408 178 372 352 520 505 359 108 517 305 234 184 470 309 176 252 287 290
20
594 291 581 209 274 446 277 122 321 558 431 212 306 278 316 273 207 463 521 493
20
381 439 226 406 463 572 427 416 440 496 193 574 130 315 516 112 501 505 539 343
20
423 552 352 560 251 433 203 357 399 398 452 163 168 439 354 275 168 294 142 286
20
227 262 148 355 109 395 151 590 142 250 529 319 175 203 425 410 399 355 556 534
20
104 360 117 393 402 245 265 426 171 192 384 385 305 451 126 524 561 173 550 366
20
395 346 296 554 447 279 204 117 588 263 533 525 402 217 209 452 599 558 438 386
20
156 566 197 513 282 433 235 124 499 559 202 488 574 557 131 343 573 561 273 202
20
492 243 261 450 186 234 106 327 310 299 464 579 131 359 521 359 355 517 417 376
20
206 246 457 559 445 349 325 482 550 283 344 354 182 103 553 338 488 284 545 218
20
421 579 351 597 199 372 278 158 450 318 476 416 463 325 165 299 340 256 286 442
20
139 590 406 297 309 114 207 593 401 238 305 141 153 205 243 416 140 149 566 183
20
588 179 495 210 127 181 390 277 418 112 538 351 193 124 117 490 496 224 428 231
20
549 266 304 299 313 575 483 425 567 383 211 222 190 206 484 459 308 438 295 293
20
590 230 251 113 126 597 579 395 471 238 121 401 285 378 427 281 227 453 447 176
20
438 569 248 530 293 147 282 430 582 294 185 465 310 402 459 301 421 466 159 443
20
240 100 348 263 177 380 537 224 309 190 387 537 390 280 464 570 310 277 498 388
20
465 482 303 282 344 136 573 573 563 598 129 123 436 299 532 581 146 578 142 282
20
238 560 279 368 554 386 457 371 583 156 355 303 240 216 402 444 479 395 345 152
20
234 332 407 493 310 564 174 352 224 465 339 483 543 588 514 543 146 118 133 316
20
247 389 429 391 580 150 465 594 574 590 488 159 432 392 498 194 258 359 289 552
20
153 266 180 167 489 387 433 512 211 302 168 170 279 251 421 382 217 532 116 402
20
310 150 532 478 372 292 304 175 226 351 273 194 517 583 506 540 144 409 310 554
20
169 257 326 114 590 271 112 418 297 190 404 129 111 396 198 291 253 113 224 276
20
348 301 585 424 518 433 269 509 528 404 550 497 221 271 151 113 481 453 427 545
20
131 359 533 560 438 332 246 457 435 598 370 518 503 317 137 183 408 104 315 445
20
352 372 429 389 396 257 315 511 189 500 336 312 135 452 549 140 337 282 369 520
20
444 575 121 531 425 224 268 197 452 282 221 106 278 373 561 230 479 286 569 580
20
140 453 485 290 306 447 537 506 209 373 332 445 334 540 447 420 287 452 405 170
20
126 519 589 485 187 353 171 361 486 520 297 225 333 541 352 341 545 110 412 307
20
536 243 363 502 179 561 385 551 412 193 132 185 356 518 565 269 163 140 271 482
20
484 439 212 343 160 319 361 313 298 399 436 237 539 267 286 584 463 362 310 289
20
112 565 565 402 456 527 595 179 448 298 416 206 355 236 452 203 362 557 219 308
20
336 555 459 224 221 470 383 257 221 153 224 110 333 538 364 505 560 316 352 124
20
416 514 409 323 423 428 456 339 355 143 156 285 181 235 337 327 437 267 592 372
20
471 560 471 129 558 570 595 377 580 293 334 107 197 138 524 451 367 557 423 384
20
252 478 412 250 145 321 471 328 556 274 242 587 382 458 349 392 340 113 565 306
20
106 392 300 567 110 351 501 266 562 330 213 499 244 152 399 567 142 588 308 257
20
269 313 335 490 206 197 286 125 481 378 249 304 213 476 193 312 258 129 174 530
20
518 314 188 260 248 172 404 532 216 221 192 481 438 201 410 122 578 351 295 237
20
443 175 548 438 239 404 533 255 157 222 522 429 589 222 188 553 242 533 216 200
20
343 184 129 591 140 520 269 186 591 342 566 240 414 519 486 114 510 387 280 405
20
459 334 276 240 529 363 401 459 397 355 334 560 207 226 389 570 173 123 543 590
20
304 326 570 492 307 139 296 234 248 585 359 441 318 353 263 357 357 211 347 193
20
285 136 496 575 122 374 279 405 586 170 498 449 321 285 403 570 485 253 495 572
20
532 358 495 496 373 128 168 230 393 581 246 328 598 526 396 233 563 197 264 158
20
525 303 215 373 477 257 465 275 474 336 550 432 533 417 355 475 458 476 472 173
20
536 176 134 187 483 588 320 551 510 336 404 292 133 377 526 417 308 442 267 216
20
286 582 396 215 248 200 334 294 421 377 311 447 142 308 325 449 383 313 152 442
20
571 263 401 513 470 517 305 355 343 519 520 346 412 388 230 595 283 548 415 176
20
367 575 592 522 553 243 347 131 317 123 593 455 445 401 215 422 492 546 591 108
20
317 395 404 360 228 457 459 326 125 267 395 196 180 398 128 584 321 496 313 405
20
268 254 281 216 246 344 360 486 549 551 324 600 245 243 539 487 161 251 237 394
20
403 206 504 110 469 510 186 116 529 186 309 134 108 465 333 518 151 373 595 455
20
232 429 431 465 261 222 414 588 175 420 458 198 486 185 363 436 581 134 545 402
20
398 493 150 110 291 464 162 491 449 381 344 532 179 451 163 384 280 294 228 366
20
440 356 132 501 417 541 538 574 303 434 576 555 184 345 445 534 547 370 138 592
20
597 548 278 478 501 149 101 148 125 124 137 481 409 539 370 477 585 252 503 201
20
214 469 556 359 281 277 270 325 400 265 490 226 547 366 210 183 350 479 315 396
20
161 598 185 136 371 379 216 375 511 379 477 120 479 445 556 222 398 113 166 551
20
155 300 542 381 174 431 130 284 132 148 136 137 326 149 229 368 260 448 470 562
20
567 360 153 341 288 164 426 404 165 537 406 344 283 184 503 587 478 148 271 563
20
250 523 371 381 583 196 511 418 191 368 181 406 304 428 261 398 243 185 487 287
20
208 596 546 101 566 193 297 599 513 348 199 313 126 343 143 362 504 473 345 131
20
373 600 573 352 133 408 100 322 360 552 578 550 398 219 587 583 457 370 505 523
20
493 420 243 470 289 484 328 178 387 448 230 351 291 596 509 253 415 154 492 168
20
104 411 296 368 500 485 104 583 500 423 407 288 274 363 291 164 546 288 394 212
20
527 195 392 335 349 508 110 245 321 408 435 455 180 421 311 576 290 309 341 480
20
409 493 572 554 127 141 548 247 123 487 414 568 459 132 170 502 527 378 417 341
20
285 254 421 225 546 227 196 453 141 409 312 549 155 136 155 534 308 203 508 570
