150
20
567 164 208 513 292 103 512 389 364 109 199 131 314 109 515 372 462 261 547 446
20
184 172 435 317 132 577 539 330 358 385 534 569 353 189 584 166 202 579 273 577
20
549 151 294 263 493 155 551 203 417 155 426 478 573 373 493 217 356 368 406 120
20
196 492 233 566 301 152 470 461 530 546 484 562 538 535 282 148 386 193 290 479
20
481 566 585 452 540 553 325 326 425 413 275 340 564 460 381 139 310 197 446 124
20
406 259 262 546 416 446 106 237 467 348 116 332 372 526 495 181 123 157 109 157
20
596 537 194 285 503 394 563 388 518 488 158 596 148 303 573 317 453 142 402 395
20
218 142 432 478 104 121 425 395 377 524 433 202 112 149 239 284 279 101 468 117
20
248 561 522 375 262 545 547 204 196 145 545 556 112 178 307 148 221 599 293 219
20
494 159 114 471 520 372 194 441 423 151 259 562 419 130 305 159 471 594 256 401
20
160 253 365 582 512 100 446 416 225 136 387 246 136 589 312 107 147 508 302 241
20
312 157 388 200 484 203 225 212 259 246 404 234 581 124 448 514 600 235 360 201
20
404 350 507 486 346 114 100 224 295 277 473 560 150 158 218 128 225 322 324 412
20
565 199 476 581 439 200 302 320 478 177 447 559 466 599 592 532 240 165 240 180
20
487 102 487 180 275 557 153 274 266 337 188 249 208 392 532 407 550 274 111 385
20
328 557 371 159 408 245 496 241 140 123 532 434 336 431 570 169 410 274 179 301
20
407 283 293 597 211 576 331 354 557 477 365 540 468 150 573 110 366 341 419 218
20
404 349 392 527 159 122 586 156 465 312 325 244 404 328 134 161 583 195 337 299
20
308 106 234 510 526 580 436 191 284 176 195 165 357 336 297 524 292 468 263 283
20
233 437 582 333 592 281 125 551 518 109 393 318 124 456 273 277 527 301 566 206
20
374 146 254 565 163 406 232 262 385 317 456 107 249 107 261 297 214 292 267 544
20
541 407 144 328 217 318 131 441 472 120 348 381 405 161 357 495 148 421 166 160
20
543 576 349 114 187 560 140 424 470 546 446 149 332 321 536 230 244 230 330 101
20
536 198 326 335 307 292 245 433 421 330 265 369 337 182 282 325 389 239 231 301
20
158 321 431 183 363 506 520 483 337 599 417 497 292 172 503 529 586 126 529 205
20
400 287 561 142 175 388 227 441 170 187 316 586 440 593 304 109 118 550 326 316
20
362 359 522 396 502 279 205 305 599 231 399 530 366 161 345 413 596 213 283 550
20
152 256 594 472 294 191 183 208 322 369 498 117 194 184 413 237 582 538 476 362
20
197 504 418 316 444 184 510 356 249 591 322 168 502 523 133 196 455 391 291 350
20
254 556 389 376 476 393 210 341 220 508 383 449 357 502 130 519 490 481 108 487
20
103 419 254 484 113 580 597 262 348 142 270 484 522 492 576 157 294 156 159 503
20
463 260 513 508 533 554 170 478 436 494 161 522 457 178 396 518 418 103 442 425
20
474 270 112 301 209 311 157 504 422 365 163 422 473 313 226 146 424 532 184 139
20
397 105 148 486 141 595 340 438 262 554 329 144 400 598 323 250 560 246 264 152
20
361 445 597 369 237 202 471 354 182 406 569 577 412 171 112 386 515 587 312 286
20
226 319 517 190 222 145 145 522 299 333 178 228 240 169 497 182 173 290 427 230
20
562 294 338 483 139 188 306 371 571 288 189 444 208 490 280 255 412 438 512 358
20
452 268 123 137 324 486 255 476 484 327 143 242 498 123 247 331 134 434 175 472
20
184 581 274 152 290 337 352 511 300 153 448 527 371 276 386 534 523 224 412 141
20
389 378 257 471 372 254 475 251 503 453 142 563 416 415 194 340 225 527 276 170
20
128 524 162 592 251 548 337 398 555 113 342 337 398 206 256 194 153 264 518 154
20
444 100 465 149 112 192 425 431 423 565 320 509 484 531 407 316 356 227 255 393
20
152 103 468 306 272 343 599 429 585 513 505 438 461 171 158 338 269 423 227 587
20
228 442 589 573 246 525 251 379 144 329 257 324 109 573 440 215 513 508 200 149
20
217 425 451 262 320 281 447 588 283 437 225 444 112 566 428 549 213 566 201 353
20
486 243 248 137 351 159 425 402 598 121 250 597 194 281 189 200 184 461 335 489
20
125 434 217 109 405 520 378 454 105 323 589 511 146 191 480 453 588 249 366 583
20
555 360 228 178 415 151 212 121 395 194 448 239 219 540 590 442 489 538 537 303
20
381 381 255 245 197 430 367 587 325 597 478 161 361 557 553 203 453 445 592 578
20
568 567 274 590 166 314 152 107 256 247 286 322 441 187 345 600 418 264 426 522
20
104 367 437 105 429 600 199 361 216 435 241 174 148 165 437 288 330 500 482 303
20
499 125 382 504 437 596 459 304 156 171 592 544 393 494 510 399 450 140 497 257
20
412 584 224 462 378 480 539 215 535 239 501 386 207 546 245 395 267 498 283 316
20
530 455 561 133 510 573 583 124 293 236 267 457 368 484 333 247 244 414 214 216
20
401 523 439 562 324 553 355 586 499 279 387 229 585 313 549 175 580 393 203 170
20
363 172 447 492 388 103 386 155 287 153 524 320 427 318 590 268 490 177 571 559
20
320 183 117 111 150 482 131 363 511 249 505 328 226 476 448 194 141 507 263 193
20
317 359 340 496 553 208 361 287 328 252 454 388 401 494 409 462 444 316 205 300
20
315 369 168 526 578 270 306 173 577 380 312 122 150 283 429 438 590 236 554 345
20
228 600 531 375 580 102 284 238 475 360 113 167 333 571 197 235 351 304 598 265
20
256 415 302 424 116 534 532 291 481 376 398 165 372 431 485 586 106 589 173 534
20
223 294 153 140 304 264 303 338 410 302 194 110 518 599 313 325 185 545 370 296
20
100 319 474 574 195 579 366 398 220 248 376 259 577 552 501 531 429 137 257 190
20
561 573 263 292 250 367 591 478 419 410 378 258 217 429 374 552 532 125 330 158
20
529 237 365 313 589 100 256 329 476 244 494 277 445 521 462 404 291 325 568 158
20
101 249 395 433 193 481 393 202 285 454 456 272 334 161 517 532 266 344 465 100
20
421 596 547 442 343 310 178 502 529 390 476 407 160 168 261 452 505 538 197 267
20
540 305 562 543 456 248 545 322 437 342 490 214 329 206 470 408 132 564 355 293
20
227 295 129 461 324 510 347 333 490 554 207 192 477 405 491 133 307 518 356 566
20
409 525 365 295 335 419 268 234 299 480 214 462 497 559 535 437 512 326 296 430
20
462 111 569 112 231 500 367 315 346 328 101 271 546 568 273 297 328 393 217 256
20
325 551 588 139 533 388 283 244 266 562 547 479 106 147 178 240 493 394 484 132
20
303 500 282 527 137 410 545 483 210 201 517 526 473 480 171 187 507 327 307 113
20
469 108 275 392 512 414 289 324 438 110 193 164 448 265 188 411 443 144 304 147
20
421 171 203 267 129 394 342 170 485 210 320 447 454 135 174 348 491 286 557 509
20
127 336 548 306 223 527 285 349 177 359 289 491 201 249 198 583 511 569 214 109
20
540 165 543 404 490 449 585 317 447 127 343 336 517 240 519 109 103 329 266 359
20
403 522 500 427 217 536 337 267 441 211 393 284 336 459 563 283 533 505 574 378
20
210 375 528 237 126 129 120 438 394 446 487 258 320 528 359 245 111 145 394 541
20
510 179 304 220 449 190 379 562 591 204 164 399 466 521 113 571 432 535 157 418
20
400 121 553 586 341 365 460 531 587 387 556 227 148 238 182 254 257 313 193 401
20
263 339 476 505 268 332 465 307 455 209 277 111 285 109 298 534 196 426 101 214
20
568 130 234 476 496 354 144 567 154 416 242 463 113 144 229 492 502 333 286 247
20
461 127 256 183 596 402 411 103 106 570 178 518 576 266 494 466 224 301 432 158
20
459 576 534 360 556 146 156 307 466 200 467 389 457 323 312 433 177 560 361 224
20
595 413 226 415 228 176 266 204 104 227 229 146 562 239 571 250 196 298 334 492
20
183 188 363 306 446 352 470 544 559 104 463 454 122 571 266 121 190 398 103 127
20
557 566 590 491 159 556 547 298 518 122 263 500 241 515 178 232 425 238 231 133
20
546 245 471 290 213 275 219 430 386 500 544 380 344 212 527 130 325 548 299 114
20
289 408 565 532 558 273 573 517 576 326 320 563 376 374 346 540 376 423 231 533
20
540 409 265 275 195 421 196 154 392 185 304 163 587 185 595 337 583 492 466 191
20
415 417 431 137 383 545 111 428 102 179 338 101 467 395 423 281 197 436 136 379
20
565 132 567 495 403 110 282 148 193 146 340 448 248 514 273 500 226 382 468 142
20
118 119 465 200 125 428 332 384 431 223 148 223 566 248 157 434 547 193 460 130
20
270 389 527 117 316 149 363 340 260 515 290 569 281 352 392 227 593 143 519 168
20
442 361 465 194 301 343 410 161 522 375 161 470 563 538 191 398 369 458 346 328
20
112 204 600 288 178 269 535 162 451 597 136 427 435 332 421 555 305 106 381 182
20
216 509 329 160 363 477 580 186 231 284 353 101 128 172 315 208 485 115 579 363
20
181 528 545 324 122 381 315 587 398 106 235 468 355 312 413 512 296 389 146 336
20
475 515 346 201 554 336 344 399 295 169 469 481 353 345 343 487 452 472 457 105
20
481 276 554 529 196 284 346 557 533 503 347 335 317 339 329 443 225 166 415 471
20
586 281 526 352 365 544 600 301 292 404 166 592 463 470 179 389 454 272 433 127
20
548 425 597 530 219 204 413 300 236 241 349 122 173 480 181 342 424 374 504 528
20
209 421 185 293 461 204 180 138 349 182 275 333 275 551 514 338 528 315 225 266
20
340 262 386 253 520 495 467 584 198 553 530 360 236 487 331 595 187 237 348 419
20
306 225 451 305 189 467 116 310 562 159 353 348 407 550 121 115 448 194 564 168
20
160 456 402 391 388 148 340 415 406 179 424 204 106 354 479 524 203 461 335 453
20
524 370 387 282 363 506 220 269 170 590 461 479 387 201 540 174 277 426 540 194
20
498 433 101 137 103 383 432 366 569 382 254 485 369 119 585 555 182 597 113 600
20
560 108 504 253 337 109 180 429 388 262 409 408 247 412 239 151 444 309 421 534
20
408 525 190 540 310 453 408 387 231 130 172 186 170 567 460 181 470 100 182 288
20
410 185 120 444 469 484 414 341 242 344 459 569 123 579 195 205 191 486 363 585
20
324 345 158 376 354 564 174 530 535 352 464 309 161 344 490 127 372 340 200 538
20
402 504 124 224 559 217 460 507 583 412 387 471 374 337 188 140 205 573 264 162
20
271 444 188 540 300 381 567 317 587 237 433 367 191 122 285 252 431 418 383 351
20
551 593 267 596 449 570 429 405 259 253 415 235 168 484 108 342 457 349 224 489
20
531 514 413 229 122 190 475 474 101 229 191 469 396 304 337 362 327 373 383 202
20
210 458 294 480 591 315 342 291 520 379 370 510 396 228 178 336 229 234 451 173
20
508 265 283 480 414 122 243 471 367 346 561 196 412 431 252 236 494 319 466 233
20
228 215 221 433 323 349 122 265 472 163 499 539 560 231 141 218 401 384 597 369
20
245 537 370 409 272 543 276 414 553 510 237 336 180 227 562 449 395 453 141 350
20
294 370 480 366 559 192 531 419 145 264 514 231 198 107 204 384 308 122 342 367
20
494 578 406 251 206 460 577 282 433 599 440 358 394 433 284 469 420 354 470 352
20
516 169 274 381 117 436 349 554 580 435 235 202 423 242 386 222 584 156 377 211
20
490 298 565 506 316 354 472 287 541 270 400 332 449 152 135 580 159 129 241 277
20
238 144 216 102 333 111 381 403 587 281 240 456 366 286 152 524 223 519 313 428
20
252 312 589 108 483 468 584 558 427 163 355 529 493 348 576 429 372 554 346 436
20
454 428 553 267 389 294 135 546 258 208 591 102 490 264 357 565 293 158 159 194
20
108 267 197 158 487 435 139 300 273 366 399 232 123 444 389 340 270 411 497 481
20
330 109 116 398 325 288 450 531 597 264 418 213 213 104 255 581 316 311 510 143
20
296 296 570 106 566 216 422 250 203 164 122 547 302 220 304 336 311 364 183 481
20
178 457 100 190 321 454 136 363 470 292 380 394 475 272 506 164 227 439 581 245
20
396 525 238 318 336 245 315 188 209 390 258 142 230 439 362 393 227 318 230 419
20
246 347 367 277 178 329 486 594 480 266 286 208 518 258 578 541 219 478 225 403
20
305 429 550 122 226 415 321 263 581 429 165 273 226 355 539 247 158 303 133 254
20
110 254 139 469 320 279 520 187 490 598 343 287 169 229 455 558 574 302 500 361
20
102 260 472 167 524 357 336 288 468 569 337 297 348 136 297 595 206 376 321 280
20
287 160 447 105 122 527 382 243 174 444 212 428 339 527 112 381 337 342 391 396
20
378 498 387 285 306 171 486 483 520 156 515 391 339 148 234 586 379 217 409 496
20
401 163 270 318 394 499 447 251 465 136 479 462 589 581 263 523 226 581 541 404
20
563 531 439 283 456 319 193 535 514 282 167 505 444 180 137 163 206 566 383 163
20
123 398 554 345 391 565 135 399 144 286 266 404 432 185 240 454 208 107 553 303
20
156 448 211 505 466 302 446 207 250 117 189 114 259 288 276 427 141 201 154 488
20
285 310 191 442 355 326 286 233 409 547 447 384 530 208 128 520 577 349 168 468
20
584 265 259 147 123 507 385 549 559 384 567 329 420 187 368 210 350 476 327 252
20
500 315 384 265 428 161 303 362 464 215 178 415 157 259 577 251 461 554 450 530
20
539 372 132 145 577 445 452 596 571 503 372 178 518 135 217 429 284 154 366 261
20
332 428 579 344 425 575 234 533 175 522 545 136 462 167 420 565 164 543 446 489
20
121 308 411 217 256 286 519 252 529 116 248 148 238 150 496 593 298 489 145 450
20
419 452 340 583 492 365 472 431 150 314 154 231 127 589 564 396 299 152 519 119
