150
20
475 267 509 414 313 146 471 259 409 375 385 414 440 477 524 423 436 153 345 117
20
437 580 432 232 584 526 133 578 239 546 361 152 418 304 524 465 543 482 490 283
20
350 499 413 416 586 529 265 562 251 209 193 422 576 519 517 349 372 564 538 510
20
377 596 317 312 592 169 346 201 278 385 320 150 422 114 227 263 188 222 388 541
20
266 206 397 563 557 481 450 599 474 379 372 223 311 542 141 556 478 537 277 327
20
580 200 223 376 126 304 435 450 140 397 527 257 565 171 186 133 173 300 223 238
20
549 187 297 598 130 543 329 256 551 203 485 492 161 270 376 229 171 164 441 192
20
582 210 528 233 569 567 151 542 446 347 333 175 527 415 363 301 293 147 397 229
20
360 130 350 390 424 204 220 282 504 328 272 582 134 431 418 361 367 498 229 450
20
179 439 423 375 144 496 270 262 288 331 247 538 512 338 583 386 416 195 538 541
20
418 151 406 503 473 486 502 357 193 370 174 386 121 296 161 178 546 238 524 286
20
220 246 472 479 158 556 102 336 576 356 151 158 144 327 408 293 293 518 596 522
20
192 334 536 578 317 315 466 400 169 109 519 586 372 305 151 116 153 576 311 414
20
588 109 191 130 102 200 344 467 591 226 305 300 249 518 416 320 415 579 145 189
20
290 289 531 591 372 490 296 230 290 534 309 275 275 129 319 402 391 278 330 242
20
411 212 575 268 108 162 434 236 266 192 133 431 205 327 502 140 516 474 190 266
20
585 166 574 227 421 239 272 593 491 516 129 190 194 527 468 313 102 330 171 417
20
492 123 388 539 346 304 399 276 445 321 289 468 384 224 301 164 479 127 391 564
20
395 185 464 316 472 574 196 142 574 364 104 328 466 160 315 305 338 146 438 104
20
129 571 324 489 509 132 229 144 573 226 353 352 540 346 342 253 114 304 260 444
20
180 253 173 337 388 570 322 582 449 310 253 436 510 262 588 162 125 517 109 500
20
552 360 534 413 512 167 564 446 549 469 376 471 111 180 173 434 277 264 390 568
20
545 520 342 388 532 278 102 256 126 465 270 158 183 574 106 180 333 532 170 409
20
267 485 566 427 533 210 246 442 367 550 301 477 157 207 481 306 110 587 544 234
20
125 600 566 276 111 121 333 463 422 499 591 241 340 285 320 378 301 100 587 360
20
244 360 594 481 407 438 199 363 428 109 345 103 453 561 589 153 488 559 137 163
20
322 581 597 574 564 444 295 245 497 429 531 216 458 318 543 223 347 474 485 229
20
191 475 254 512 111 268 362 167 231 225 568 403 458 187 337 385 352 298 176 454
20
262 535 569 324 283 136 490 320 565 535 345 538 107 375 305 157 411 447 387 429
20
532 394 380 515 538 516 330 354 326 473 450 466 260 144 368 496 325 579 378 391
20
489 288 434 513 353 158 479 249 253 200 168 296 228 107 236 345 469 293 298 112
20
555 571 363 397 468 557 568 458 124 208 155 528 164 290 455 477 420 421 488 525
20
311 139 327 107 592 201 279 397 139 214 465 139 368 328 175 401 484 468 210 294
20
142 554 323 443 498 368 422 218 296 345 515 116 434 222 500 509 218 285 470 223
20
193 259 433 411 420 565 179 305 385 360 247 503 188 574 269 200 565 262 582 199
20
133 442 545 294 425 449 444 276 248 308 226 305 493 266 284 496 402 334 491 141
20
139 560 411 495 518 468 581 385 519 210 344 413 556 120 506 355 310 184 541 534
20
585 136 374 496 456 236 162 262 576 500 164 566 322 304 499 311 278 184 478 147
20
516 331 511 303 148 462 418 219 344 480 336 229 367 475 244 340 170 254 177 248
20
215 400 116 335 348 167 213 353 443 358 262 571 100 108 327 126 473 412 599 498
20
594 134 534 223 579 464 536 460 428 457 115 243 446 462 285 352 521 100 159 111
20
531 597 564 225 566 482 202 123 315 492 167 275 351 185 309 225 231 552 320 167
20
181 425 138 388 489 200 246 201 227 556 386 117 519 284 195 193 201 519 361 193
20
154 431 370 124 184 492 502 521 377 182 533 133 539 282 194 311 340 226 252 116
20
362 391 225 451 233 158 111 207 401 244 555 118 109 311 501 517 147 519 352 484
20
128 568 105 270 433 599 231 583 338 398 163 555 125 544 259 103 492 276 403 594
20
370 500 343 180 409 342 382 338 442 211 190 263 182 355 161 117 294 576 292 419
20
346 296 215 399 202 317 164 439 554 230 250 285 327 121 469 416 188 181 222 336
20
587 497 390 399 183 186 438 246 349 192 585 502 459 549 498 312 316 567 539 470
20
547 300 262 288 541 477 303 390 149 456 258 223 372 148 215 130 532 390 376 114
20
576 243 190 388 505 303 576 205 330 284 336 252 283 292 492 439 132 373 376 267
20
502 515 548 355 184 481 518 314 430 101 479 154 202 124 163 200 517 453 188 490
20
147 335 484 120 454 299 279 325 284 118 249 598 123 438 324 129 113 373 434 252
20
385 105 216 288 475 443 231 193 595 365 351 228 206 413 436 513 480 360 251 189
20
104 395 318 295 245 582 360 547 207 182 505 319 184 129 114 484 287 440 260 184
20
547 267 361 253 472 268 293 379 465 462 353 394 246 337 546 597 261 380 221 600
20
446 480 213 409 173 549 495 588 335 219 237 349 169 423 530 450 564 545 183 481
20
408 298 147 587 152 248 349 487 130 531 386 376 495 473 140 468 430 313 332 383
20
306 306 214 198 524 518 172 124 523 307 482 558 548 132 137 378 463 245 494 501
20
263 233 294 353 341 328 280 205 495 363 524 184 361 569 565 343 430 599 179 133
20
515 491 219 506 135 557 363 245 374 110 574 569 203 464 131 232 420 457 219 320
20
320 159 279 545 492 233 594 474 534 320 269 458 425 235 414 348 534 311 136 193
20
365 172 237 438 282 299 523 141 215 333 320 319 348 404 221 574 447 550 256 288
20
201 169 254 280 435 248 138 386 160 439 477 265 151 433 432 552 585 180 592 108
20
160 477 360 286 406 282 300 319 137 219 299 532 166 308 468 556 445 140 312 174
20
145 330 456 105 308 349 444 386 230 552 102 524 390 132 434 297 379 534 449 285
20
111 579 217 284 586 242 434 207 242 149 518 299 200 137 577 554 179 107 319 166
20
489 429 247 487 163 295 269 561 279 379 100 248 191 227 396 518 102 199 187 553
20
558 148 323 347 569 226 407 301 444 116 131 499 328 469 559 459 462 526 432 178
20
483 579 272 377 241 322 156 441 388 384 579 174 538 364 455 469 304 127 479 148
20
506 549 286 541 456 101 113 535 462 222 424 256 482 345 327 243 296 233 303 558
20
304 251 454 567 378 495 419 581 453 101 201 386 326 441 180 363 582 464 515 586
20
171 557 168 317 277 203 362 558 349 434 184 600 580 518 558 180 367 586 313 433
20
347 165 446 197 113 116 148 442 137 262 400 121 286 492 267 562 313 113 395 335
20
370 205 250 537 442 192 377 102 220 322 102 198 525 105 410 136 494 177 185 360
20
278 162 512 309 366 489 138 233 434 439 576 146 500 496 375 532 229 500 318 435
20
521 289 105 312 246 561 508 331 170 471 305 554 364 301 241 419 206 189 486 444
20
216 297 222 500 109 131 206 495 101 295 282 527 154 388 537 413 597 275 184 243
20
429 446 497 501 177 404 235 139 362 269 383 341 105 466 321 161 399 412 197 268
20
361 552 168 491 145 330 447 477 454 293 172 408 423 324 436 150 101 197 367 160
20
379 484 472 344 425 272 482 600 504 345 131 225 495 323 423 155 351 538 127 108
20
589 306 112 376 568 108 417 140 135 189 285 494 164 225 368 462 103 327 351 514
20
141 197 345 238 351 586 250 504 421 242 378 126 227 440 446 128 472 478 552 128
20
346 302 265 182 540 550 351 534 563 318 368 467 106 455 161 553 499 520 210 339
20
154 482 133 343 165 424 242 137 186 293 268 178 117 506 398 180 362 157 584 177
20
102 555 533 153 185 250 249 101 567 129 556 293 133 474 547 196 241 291 327 413
20
599 351 391 364 493 219 339 512 449 436 506 364 395 219 340 577 264 383 397 157
20
536 339 258 244 452 191 170 499 413 580 244 322 573 150 461 336 225 117 485 265
20
175 288 391 489 408 154 276 154 118 410 256 243 128 296 292 443 598 580 350 479
20
254 332 308 203 224 337 482 481 152 374 438 276 151 288 184 227 538 408 568 484
20
559 415 494 170 546 201 572 504 510 319 116 414 182 241 405 279 328 355 165 423
20
398 285 596 164 387 312 585 311 312 477 443 199 123 216 409 132 300 279 166 566
20
170 210 176 464 427 516 109 508 480 313 446 515 575 483 237 562 396 180 294 462
20
336 526 219 225 264 309 596 352 384 167 499 282 466 132 512 312 550 381 582 298
20
247 242 279 531 184 289 103 258 484 146 520 119 387 350 496 309 216 110 543 295
20
133 310 269 489 205 174 283 107 353 278 474 301 324 342 115 446 286 434 486 539
20
576 250 132 446 381 112 205 574 415 323 451 544 535 435 178 415 108 463 244 517
20
285 547 524 197 520 292 157 382 432 451 213 392 417 401 563 470 305 234 158 115
20
572 301 200 117 152 526 440 109 308 403 339 308 137 504 239 336 310 256 395 159
20
416 365 135 433 398 184 327 257 580 409 170 348 428 230 103 418 164 596 291 309
20
165 360 417 219 128 349 363 327 208 386 561 573 369 418 388 316 516 232 330 439
20
343 420 264 480 478 579 589 278 483 471 170 184 481 295 285 226 279 539 287 294
20
509 347 265 186 200 350 523 550 122 592 504 228 203 120 115 277 157 461 419 401
20
124 109 505 508 106 523 551 189 225 314 570 166 119 477 380 540 533 545 165 456
20
215 287 596 329 290 198 301 382 179 118 177 338 222 422 470 530 540 228 455 584
20
574 414 311 504 471 104 580 271 265 146 394 464 499 426 104 280 405 356 484 348
20
158 368 546 504 475 248 414 491 369 395 385 468 468 414 219 504 350 260 347 485
20
370 457 216 136 152 202 461 262 122 113 207 505 195 343 258 191 502 429 545 176
20
551 280 342 539 347 217 592 537 276 566 241 346 245 227 469 315 566 268 529 331
20
492 171 554 472 298 120 504 590 194 271 517 197 454 391 147 393 320 307 157 501
20
360 128 316 347 119 312 123 465 352 385 277 275 520 386 176 290 481 260 308 591
20
271 473 297 373 168 241 231 393 547 448 129 202 363 598 455 201 119 119 128 153
20
177 336 235 279 290 205 301 321 369 468 534 125 185 151 428 476 422 560 314 398
20
552 248 477 194 256 120 428 366 128 544 390 349 218 146 200 320 391 229 458 425
20
371 562 541 225 459 267 467 337 258 462 199 468 152 329 429 390 582 417 558 155
20
117 453 465 489 337 400 492 225 472 136 209 139 378 182 157 439 323 221 536 498
20
139 125 465 452 363 203 238 106 336 485 473 226 239 312 166 217 237 415 530 262
20
189 465 407 101 469 161 463 403 381 579 589 248 109 524 342 235 310 202 389 175
20
459 571 565 305 150 255 223 458 432 260 586 481 382 458 276 449 140 461 255 594
20
248 313 127 422 447 239 594 117 581 239 595 201 151 501 248 365 338 120 522 423
20
168 459 388 212 312 467 506 540 539 420 563 238 363 164 388 357 144 395 572 472
20
185 401 253 477 225 377 291 277 121 405 514 399 271 578 456 277 184 293 188 311
20
242 300 177 519 159 223 322 340 267 176 472 179 105 253 145 107 533 334 328 589
20
448 591 501 371 530 520 395 314 530 190 125 229 153 488 570 311 567 544 458 225
20
225 550 198 254 563 126 446 271 562 275 499 113 517 463 293 447 503 502 446 539
20
173 260 535 228 418 238 568 514 446 542 599 313 506 547 293 270 363 244 147 508
20
543 114 233 538 229 443 416 406 277 522 250 490 127 503 504 573 286 244 424 434
20
256 359 569 406 182 272 486 172 337 414 537 129 268 448 157 218 140 299 461 469
20
370 462 362 270 399 580 555 497 511 452 475 356 236 560 388 383 433 391 330 558
20
156 547 403 272 360 478 109 312 471 415 128 572 550 192 426 548 271 426 447 573
20
413 524 345 210 314 347 313 520 232 268 272 182 269 152 206 479 181 460 596 146
20
229 149 332 340 117 281 298 483 335 400 442 365 328 476 594 199 560 556 592 236
20
102 180 231 164 358 366 337 225 155 392 581 448 354 182 461 362 373 322 378 168
20
167 100 547 459 426 124 155 333 488 547 497 383 191 470 548 204 525 359 137 490
20
530 554 548 520 559 277 565 239 375 340 515 353 389 128 158 396 429 566 259 236
20
533 333 463 270 304 447 309 238 287 318 567 587 425 303 232 464 152 381 101 335
20
266 142 255 526 461 543 255 441 299 126 236 428 149 258 423 332 309 545 461 479
20
590 508 464 371 369 548 397 428 518 274 214 546 121 340 299 489 560 525 259 288
20
279 563 101 501 157 187 350 103 198 430 267 405 469 428 131 164 178 481 347 435
20
344 326 410 593 380 164 338 557 490 159 216 200 493 226 489 315 396 527 254 213
20
168 492 418 516 220 101 570 174 402 116 208 206 311 340 511 290 535 269 457 465
20
258 349 341 105 549 358 412 578 319 145 454 542 403 114 538 170 579 417 204 588
20
443 102 538 538 576 155 208 137 244 496 187 100 440 499 160 328 264 214 212 255
20
445 563 383 435 312 476 393 591 532 157 482 500 453 266 499 302 582 240 448 468
20
385 462 102 307 141 478 203 338 382 173 269 227 474 431 448 300 173 592 294 292
20
339 373 346 276 343 438 133 133 414 471 516 239 412 150 570 202 356 166 272 254
20
395 153 221 191 292 545 257 105 168 186 431 157 429 580 324 276 500 517 144 378
20
188 525 268 392 320 101 401 422 244 142 476 125 395 440 583 589 359 298 468 400
20
505 437 200 493 165 597 495 429 261 543 587 147 567 466 226 324 438 249 163 503
20
404 481 547 408 196 152 315 495 261 263 431 223 488 130 556 171 543 560 467 268
