150
20
411 225 469 322 529 361 155 244 162 359 188 312 497 290 206 359 103 337 407 376
20
123 144 206 463 217 563 213 186 438 203 196 310 260 329 115 539 386 596 200 127
20
231 161 370 416 485 386 191 331 101 285 100 543 329 367 588 501 195 163 218 449
20
540 126 566 401 123 507 372 578 230 418 146 265 506 225 201 399 134 600 292 223
20
239 563 562 316 434 104 413 149 208 458 582 395 527 476 180 100 344 487 392 424
20
266 477 100 421 438 229 327 157 239 210 303 579 342 534 225 258 303 271 328 432
20
375 209 104 478 387 543 205 296 136 488 548 237 363 394 168 361 529 336 489 243
20
109 523 278 100 153 128 141 447 117 375 128 402 331 395 498 311 553 221 340 495
20
178 218 270 397 325 424 394 380 100 303 467 481 540 513 399 186 398 514 245 317
20
441 293 599 532 240 584 172 424 128 239 531 400 301 456 213 199 423 450 533 372
20
318 353 432 306 183 387 469 101 245 359 128 150 270 352 494 283 529 595 454 474
20
578 222 350 424 397 381 156 526 430 352 503 491 377 105 451 472 202 419 545 416
20
104 152 133 556 420 504 303 149 447 403 118 295 577 599 520 333 556 223 543 109
20
391 264 497 519 353 531 419 520 338 575 533 214 364 541 358 139 478 284 240 133
20
596 337 138 395 464 162 274 510 110 456 179 346 391 425 177 418 380 540 379 560
20
191 260 420 458 107 573 355 588 156 532 124 563 198 347 591 317 146 469 328 403
20
494 159 119 312 295 113 466 334 299 561 525 152 208 262 217 482 185 545 594 383
20
439 512 519 305 144 575 586 344 461 348 367 152 589 275 114 191 258 237 258 183
20
445 413 520 301 477 231 281 417 359 182 327 300 575 419 264 517 212 340 153 107
20
194 328 247 207 387 378 121 319 130 424 197 374 191 315 148 198 274 114 102 499
20
199 410 563 216 122 164 197 410 597 243 137 118 149 491 314 270 240 451 538 195
20
146 495 578 333 409 241 361 213 439 327 194 218 504 543 410 447 293 323 483 448
20
344 184 485 399 495 365 158 323 409 103 527 511 416 127 168 222 201 597 215 462
20
121 593 379 591 508 318 287 183 501 155 170 394 325 452 330 476 554 152 542 115
20
182 222 111 322 493 565 562 265 434 568 192 365 314 223 215 585 425 464 515 486
20
322 243 486 384 535 162 317 224 416 387 556 505 217 274 408 304 307 466 573 270
20
291 151 103 582 379 471 378 580 512 467 402 372 476 407 217 584 387 584 399 594
20
409 257 104 417 569 107 526 414 562 187 154 235 510 265 430 318 217 297 302 145
20
132 528 399 578 140 234 225 576 218 261 142 517 225 122 463 406 495 466 289 595
20
147 536 502 480 356 286 474 241 571 173 216 104 323 279 434 315 126 154 391 123
20
481 335 355 334 182 534 451 253 537 385 242 163 210 449 483 437 576 532 124 277
20
556 297 562 530 223 424 519 308 434 233 250 296 213 245 298 354 230 280 573 451
20
290 235 319 575 265 123 274 182 356 556 541 118 344 496 331 475 453 278 551 131
20
161 135 163 426 110 359 135 273 299 175 378 443 521 128 440 231 319 372 294 332
20
281 457 345 503 330 492 142 265 185 342 469 419 538 295 123 582 582 237 462 414
20
541 384 194 428 457 429 143 444 558 386 497 183 281 588 506 191 533 512 177 155
20
476 401 569 465 333 463 305 233 395 423 597 529 336 178 103 462 420 382 442 576
20
263 334 533 565 596 403 595 480 477 267 351 300 411 567 526 497 574 363 484 381
20
526 333 309 141 103 127 411 570 372 559 573 550 541 501 300 319 287 293 126 456
20
119 391 144 205 193 437 280 568 162 535 326 454 600 540 159 466 213 393 444 112
20
598 282 163 157 455 253 142 421 476 443 142 260 304 429 304 320 312 236 174 431
20
281 160 536 526 227 594 239 502 113 351 346 226 103 464 129 468 141 560 579 163
20
493 347 299 337 480 323 292 310 377 469 185 531 347 241 266 316 196 274 572 384
20
160 172 155 313 375 215 153 369 434 482 502 499 164 226 423 363 487 510 147 479
20
600 154 495 113 448 322 263 283 116 584 240 197 400 260 484 422 250 564 278 232
20
551 133 566 110 530 140 342 262 507 164 436 576 219 587 354 265 301 450 121 547
20
500 538 368 430 576 273 366 530 183 225 344 474 581 168 255 214 415 270 424 205
20
292 149 442 385 495 106 468 171 352 360 462 416 444 363 584 119 423 100 101 554
20
109 485 343 130 534 285 185 223 481 330 136 592 170 467 445 288 407 365 240 301
20
131 389 480 194 399 468 313 293 383 195 583 489 580 245 467 501 318 316 106 570
20
496 511 168 525 217 413 325 530 510 235 299 439 376 304 545 526 280 439 425 222
20
354 514 316 216 227 206 562 153 456 281 152 183 246 393 527 423 394 208 339 145
20
308 510 156 374 348 439 181 178 434 460 280 581 138 325 235 573 243 196 200 206
20
214 445 547 469 422 296 498 482 477 498 137 140 483 381 340 339 208 269 534 345
20
459 516 563 501 275 206 199 323 436 298 282 289 181 586 213 416 215 529 554 436
20
332 205 510 414 244 536 264 105 256 544 351 583 249 167 587 534 513 283 358 208
20
496 201 538 546 131 324 427 341 527 337 565 117 597 339 416 475 178 160 248 600
20
547 559 420 113 437 258 534 255 481 551 309 283 575 410 395 271 481 228 490 262
20
586 549 521 285 152 123 527 501 145 101 406 462 588 234 207 195 508 212 510 324
20
218 316 487 377 202 270 142 404 228 150 424 314 364 273 215 296 297 385 296 350
20
499 545 439 194 138 522 270 167 505 347 520 185 453 225 194 481 292 352 295 143
20
169 313 294 286 272 218 109 577 163 281 167 111 587 244 227 339 281 390 151 497
20
433 410 345 453 285 288 541 471 353 403 344 145 108 171 166 534 326 516 366 514
20
549 429 199 383 207 592 210 347 320 352 594 553 389 168 100 141 137 306 573 105
20
386 569 573 497 386 464 162 308 155 278 561 166 530 313 461 115 274 292 412 317
20
261 494 491 258 165 142 179 320 275 153 312 377 582 561 486 528 223 199 135 247
20
419 243 332 169 287 153 416 228 518 569 242 327 574 557 286 467 101 327 505 176
20
141 222 168 508 303 221 547 396 454 177 102 316 431 413 573 453 404 546 264 101
20
572 238 545 369 397 388 446 348 331 233 581 201 165 230 281 299 581 206 106 190
20
409 510 488 333 104 584 521 177 316 146 275 205 292 309 420 414 594 112 109 569
20
124 553 311 298 140 551 352 407 429 126 571 305 561 250 159 424 172 307 111 258
20
215 192 159 571 383 196 519 258 160 592 491 314 566 379 488 419 349 522 110 361
20
577 346 359 431 267 204 119 372 101 308 363 566 343 162 362 469 191 121 513 591
20
514 210 179 359 129 433 335 524 106 284 122 222 518 387 121 171 458 319 514 573
20
588 441 432 240 275 378 592 253 559 515 424 145 338 115 151 148 199 168 596 372
20
287 483 209 386 441 128 525 255 167 522 558 482 509 565 306 542 229 141 393 474
20
416 511 160 517 190 144 523 451 431 593 166 401 339 352 281 197 472 205 194 432
20
425 369 414 143 595 209 265 414 167 247 581 190 570 339 272 422 137 126 488 108
20
388 255 509 358 369 451 340 324 402 532 482 191 442 171 585 454 477 510 508 148
20
244 313 247 403 472 592 584 382 561 422 277 455 206 418 391 408 334 200 276 535
20
471 417 401 290 597 443 293 102 392 376 182 196 439 163 134 229 235 505 360 340
20
234 336 445 205 563 323 569 512 282 483 584 214 363 191 130 424 354 507 204 381
20
524 408 139 586 154 531 549 247 205 469 291 174 348 288 589 144 561 260 202 146
20
230 488 255 522 113 398 198 332 167 133 494 380 387 317 110 207 237 235 192 258
20
131 233 509 389 484 510 262 447 455 150 456 582 231 207 530 419 598 190 282 383
20
270 439 121 246 135 190 593 373 500 373 243 415 425 406 378 563 544 209 247 468
20
546 118 430 140 451 454 232 265 271 436 511 348 499 569 297 358 486 437 142 209
20
492 564 553 380 334 448 427 211 462 341 144 568 415 196 232 413 265 355 257 576
20
586 145 397 430 244 427 239 562 537 137 362 410 355 360 201 415 125 337 382 482
20
396 512 104 369 381 269 281 177 530 184 234 413 413 263 149 353 319 260 291 339
20
124 402 403 445 191 549 205 174 273 112 328 456 372 239 363 403 411 179 415 243
20
123 542 574 480 306 342 217 392 137 421 582 221 521 294 113 343 539 135 446 138
20
110 351 502 559 245 286 571 599 132 573 509 554 568 514 587 192 161 490 202 565
20
419 579 489 236 125 385 241 233 169 460 142 293 267 600 426 270 366 259 496 193
20
307 422 337 106 439 161 180 337 244 401 124 440 477 218 313 179 481 378 590 585
20
477 574 163 394 303 236 430 372 523 281 461 348 361 563 372 266 457 326 275 422
20
579 595 574 537 243 497 358 454 245 542 301 204 462 235 288 460 333 284 174 345
20
112 260 342 398 180 409 490 381 431 330 155 242 231 249 131 259 395 335 332 190
20
257 211 223 194 117 428 427 168 120 455 571 511 335 519 146 596 380 267 230 358
20
589 570 251 209 280 448 495 373 542 370 247 237 474 100 275 436 157 577 342 477
20
430 102 441 136 214 396 169 161 424 506 517 153 483 366 333 503 516 511 184 568
20
377 500 354 124 533 164 482 468 502 327 349 420 347 373 229 298 251 574 410 116
20
239 327 518 290 451 287 326 291 455 406 578 387 172 339 277 326 552 394 271 130
20
145 210 139 139 417 128 589 247 279 366 357 592 260 219 476 167 398 513 153 125
20
395 211 398 230 523 213 583 568 371 444 585 405 421 555 256 538 330 198 261 351
20
433 101 442 289 240 140 237 495 408 339 277 593 369 453 400 406 150 588 265 534
20
508 584 486 275 550 328 517 429 542 545 592 587 221 365 581 350 369 200 259 460
20
219 297 534 497 403 441 452 441 324 535 312 460 227 358 559 515 124 521 185 425
20
456 261 349 314 418 172 248 189 190 311 572 204 300 500 221 445 186 388 173 562
20
173 139 347 216 341 324 351 454 243 509 165 141 563 314 259 445 174 335 577 286
20
297 579 173 140 477 407 124 389 316 139 484 367 115 499 510 310 168 536 413 459
20
118 455 382 407 244 568 581 289 207 221 155 493 451 340 194 118 139 546 579 492
20
341 304 308 181 240 471 529 348 310 203 461 544 389 220 410 325 463 564 209 372
20
490 545 471 401 420 385 554 276 374 270 280 437 555 297 439 350 118 527 598 331
20
357 377 298 425 389 238 565 240 508 376 361 146 282 234 240 541 235 466 227 301
20
537 380 444 133 309 588 129 112 447 214 140 568 209 319 393 430 218 410 120 240
20
425 555 551 331 292 202 498 177 159 278 519 204 407 264 363 451 428 550 589 436
20
356 182 378 377 307 588 264 489 338 341 200 332 356 430 571 364 305 313 184 420
20
538 261 264 438 527 105 450 275 306 101 216 263 399 396 410 563 201 259 195 478
20
587 539 513 268 468 249 338 474 290 593 412 268 313 551 364 370 290 107 507 446
20
563 219 204 425 509 387 141 437 374 274 479 137 502 571 288 541 150 299 432 467
20
540 376 209 127 112 234 258 593 266 171 166 414 552 599 105 508 336 274 397 165
20
430 308 595 407 185 169 132 438 360 272 379 581 103 495 274 330 540 149 520 150
20
462 429 467 193 579 498 367 578 474 163 130 427 549 312 477 148 416 377 510 463
20
205 555 376 383 263 264 161 269 170 496 560 151 467 372 497 431 555 390 107 183
20
374 404 333 222 102 402 595 409 104 378 514 491 275 518 153 448 144 287 371 579
20
117 165 496 417 596 456 306 185 417 159 505 315 439 104 402 268 233 237 446 398
20
232 304 480 183 143 180 424 414 257 169 328 494 426 485 384 322 308 281 234 540
20
246 349 535 350 156 359 476 180 190 426 159 274 370 319 515 586 140 366 512 293
20
545 347 214 390 360 413 506 357 152 271 138 415 160 522 143 484 324 237 300 520
20
128 131 476 160 352 440 585 502 268 325 393 534 447 405 304 113 412 137 570 330
20
163 280 130 236 323 573 262 517 500 501 153 517 490 434 572 440 536 549 343 130
20
190 208 203 102 362 257 559 540 519 278 183 339 540 267 130 469 263 540 197 504
20
101 327 590 552 583 367 184 120 173 417 228 123 514 272 148 427 160 100 521 276
20
151 498 297 555 391 408 448 511 284 449 487 122 265 437 357 478 230 512 178 561
20
276 493 539 389 297 411 430 216 418 250 325 508 145 455 312 510 142 311 168 127
20
546 542 347 574 125 315 356 257 269 578 306 554 375 547 382 400 480 508 506 288
20
223 172 233 238 134 563 586 536 527 478 478 586 209 523 491 249 175 163 274 259
20
139 509 341 583 369 305 415 482 314 273 536 424 535 267 184 393 155 490 153 377
20
588 421 158 521 216 461 136 216 476 244 248 359 487 204 240 310 473 182 497 594
20
570 589 134 229 545 228 202 379 474 582 457 331 519 569 550 326 328 524 524 477
20
334 147 419 555 362 106 368 447 334 466 183 590 198 413 443 164 286 119 244 334
20
351 111 307 134 448 547 200 273 481 177 251 495 135 363 343 155 449 260 145 475
20
425 398 577 306 524 518 478 205 133 133 244 321 576 220 191 204 247 212 373 206
20
284 157 514 398 394 298 389 186 145 193 561 322 317 445 149 568 457 147 231 303
20
244 338 326 225 181 568 121 211 109 385 291 583 259 509 472 533 276 317 196 502
20
137 255 255 292 104 118 588 308 573 323 186 104 402 252 251 594 532 146 227 426
20
522 209 289 430 226 270 267 105 235 268 345 175 331 166 349 501 404 213 476 270
20
452 366 253 227 562 375 212 165 448 354 232 550 307 160 573 590 287 497 107 475
20
138 294 392 389 477 453 529 133 285 114 222 212 529 383 379 255 269 116 305 258
