150
20
150 571 102 519 420 518 423 472 467 495 464 351 339 362 413 592 269 359 321 268
20
548 150 223 101 565 175 536 171 309 172 591 387 470 370 510 241 263 319 556 366
20
430 137 373 210 317 451 196 517 505 582 473 540 490 544 353 419 549 284 549 331
20
326 333 591 295 453 573 250 102 319 131 538 493 550 307 343 451 360 339 462 321
20
186 164 521 568 264 334 511 540 278 524 540 569 110 148 319 532 125 238 326 130
20
404 205 151 283 482 451 562 520 201 422 582 213 392 339 110 440 217 284 465 579
20
145 179 323 127 355 271 137 267 271 351 148 323 323 431 511 480 470 487 532 339
20
318 184 373 211 448 288 141 441 494 489 439 590 480 419 402 600 474 373 236 103
20
287 485 544 353 315 470 140 479 425 437 555 557 200 452 583 371 549 235 117 435
20
240 404 171 436 567 174 548 484 325 197 274 152 430 564 378 138 109 111 526 364
20
158 373 388 239 273 388 568 335 474 100 322 443 574 366 360 116 482 163 257 444
20
110 146 413 134 451 393 595 327 525 218 512 593 237 293 264 530 166 193 216 140
20
230 333 476 519 184 569 127 131 210 538 378 364 596 317 263 346 517 170 488 468
20
457 506 562 212 192 500 563 425 176 155 586 549 223 439 285 552 456 161 537 177
20
188 475 227 460 582 360 483 420 121 242 217 460 285 404 546 137 376 288 495 298
20
168 381 359 434 290 543 553 559 448 179 241 173 222 474 478 380 235 427 111 194
20
198 133 263 265 362 123 573 388 576 355 388 380 393 328 535 119 423 530 204 173
20
418 322 452 538 433 333 128 278 597 301 125 412 494 140 278 401 192 360 104 185
20
163 315 437 163 196 579 251 252 488 117 325 199 257 387 343 423 215 476 280 515
20
331 552 366 359 202 467 115 529 109 226 153 164 107 173 458 548 188 404 392 356
20
286 375 210 488 574 513 343 251 426 413 452 331 135 485 125 164 526 399 129 445
20
449 322 564 312 579 513 280 191 214 397 532 294 450 109 523 393 437 355 414 470
20
284 201 351 467 499 255 482 557 584 411 193 222 354 417 192 117 380 367 113 479
20
212 353 569 317 524 581 201 180 475 314 529 599 146 255 566 510 399 470 511 271
20
351 139 383 575 339 595 161 363 506 530 246 451 540 227 328 371 466 508 502 177
20
266 425 591 532 543 521 531 222 101 196 539 330 329 268 297 541 449 261 419 278
20
353 125 573 500 278 302 281 293 110 237 164 286 556 599 120 322 562 114 104 298
20
428 550 497 230 129 180 508 558 577 371 175 254 409 497 467 147 361 143 124 488
20
259 415 233 172 113 146 222 495 549 143 216 465 521 580 139 259 462 183 447 378
20
110 531 167 299 248 272 198 312 351 599 428 109 198 535 292 174 238 175 111 161
20
525 362 461 550 318 598 202 257 157 295 432 440 166 418 530 269 420 544 486 291
20
194 477 156 141 226 311 153 404 494 132 181 414 586 563 311 537 312 386 347 107
20
129 332 376 174 275 269 379 498 191 523 473 246 218 111 566 390 170 133 385 231
20
109 585 526 221 333 401 148 274 386 106 365 542 506 320 321 246 209 102 281 515
20
530 282 459 172 297 597 206 546 543 374 422 507 354 527 268 125 136 112 367 445
20
583 515 382 257 480 348 321 154 261 506 311 162 462 319 155 406 159 229 367 311
20
577 441 514 566 160 254 379 415 491 210 537 319 182 334 199 528 548 324 482 473
20
464 191 426 331 129 476 432 204 411 401 187 586 416 513 289 407 130 573 588 559
20
161 462 457 568 247 361 384 197 572 418 458 371 400 567 479 494 236 230 236 252
20
586 349 202 107 382 348 197 511 223 216 414 234 266 510 368 578 344 259 514 399
20
216 484 299 420 493 320 499 436 417 342 455 338 289 161 297 233 312 572 557 348
20
516 543 537 461 478 186 425 100 206 592 418 300 242 509 114 175 574 170 452 194
20
497 242 494 418 125 116 472 338 503 206 188 443 534 590 585 404 323 158 451 483
20
597 572 260 182 415 323 295 423 261 214 569 420 160 112 201 388 293 556 383 300
20
536 343 215 147 511 370 148 423 541 357 189 250 136 245 287 496 132 394 403 594
20
597 228 551 255 360 139 191 382 505 196 548 141 150 400 293 433 130 558 552 150
20
202 183 265 102 580 596 485 417 115 398 101 436 275 558 313 341 294 577 359 299
20
567 250 524 459 365 568 544 227 398 261 561 487 107 334 192 474 110 478 163 314
20
261 579 164 563 306 482 509 330 516 381 576 298 213 365 339 290 499 129 340 204
20
525 290 558 301 201 422 595 100 275 324 568 222 591 281 247 154 143 466 178 152
20
576 212 285 216 277 530 419 539 520 272 397 439 123 541 578 119 545 221 187 239
20
382 163 159 176 419 416 231 427 476 197 297 263 459 355 180 532 379 387 219 436
20
250 505 259 131 540 381 122 475 542 466 591 389 280 507 178 306 212 158 257 240
20
476 285 166 144 107 597 281 116 484 346 560 550 416 120 487 126 560 355 411 160
20
381 420 255 579 578 508 344 162 247 260 555 165 171 363 597 319 212 252 566 442
20
279 410 304 117 544 337 228 577 154 423 505 172 144 546 540 350 498 399 442 130
20
518 110 511 380 561 493 458 553 227 263 388 557 363 175 165 496 539 299 175 580
20
234 590 431 319 214 209 409 596 363 396 566 429 390 265 288 116 485 324 540 406
20
550 178 195 355 482 312 392 443 394 298 404 547 126 597 329 146 299 383 326 418
20
508 243 223 227 377 589 170 321 203 105 196 418 383 432 267 190 570 216 172 258
20
205 307 574 234 230 181 549 426 311 433 394 585 291 318 379 513 268 469 289 184
20
365 378 167 522 324 579 400 468 280 204 579 377 402 363 314 551 155 142 155 120
20
500 150 147 272 434 132 534 391 183 274 185 340 187 110 119 421 370 473 381 189
20
398 439 254 303 146 292 351 576 457 175 449 278 508 161 328 519 338 185 219 400
20
561 143 383 320 225 318 291 498 366 338 591 177 217 552 234 454 407 599 424 249
20
119 193 210 473 234 292 431 430 550 415 187 526 505 419 428 589 211 280 274 428
20
397 190 546 224 192 219 101 527 597 355 146 246 145 565 201 318 171 108 542 143
20
444 411 456 374 244 420 332 218 265 117 277 110 156 251 283 323 134 520 138 299
20
183 158 442 484 357 363 374 192 103 452 192 408 513 486 125 310 410 356 331 481
20
509 393 418 579 280 461 561 253 362 583 310 386 533 437 395 577 457 224 504 568
20
240 260 325 598 421 472 463 277 586 446 182 557 189 139 512 263 598 561 537 532
20
113 236 254 464 233 506 569 370 245 259 295 382 134 472 171 348 449 475 550 326
20
133 423 201 580 494 250 232 453 120 281 366 344 336 558 574 328 363 278 508 544
20
448 308 437 222 334 149 472 222 272 221 551 268 384 290 599 503 398 565 139 598
20
348 466 203 469 444 254 443 162 318 374 558 575 596 312 470 302 163 379 513 561
20
175 308 589 482 585 511 528 210 174 316 470 318 157 308 172 401 552 598 441 345
20
113 511 449 598 406 518 581 329 176 108 581 169 107 371 547 364 354 120 111 523
20
388 139 291 557 366 317 160 160 170 191 298 425 262 394 258 481 508 389 255 347
20
372 123 440 348 389 546 480 449 142 114 532 600 593 250 307 366 336 575 477 226
20
575 201 427 418 211 366 152 247 449 334 325 284 152 429 261 427 378 165 374 160
20
361 132 361 102 426 219 483 118 258 400 288 452 465 521 396 140 436 102 583 271
20
583 267 102 213 556 324 294 296 561 432 299 183 282 277 297 588 488 421 117 218
20
350 327 309 442 409 331 206 206 507 470 321 364 567 534 282 302 268 519 513 445
20
256 216 407 378 219 529 266 209 390 248 461 232 325 479 361 369 297 582 178 404
20
275 112 596 265 470 445 168 278 266 312 161 126 358 237 110 544 103 371 315 381
20
514 424 174 437 485 155 314 113 310 323 212 364 114 266 217 337 480 289 391 144
20
588 323 600 494 543 380 290 294 556 391 519 527 466 393 121 576 165 181 561 510
20
489 486 473 316 318 591 363 432 113 235 292 448 319 132 499 588 441 273 139 596
20
478 146 121 484 125 297 192 400 426 530 159 575 383 161 254 535 532 142 583 314
20
111 505 573 562 449 228 483 518 410 107 249 418 580 346 254 576 224 249 490 288
20
583 395 306 490 304 225 108 213 469 548 586 346 223 289 125 419 515 321 512 348
20
325 181 313 281 216 376 559 523 146 103 300 215 484 432 567 562 536 379 584 433
20
102 396 176 235 236 339 181 464 154 134 319 458 173 417 458 578 534 320 345 305
20
149 241 386 554 534 128 266 307 468 121 266 465 242 528 594 296 168 269 599 115
20
157 502 175 291 218 445 156 122 536 540 239 253 372 343 443 310 149 424 529 391
20
162 298 203 586 163 372 477 599 181 265 198 247 352 378 547 495 466 123 574 440
20
219 238 161 574 460 600 420 272 124 211 585 306 531 450 297 462 379 312 549 151
20
595 159 570 478 446 491 289 445 579 208 459 530 490 422 371 500 451 267 459 323
20
321 457 536 476 356 551 520 247 279 212 294 110 509 582 538 575 581 308 125 447
20
115 349 576 389 127 390 128 434 383 314 556 444 122 275 524 596 184 486 215 231
20
184 583 465 427 276 235 405 197 309 234 600 559 180 300 186 335 546 413 327 558
20
351 370 312 137 574 441 319 114 157 552 418 213 306 564 551 570 273 394 436 572
20
180 200 233 204 224 572 173 255 467 384 320 319 385 305 176 156 484 305 568 320
20
545 424 336 505 210 266 482 530 326 495 191 561 213 448 289 176 270 362 415 532
20
264 500 122 182 480 319 196 239 283 268 358 194 285 234 577 270 568 488 154 139
20
579 382 446 446 373 135 192 224 400 206 357 463 577 129 204 169 347 127 359 248
20
503 348 145 507 551 454 353 271 591 108 551 150 197 496 388 311 279 420 481 196
20
189 464 256 220 501 365 174 177 463 217 265 368 504 346 238 367 332 172 344 105
20
322 501 589 197 175 305 204 412 579 426 548 229 168 551 370 171 448 405 510 118
20
504 531 553 256 217 323 316 514 229 308 199 508 345 343 193 189 202 527 441 472
20
160 422 568 567 151 503 347 467 113 110 534 321 553 575 267 465 480 477 462 298
20
199 420 148 124 285 416 374 134 132 131 552 302 113 589 473 112 191 228 424 119
20
397 465 341 510 333 363 468 552 595 179 461 386 303 371 524 471 305 178 558 516
20
578 567 165 565 472 363 395 116 108 426 535 144 255 100 599 192 114 412 437 435
20
352 369 432 392 167 598 372 488 146 559 257 277 141 498 224 574 522 338 128 489
20
408 376 543 593 182 137 427 180 240 398 317 490 372 202 197 504 231 446 542 590
20
512 223 196 130 298 581 498 271 286 417 232 206 183 241 564 135 599 284 506 141
20
345 531 559 262 479 487 565 366 282 172 238 364 554 180 282 423 175 107 443 471
20
286 127 484 586 317 501 264 408 587 555 303 183 129 266 430 218 412 179 356 568
20
361 598 102 549 169 127 193 293 143 344 430 369 415 466 496 275 186 245 588 119
20
526 205 430 293 445 384 160 306 581 533 391 392 366 592 224 197 486 585 204 168
20
567 526 413 255 157 519 390 316 544 484 305 191 583 569 379 239 399 359 129 483
20
433 426 462 176 105 409 477 316 312 175 170 540 464 172 405 302 308 491 118 552
20
567 307 317 138 132 283 487 120 536 383 331 251 374 167 310 262 484 500 368 249
20
480 183 535 497 129 318 303 590 408 396 155 264 159 129 298 469 122 110 281 337
20
596 353 408 135 300 387 521 508 486 447 415 301 431 261 409 558 369 596 225 151
20
306 398 531 192 173 427 307 506 307 122 159 585 112 125 161 385 171 371 468 386
20
461 550 362 146 439 169 173 161 597 150 208 514 493 371 260 373 580 424 343 516
20
154 586 274 129 226 145 339 209 231 155 231 487 182 505 553 392 343 519 538 272
20
485 306 576 324 482 235 576 473 202 523 545 133 290 213 500 549 589 161 393 104
20
385 384 535 303 342 463 191 147 197 488 339 113 439 345 514 468 113 258 210 179
20
132 321 133 102 103 158 506 533 391 514 291 227 195 227 490 297 464 574 323 331
20
382 133 171 362 586 552 531 426 351 316 565 355 432 234 291 452 240 112 274 414
20
301 130 279 425 519 525 535 347 148 352 401 446 181 157 349 459 411 319 468 135
20
527 206 243 146 404 382 186 267 587 327 276 147 501 148 138 352 470 411 149 235
20
494 211 276 477 272 241 168 225 593 284 505 315 353 239 498 488 385 134 351 279
20
311 383 449 476 478 237 178 444 482 578 512 539 178 157 333 354 200 316 147 510
20
532 324 305 142 104 492 562 187 164 209 213 382 166 459 509 573 473 592 230 589
20
302 254 188 276 582 354 121 305 263 170 585 595 204 148 280 351 492 390 329 435
20
398 402 493 504 463 449 345 229 235 358 337 451 309 537 202 575 226 108 511 285
20
426 196 589 187 250 452 422 122 516 521 565 384 117 220 178 262 368 234 204 271
20
111 252 588 300 103 575 163 482 597 461 400 239 134 458 474 297 527 136 506 386
20
383 339 256 353 417 596 210 297 567 355 399 207 137 178 151 288 373 274 570 478
20
137 363 494 241 334 503 469 595 502 479 595 356 138 284 142 592 420 237 479 195
20
350 595 411 104 303 263 592 508 449 571 527 471 395 181 573 475 176 242 528 490
20
485 108 341 215 323 164 180 461 267 466 444 502 143 260 226 444 566 291 198 122
20
506 491 574 506 372 260 490 283 157 250 545 528 393 521 271 326 166 468 256 269
20
381 263 114 312 543 427 295 301 482 296 270 319 114 482 262 298 124 212 124 273
20
167 230 592 375 274 515 206 388 369 384 460 428 201 214 302 321 204 263 513 505
20
125 242 141 112 319 367 227 369 458 571 434 192 108 163 202 147 127 330 353 490
