150
20
551 340 457 235 581 252 218 361 269 321 124 111 187 521 350 534 363 237 156 212
20
500 272 217 139 101 277 402 566 116 546 516 409 320 250 586 504 304 496 400 289
20
125 550 167 187 290 259 286 365 425 146 574 599 597 517 434 385 410 518 345 457
20
211 363 371 223 493 143 243 117 395 565 147 592 411 405 134 592 597 299 401 354
20
520 597 552 113 355 369 475 311 474 169 516 242 528 600 202 342 246 339 175 236
20
276 580 354 356 540 448 306 497 270 363 341 176 348 432 424 187 194 522 436 150
20
302 285 404 278 307 328 393 546 370 342 585 526 385 465 550 163 547 437 490 127
20
215 188 141 267 454 594 499 585 200 130 445 305 264 448 332 384 308 596 256 173
20
104 441 328 523 266 477 475 280 551 174 126 525 338 551 442 119 599 303 383 485
20
376 263 463 405 414 282 454 464 275 205 104 542 465 473 354 174 276 297 309 481
20
207 423 166 487 178 121 170 154 187 275 425 536 348 148 130 242 265 105 599 205
20
498 459 412 307 509 277 548 155 324 183 447 201 595 410 521 284 146 384 349 590
20
462 477 202 212 194 277 137 508 337 289 305 567 172 147 317 371 137 245 483 593
20
329 409 499 251 339 249 324 558 239 440 194 311 267 218 243 426 581 588 522 294
20
180 499 538 471 402 326 508 376 238 295 330 535 547 108 369 273 539 101 497 310
20
213 315 403 309 299 220 302 440 542 206 345 566 474 140 291 286 310 198 311 144
20
184 524 123 233 418 397 467 524 266 494 465 166 201 566 233 296 118 583 119 110
20
438 103 427 363 600 534 517 360 270 519 469 355 241 345 247 268 474 192 235 414
20
237 355 458 453 496 171 423 349 572 441 294 185 279 471 267 542 276 593 430 423
20
258 182 296 355 531 514 151 109 279 521 382 580 588 492 206 186 531 292 318 470
20
515 341 259 268 452 545 289 481 490 121 533 109 463 261 229 463 479 258 517 236
20
466 544 181 256 528 403 101 459 300 588 400 567 476 272 184 586 111 301 279 296
20
288 285 576 138 584 471 367 184 244 238 517 324 110 190 587 458 239 315 281 467
20
214 288 314 479 136 215 215 551 239 488 411 474 229 230 532 594 218 340 405 267
20
319 117 173 277 519 548 505 365 588 139 570 395 338 222 436 461 485 113 425 578
20
570 170 373 358 461 259 316 408 414 493 495 574 143 300 520 204 599 501 351 246
20
318 468 363 267 364 305 199 578 326 264 140 438 497 597 458 350 504 486 302 583
20
379 572 201 346 287 420 589 493 216 153 334 595 453 538 520 142 400 418 294 486
20
398 222 155 120 352 198 276 384 437 367 550 200 291 133 212 226 206 555 417 559
20
328 386 266 104 308 123 332 291 378 472 307 378 514 335 467 375 306 265 363 406
20
372 174 471 193 327 346 507 594 416 173 166 278 290 509 428 254 243 499 219 432
20
165 219 141 394 141 267 581 141 312 459 248 493 225 353 102 580 364 589 103 431
20
148 412 396 253 121 486 413 131 575 484 249 443 332 140 179 219 485 471 346 535
20
208 394 454 270 420 147 546 485 390 501 318 148 434 402 470 211 598 308 196 145
20
425 393 520 587 219 298 144 247 351 134 171 341 113 594 537 567 170 384 238 120
20
160 535 542 129 474 159 318 221 242 473 148 243 472 487 101 594 245 246 429 341
20
327 274 133 256 175 271 217 421 513 501 353 559 256 219 384 456 585 502 472 241
20
398 545 304 245 582 322 453 189 316 473 566 193 442 163 268 385 185 117 570 401
20
513 384 385 579 194 567 536 207 584 128 273 314 401 285 310 264 117 197 179 278
20
520 357 100 347 262 267 221 222 297 517 207 568 528 574 328 194 357 314 188 369
20
428 565 198 235 477 475 511 346 256 124 358 391 202 392 478 123 395 256 497 233
20
555 245 132 320 345 409 156 407 292 415 238 528 376 342 432 481 536 584 255 408
20
478 331 220 455 180 335 136 272 142 154 492 225 488 308 243 353 461 178 223 343
20
134 352 320 363 590 263 327 597 434 116 337 184 422 370 327 164 505 135 168 275
20
339 166 287 518 336 459 110 497 240 355 214 470 502 153 134 581 164 422 425 305
20
386 221 508 301 367 106 494 204 373 401 237 423 452 319 464 145 541 487 424 581
20
175 276 599 224 182 289 489 460 331 409 439 364 490 588 140 233 520 248 199 184
20
549 558 445 266 461 553 294 467 387 360 123 528 212 253 314 278 196 166 297 587
20
313 538 507 258 550 553 600 273 115 216 494 566 231 438 255 386 486 529 293 579
20
250 598 327 527 490 120 576 524 562 420 194 557 589 348 294 579 254 104 356 121
20
265 380 421 346 342 397 322 105 491 261 243 205 273 569 110 132 180 146 576 210
20
341 546 422 102 484 258 489 163 547 182 233 351 234 493 269 323 431 365 161 106
20
261 108 414 570 558 596 476 574 218 500 336 382 478 269 439 410 491 480 508 572
20
414 593 595 373 513 186 540 578 438 499 391 194 210 468 298 515 575 554 148 216
20
421 478 548 422 467 353 330 418 122 209 325 279 391 584 457 446 403 110 457 535
20
517 534 165 575 237 173 488 431 453 559 569 396 553 502 561 543 291 281 282 283
20
217 387 138 600 206 365 329 428 599 234 296 471 571 566 329 596 445 304 382 129
20
474 430 478 197 231 572 319 101 481 476 160 435 567 175 348 184 377 241 510 374
20
396 497 304 161 561 376 599 310 559 507 170 502 110 398 341 518 550 131 470 193
20
568 373 230 299 327 599 134 401 464 107 552 333 195 219 404 118 415 457 425 477
20
264 599 150 115 186 467 463 319 599 130 168 593 162 476 361 312 559 147 198 404
20
182 467 398 208 551 332 409 591 313 290 373 367 360 328 334 538 197 401 266 525
20
212 364 303 159 512 585 330 600 500 413 351 445 280 428 271 215 489 222 126 257
20
265 468 428 218 151 593 360 238 298 332 580 552 274 101 249 464 241 316 230 129
20
217 398 101 350 370 152 165 131 457 224 573 135 194 504 124 330 454 423 560 506
20
594 447 425 159 477 328 400 436 140 511 400 328 138 161 525 391 426 247 206 577
20
367 320 334 185 177 168 248 121 325 313 500 531 293 304 367 293 137 295 180 255
20
239 502 343 117 448 514 466 237 588 142 308 418 570 591 250 351 564 432 468 155
20
273 355 334 396 388 188 380 112 331 447 528 166 185 547 184 249 169 152 435 162
20
122 519 589 235 523 446 454 549 301 112 579 520 397 207 578 111 303 106 534 540
20
399 172 228 566 306 319 148 517 240 600 516 464 315 289 379 520 269 103 331 378
20
110 409 191 472 538 419 495 520 474 541 333 329 244 324 269 511 314 576 203 244
20
546 189 274 284 174 442 355 157 304 350 170 566 403 270 234 226 160 593 520 390
20
376 297 408 424 580 119 561 113 502 263 310 559 205 383 386 459 424 244 136 350
20
228 217 203 299 453 198 201 521 417 291 342 359 197 102 378 205 224 401 200 552
20
292 269 456 136 395 269 200 406 230 390 186 226 250 288 139 127 497 402 427 411
20
345 571 593 411 441 207 329 323 568 114 444 374 118 483 215 268 538 365 508 310
20
244 404 482 529 443 177 556 291 170 556 103 573 395 208 206 291 218 357 418 523
20
288 349 107 576 228 260 140 178 300 546 335 315 362 349 231 338 201 546 134 201
20
360 427 377 241 478 233 507 234 166 318 115 136 366 244 555 542 582 221 465 447
20
106 368 492 361 557 547 469 560 560 104 600 352 419 317 358 483 244 108 419 352
20
391 335 312 572 170 297 550 129 295 542 376 303 313 431 549 203 460 277 369 529
20
570 451 544 575 495 293 237 512 231 299 456 406 505 352 374 446 418 403 198 361
20
445 501 109 211 344 591 166 250 575 362 447 197 404 396 132 326 406 504 365 263
20
570 539 384 338 586 393 549 488 255 453 186 566 546 484 168 460 581 326 141 561
20
574 131 340 191 477 222 468 315 419 202 242 208 380 449 325 207 302 143 380 545
20
384 192 392 304 540 374 491 210 458 357 133 286 310 437 530 271 547 553 351 166
20
258 277 345 114 366 377 179 211 554 302 504 413 354 407 549 526 589 227 194 193
20
290 510 345 298 120 437 439 218 117 540 374 393 270 455 440 289 413 555 586 257
20
321 158 465 239 301 519 562 510 417 413 527 112 483 234 452 427 185 348 475 353
20
103 351 286 110 238 359 407 404 463 305 566 157 390 279 244 343 347 519 444 465
20
561 164 147 137 524 522 313 430 586 477 565 130 342 226 376 331 168 559 310 170
20
495 514 434 251 441 536 142 148 577 251 261 198 564 548 249 130 254 461 305 133
20
453 559 351 460 383 553 575 317 484 129 428 485 116 290 141 323 444 324 551 541
20
277 594 504 501 101 454 132 448 367 250 164 572 526 346 132 123 178 442 326 514
20
487 137 297 411 129 494 325 452 533 352 567 471 495 212 418 446 364 377 267 525
20
157 422 198 397 186 161 576 199 572 229 535 547 174 332 276 453 335 313 195 335
20
245 581 385 399 103 463 419 370 291 432 283 205 482 431 423 152 505 460 106 217
20
576 129 440 580 292 596 364 358 223 355 452 104 221 456 346 574 574 188 341 443
20
204 175 309 557 236 597 102 204 568 537 203 169 349 485 530 403 294 390 445 211
20
395 479 414 363 194 539 160 281 112 517 507 451 515 362 152 363 206 287 446 402
20
313 227 478 197 319 534 338 540 568 430 424 303 197 596 115 112 338 436 194 243
20
449 284 525 151 316 440 215 118 561 118 301 413 555 445 101 530 374 453 402 146
20
100 409 150 502 237 317 391 366 500 148 543 447 246 261 517 473 375 391 310 212
20
127 264 118 356 372 534 276 146 101 436 117 427 142 200 530 141 249 270 155 213
20
383 427 172 110 232 514 290 231 422 280 545 200 105 349 511 286 305 394 441 128
20
211 559 367 559 346 502 305 167 452 128 306 137 574 196 483 499 152 176 319 406
20
582 377 360 489 251 177 240 345 380 149 454 170 320 419 153 116 258 145 111 599
20
582 195 465 519 538 538 259 374 103 267 356 417 520 465 316 487 185 510 585 436
20
578 573 273 272 536 191 597 408 302 289 505 152 362 460 246 572 296 124 197 478
20
111 331 140 487 410 523 503 508 189 488 157 525 425 529 462 174 541 394 598 504
20
277 450 293 393 273 463 235 339 392 267 386 540 429 280 271 472 113 143 130 238
20
506 340 315 290 271 378 168 582 502 483 560 263 138 281 239 257 112 339 248 199
20
316 286 566 420 227 113 134 308 445 166 427 354 489 494 580 195 430 181 106 321
20
564 586 577 508 183 189 298 285 147 488 275 355 373 511 505 396 136 567 437 115
20
593 193 427 240 498 400 179 588 489 599 546 525 387 436 496 384 594 488 531 197
20
391 262 154 185 256 150 319 108 265 481 133 346 257 454 538 477 136 174 518 503
20
464 294 314 473 266 532 447 111 546 486 271 595 202 305 202 433 600 221 409 146
20
415 127 311 464 549 224 451 385 131 193 351 194 333 254 553 423 303 442 310 403
20
198 600 313 417 372 559 370 497 349 595 510 301 220 584 371 100 516 472 360 532
20
517 249 469 489 189 501 588 268 525 452 149 145 276 195 330 450 319 547 167 156
20
538 326 349 320 590 277 282 581 470 229 341 536 438 238 147 275 152 326 178 123
20
248 299 495 143 366 282 430 424 250 270 169 132 258 241 346 101 450 566 527 281
20
274 454 270 163 485 565 346 359 403 132 178 552 579 172 501 432 185 184 372 121
20
300 505 254 218 131 367 216 363 367 383 284 169 260 243 567 135 187 174 386 538
20
519 574 422 352 308 353 435 544 122 355 256 137 552 417 152 229 370 488 446 434
20
217 212 383 165 377 296 475 524 384 311 427 231 499 303 573 391 208 431 413 264
20
158 170 521 483 540 349 263 145 482 137 486 127 464 587 302 453 385 393 427 403
20
358 270 318 196 163 326 165 496 182 289 331 564 212 158 152 570 285 556 272 498
20
358 188 577 489 464 207 191 337 324 591 521 258 252 137 501 598 554 139 137 554
20
500 354 415 507 119 201 583 433 575 537 443 266 448 398 578 467 539 285 144 151
20
331 167 284 201 518 440 276 401 489 283 196 371 437 308 584 512 148 339 312 166
20
496 281 160 423 233 107 326 454 381 189 148 552 118 379 348 149 256 140 468 580
20
533 120 383 150 304 582 533 282 406 283 407 514 199 326 170 217 161 178 418 131
20
320 269 103 220 473 495 480 416 598 473 134 294 237 330 524 521 487 268 449 371
20
391 263 576 300 546 533 290 356 137 181 456 520 205 237 561 146 546 108 158 301
20
231 220 478 105 431 483 108 242 405 449 326 284 206 366 541 217 478 586 146 226
20
258 480 498 491 456 340 474 531 514 564 451 402 292 452 264 577 121 567 530 341
20
489 381 559 423 179 236 142 367 307 587 163 285 568 499 491 430 315 239 137 205
20
193 583 335 144 351 418 126 165 262 549 461 111 108 133 184 355 348 178 142 225
20
492 105 420 233 113 168 193 468 597 366 125 448 540 387 591 495 121 423 322 126
20
246 570 183 474 220 354 299 469 507 339 339 471 554 143 439 206 336 456 224 565
20
185 143 245 255 400 112 576 468 362 589 131 150 140 248 255 522 421 500 154 208
20
277 325 183 564 391 222 179 289 493 141 453 395 450 558 133 109 285 140 309 234
20
566 597 203 125 549 216 534 318 262 215 282 448 141 314 250 578 163 156 268 473
20
444 313 599 329 119 341 530 456 488 380 423 582 557 194 345 134 148 175 551 208
20
446 182 117 119 438 469 317 424 556 102 126 548 378 117 491 209 525 167 514 216
20
476 576 144 473 318 527 125 318 116 545 385 342 566 176 336 232 296 499 183 387
20
600 467 460 328 406 228 231 293 415 469 483 559 426 114 229 583 388 374 571 592
20
394 498 125 214 392 394 446 488 348 400 511 485 504 249 490 482 253 216 245 243
