150
20
416 394 479 219 119 466 106 455 150 491 198 179 137 403 572 485 343 550 535 405
20
289 465 591 554 581 493 338 421 579 426 321 428 388 467 513 367 585 134 396 376
20
185 379 312 341 366 374 191 517 541 285 450 281 164 599 396 560 191 244 375 394
20
325 417 362 330 247 374 123 298 127 381 174 151 489 563 439 465 317 516 187 299
20
107 550 285 338 156 452 305 419 128 189 143 124 301 481 262 386 575 253 444 131
20
130 330 322 539 582 525 114 418 372 422 566 135 409 430 231 545 246 251 314 571
20
278 588 434 333 288 534 180 211 112 170 103 282 358 324 474 380 182 227 332 458
20
133 143 395 292 592 370 387 393 470 266 465 375 535 116 558 235 179 220 518 416
20
457 334 572 564 524 501 330 224 146 152 414 271 350 410 108 394 572 167 584 591
20
469 326 501 379 155 435 154 118 288 161 200 290 561 454 473 415 581 578 558 160
20
358 176 573 158 112 320 277 141 261 178 338 575 597 176 103 243 131 189 281 240
20
381 318 124 121 205 122 247 205 235 528 147 417 319 197 361 184 313 220 575 193
20
292 424 416 463 163 183 309 355 320 464 163 554 412 392 112 200 182 570 390 510
20
275 578 170 160 248 435 134 423 513 420 423 164 463 505 138 227 371 405 465 339
20
394 295 266 437 572 556 527 175 251 589 164 533 493 297 169 470 458 121 208 160
20
578 372 201 381 527 560 522 106 339 350 451 241 498 350 274 149 469 440 414 497
20
489 168 570 581 479 343 260 369 499 456 144 518 195 322 378 204 523 498 268 428
20
136 248 507 230 157 341 451 175 444 186 115 596 339 448 420 570 175 344 366 541
20
211 346 359 583 145 375 586 174 117 581 435 339 515 540 335 289 340 506 135 287
20
328 575 290 158 189 231 356 125 302 205 363 358 460 229 523 369 589 566 288 300
20
447 497 348 453 350 584 503 573 209 365 230 250 539 516 425 186 328 570 214 485
20
552 445 286 460 598 204 530 142 199 370 168 371 446 154 356 559 167 301 105 426
20
355 430 232 201 187 230 292 417 189 446 244 460 583 335 574 493 378 530 255 291
20
239 242 260 560 181 498 323 513 481 293 356 570 536 200 215 562 465 195 404 460
20
356 570 474 238 252 486 512 188 410 435 340 231 306 454 409 166 426 158 547 406
20
316 249 145 175 196 172 249 321 598 311 559 500 172 131 249 468 349 337 200 149
20
211 353 437 232 521 182 397 511 384 128 501 388 580 122 156 406 132 434 372 298
20
209 431 397 362 124 540 573 268 459 517 265 472 489 577 286 227 472 452 521 159
20
309 275 179 283 516 239 183 584 102 387 152 448 310 234 102 504 493 202 404 205
20
455 346 243 151 506 319 363 391 350 584 433 213 162 482 300 488 237 372 422 408
20
228 143 301 438 119 460 264 369 563 420 349 597 495 383 157 385 304 147 272 115
20
302 401 242 294 100 358 391 376 519 259 393 260 414 427 108 241 340 383 481 327
20
498 441 237 375 233 426 411 599 398 595 495 473 288 509 458 125 347 144 253 308
20
182 485 268 106 567 594 563 132 185 413 342 164 455 448 116 569 349 379 446 139
20
548 552 515 109 391 236 108 540 394 454 140 271 422 467 451 451 475 213 385 520
20
123 118 222 197 277 558 361 267 357 344 487 357 116 175 392 559 529 124 471 265
20
179 482 408 509 422 113 457 420 404 143 415 205 419 587 323 408 203 289 492 226
20
497 423 577 446 155 228 385 267 331 421 131 328 302 337 162 194 552 159 329 180
20
191 398 187 396 496 549 327 379 225 285 251 305 167 191 572 353 126 377 259 360
20
248 241 522 437 104 355 389 478 315 548 138 575 137 129 429 207 486 235 244 211
20
513 529 226 351 372 243 512 169 183 511 220 287 417 529 117 178 498 449 436 418
20
459 416 181 301 523 437 403 300 529 411 201 467 321 299 419 310 407 183 405 585
20
587 241 219 230 543 124 498 278 238 572 211 508 250 375 425 559 148 459 533 476
20
296 325 163 380 196 317 271 493 197 484 358 318 346 452 483 304 232 416 274 404
20
187 349 129 478 587 184 576 345 264 342 115 293 312 536 183 112 188 520 116 386
20
268 220 413 597 208 436 414 420 574 489 245 531 419 398 554 296 178 549 553 530
20
122 475 429 433 160 450 346 497 218 220 508 231 312 274 547 488 280 525 328 151
20
101 323 354 564 111 196 489 368 285 235 248 303 472 538 247 259 415 219 104 454
20
200 205 555 235 316 137 171 460 464 579 464 176 553 257 234 306 182 541 370 453
20
352 483 156 272 282 502 418 422 207 128 337 478 124 301 407 115 316 165 332 111
20
301 196 324 519 573 485 324 381 540 455 154 238 241 392 367 515 280 119 340 372
20
225 130 422 596 127 366 309 115 587 181 566 175 190 339 441 256 194 347 227 209
20
329 419 252 293 101 197 106 322 173 211 436 593 540 510 408 285 566 373 178 344
20
200 263 597 470 508 536 509 471 115 153 502 551 118 206 154 253 248 451 488 400
20
317 250 352 254 457 127 310 320 523 401 472 477 121 157 241 517 144 171 255 385
20
572 141 175 530 249 471 158 274 293 484 528 281 205 541 467 254 560 295 505 178
20
260 537 414 564 336 190 507 185 184 325 171 100 431 342 328 316 508 255 482 204
20
154 499 157 347 523 320 558 132 476 467 595 548 104 476 525 394 155 395 505 104
20
147 513 568 430 577 387 392 481 170 245 310 140 509 463 412 585 469 143 536 324
20
116 438 311 503 242 198 146 275 589 366 100 275 131 365 513 342 126 462 248 249
20
122 495 462 422 465 326 385 600 103 475 161 528 461 462 345 136 498 284 251 427
20
250 416 464 123 385 517 360 270 505 541 500 347 246 448 574 398 511 129 440 421
20
318 130 593 246 127 210 333 492 204 539 241 466 306 373 214 254 576 186 258 579
20
296 127 178 495 160 189 314 581 440 547 306 340 534 399 544 451 527 390 299 120
20
240 532 103 187 295 517 157 391 152 495 450 106 100 216 406 160 339 542 482 390
20
186 411 537 428 563 269 526 259 517 301 280 452 501 400 223 139 151 186 426 524
20
149 551 518 296 134 222 160 353 118 149 228 153 560 352 377 214 553 528 410 564
20
301 577 444 102 192 136 367 513 139 567 457 147 278 201 400 533 217 326 212 217
20
205 212 117 123 518 309 313 366 531 367 489 539 477 173 591 357 348 310 378 409
20
140 236 237 109 118 135 554 187 469 311 287 261 102 108 386 334 421 486 177 412
20
141 560 341 362 598 240 312 249 575 258 295 496 156 201 511 342 362 306 284 178
20
185 474 599 269 419 503 202 244 228 350 379 517 338 218 480 600 346 531 214 561
20
551 515 381 365 599 344 507 286 360 368 579 153 511 356 532 468 577 565 339 305
20
110 113 405 363 511 261 572 579 370 243 436 263 572 280 103 286 191 253 443 598
20
355 327 141 376 170 307 368 111 227 521 369 488 347 581 453 198 520 190 559 437
20
201 461 463 499 184 483 136 274 250 181 553 189 403 141 540 500 300 463 373 137
20
176 536 318 385 375 501 231 412 341 315 498 568 488 508 371 495 414 257 210 118
20
288 119 460 150 231 575 595 385 595 449 126 148 121 287 294 168 279 198 424 133
20
247 196 515 552 429 128 180 123 599 464 367 245 176 260 141 331 230 166 183 469
20
316 208 155 300 229 238 245 571 473 337 307 576 146 596 576 167 528 594 326 489
20
492 147 407 234 501 514 241 418 448 173 133 163 332 562 463 378 281 366 156 492
20
565 173 113 440 107 332 282 535 465 340 595 392 480 145 384 461 212 315 386 224
20
428 274 189 593 461 533 140 181 474 111 253 384 561 188 194 407 402 476 449 460
20
201 404 140 123 237 505 467 226 528 295 492 562 362 472 548 497 320 350 482 207
20
229 140 418 402 453 134 274 251 466 342 249 597 595 331 231 534 188 266 243 199
20
293 367 333 486 120 590 547 525 593 570 536 522 463 563 166 415 583 569 554 441
20
356 502 353 310 109 476 337 499 425 215 257 500 393 373 336 470 166 526 457 160
20
165 254 127 230 398 310 600 506 503 357 286 316 254 426 280 151 463 286 251 300
20
274 205 256 134 510 558 417 225 161 166 316 367 180 533 176 342 589 367 328 267
20
399 351 541 288 439 211 436 258 228 163 266 390 534 519 300 122 239 276 483 351
20
499 361 510 554 178 196 434 351 566 214 455 477 511 576 564 536 553 478 576 361
20
365 508 446 471 126 187 189 316 306 316 333 195 301 310 541 259 356 290 358 406
20
420 256 153 326 375 351 257 163 515 445 219 569 260 509 512 536 483 435 356 386
20
264 351 415 362 307 146 464 514 450 546 460 505 386 492 505 239 543 546 302 479
20
182 489 273 579 140 560 407 268 453 178 342 328 388 586 537 336 208 516 100 214
20
257 224 501 224 416 309 173 167 567 468 315 222 364 183 242 427 118 117 578 456
20
498 459 579 459 262 352 325 401 292 262 499 137 422 303 405 389 508 388 200 359
20
319 379 572 556 281 580 560 349 267 324 243 354 358 242 261 141 386 240 424 378
20
132 531 278 583 506 340 510 446 226 414 465 542 511 342 296 210 451 371 127 256
20
163 420 525 456 340 405 401 535 274 513 312 304 529 420 104 388 488 402 326 306
20
392 469 391 563 479 413 364 489 456 577 265 588 179 387 598 347 410 554 349 235
20
140 195 500 421 597 439 302 471 316 579 349 493 109 391 520 150 533 155 412 287
20
339 344 470 534 214 154 387 135 267 177 159 328 347 331 416 154 228 481 213 323
20
232 372 354 512 592 200 438 138 439 340 377 351 438 318 323 581 516 184 217 354
20
214 486 445 348 266 538 229 221 438 564 524 590 523 132 200 164 393 554 358 293
20
328 187 346 205 509 248 464 352 588 244 178 271 347 261 150 208 381 278 287 432
20
593 562 420 209 589 413 222 311 217 415 132 589 143 528 328 209 547 199 575 541
20
572 483 286 123 106 522 184 125 599 197 241 100 424 586 239 179 454 540 265 427
20
221 520 528 367 436 235 368 117 236 490 563 389 584 450 400 537 251 394 597 114
20
454 453 473 524 556 285 429 538 372 444 297 170 302 403 270 506 587 290 447 517
20
139 481 490 493 372 157 135 209 261 581 278 331 135 507 531 271 111 462 559 389
20
446 496 274 223 446 229 173 247 444 294 363 365 522 507 267 411 433 254 600 113
20
270 586 578 579 252 215 279 288 542 494 153 432 215 486 444 374 101 261 433 168
20
295 333 341 421 420 526 592 139 164 328 590 312 217 393 441 249 527 391 134 132
20
218 502 475 181 313 234 446 145 162 153 581 135 161 409 552 208 454 554 296 241
20
162 582 272 502 414 521 546 308 321 218 282 266 407 120 117 534 279 181 445 323
20
393 142 554 306 469 266 298 127 147 199 222 579 503 541 599 259 514 233 162 165
20
466 370 375 218 170 118 549 545 243 107 251 232 576 188 172 229 121 338 538 593
20
341 576 453 595 450 331 347 330 243 347 460 433 532 456 488 397 555 272 422 347
20
496 561 257 231 566 588 159 217 216 249 409 341 224 128 470 538 493 520 500 304
20
383 230 262 580 490 327 185 190 169 337 466 188 431 296 142 516 575 174 214 273
20
135 129 106 189 384 515 304 156 421 490 526 549 184 488 201 292 444 220 365 369
20
131 109 104 309 131 536 455 274 166 370 402 558 317 587 262 567 324 544 170 566
20
337 460 343 398 107 319 412 485 225 465 211 452 216 380 309 573 592 142 471 135
20
503 589 424 283 571 175 169 117 513 209 396 490 270 576 316 481 256 290 208 572
20
240 371 393 203 474 507 355 122 419 512 360 434 538 538 558 567 356 599 441 467
20
234 315 110 479 252 366 252 145 351 138 241 157 469 310 131 481 288 548 528 590
20
404 306 342 446 448 389 165 112 118 106 178 323 313 184 175 405 273 280 358 384
20
243 202 246 451 206 122 376 330 590 572 328 149 549 488 546 155 517 377 474 459
20
374 517 418 186 221 369 455 304 238 104 570 108 469 494 556 578 413 421 198 444
20
571 337 137 336 461 283 430 485 307 554 125 357 304 116 348 459 352 214 204 177
20
221 484 232 497 445 247 103 164 282 325 354 245 312 176 325 412 189 477 558 505
20
460 331 110 473 483 550 176 261 193 325 158 445 321 589 467 586 553 329 135 310
20
356 575 576 157 252 282 594 397 100 409 300 158 446 201 534 311 142 109 225 409
20
545 342 319 134 156 341 451 414 371 472 102 534 555 360 345 444 301 325 402 420
20
554 354 583 416 548 354 540 432 374 116 385 499 278 407 475 316 124 431 457 163
20
108 213 224 167 116 331 385 538 439 458 347 388 160 254 275 480 338 121 338 210
20
338 416 356 224 308 546 502 119 532 140 129 133 174 462 531 479 521 302 375 310
20
364 413 469 381 390 350 282 459 207 570 540 456 487 243 120 391 466 549 287 270
20
569 190 127 363 547 345 580 199 298 222 577 121 285 566 435 583 265 587 583 209
20
559 471 480 287 373 366 442 351 193 572 121 271 410 572 440 212 473 593 333 224
20
247 129 115 460 556 282 513 467 197 525 310 235 447 245 525 380 137 222 166 148
20
177 404 145 513 401 389 504 109 279 254 273 471 263 141 471 293 571 549 271 558
20
337 191 518 276 566 459 121 345 496 285 484 300 501 590 261 191 497 475 532 180
20
257 112 328 505 313 339 109 546 573 598 490 303 504 359 461 294 388 415 141 501
20
586 353 366 554 317 495 358 537 317 600 493 488 314 424 123 223 233 152 448 145
20
269 348 151 271 418 197 482 389 256 140 345 415 508 110 368 359 188 580 313 403
20
435 157 527 173 367 301 533 399 358 336 444 164 387 447 478 491 235 321 477 103
20
312 352 435 383 378 345 399 595 537 195 403 376 176 486 208 363 515 476 578 120
20
511 588 594 121 349 276 519 285 206 138 351 230 217 110 563 162 489 579 458 249
