150
20
357 165 105 101 232 406 469 142 286 225 426 418 367 142 345 420 558 535 546 182
20
121 326 177 337 216 286 201 206 338 266 298 565 231 309 579 124 523 579 155 490
20
289 545 136 575 179 414 565 483 497 115 254 246 562 509 383 433 100 132 307 292
20
381 242 117 522 339 117 137 536 189 236 410 466 346 120 139 296 426 300 398 523
20
401 363 529 492 282 191 554 209 349 246 425 327 450 474 519 536 435 327 398 387
20
526 402 186 388 475 502 289 173 129 383 405 414 119 283 333 493 511 550 560 448
20
127 439 521 196 354 244 133 426 248 250 344 400 330 527 208 507 543 296 174 474
20
345 310 473 201 434 278 406 214 547 345 456 293 271 570 498 570 522 170 270 512
20
220 462 444 337 463 167 134 405 478 107 483 402 584 225 266 116 381 241 388 429
20
227 439 543 510 176 599 483 340 166 475 562 139 437 589 514 515 523 472 466 158
20
350 526 483 455 518 460 437 371 552 571 412 275 324 600 564 291 353 107 568 161
20
295 211 286 281 189 593 303 263 269 384 159 124 574 562 187 291 581 212 569 400
20
307 290 189 183 592 129 465 557 402 539 273 474 453 386 280 367 453 323 361 553
20
463 170 592 363 322 272 453 531 158 183 116 523 333 591 544 140 490 482 332 175
20
146 406 320 213 201 175 210 292 586 525 305 357 200 235 278 530 137 142 135 127
20
367 471 530 370 592 519 536 549 511 391 272 463 589 135 342 360 108 344 269 346
20
425 444 202 537 145 150 568 325 293 259 496 454 127 596 600 102 384 562 462 351
20
205 121 586 309 273 378 120 364 110 100 437 554 522 458 488 292 524 551 255 258
20
301 326 168 390 392 355 353 201 156 316 402 538 407 453 158 369 189 251 463 345
20
178 532 203 148 532 448 460 174 481 146 496 270 142 496 187 458 508 289 179 106
20
143 245 423 242 593 224 192 222 110 209 239 256 172 391 327 344 506 269 468 495
20
150 357 156 454 122 318 350 446 290 493 115 238 568 525 166 445 224 160 579 194
20
447 352 590 494 151 135 334 444 506 418 402 236 187 250 335 229 546 354 103 230
20
554 391 388 218 194 491 242 370 562 140 192 466 135 484 197 541 576 314 543 368
20
596 305 366 313 472 388 400 481 226 518 416 463 239 398 111 145 593 577 439 393
20
398 559 557 107 563 475 165 306 100 210 344 230 445 502 117 570 442 344 140 587
20
225 172 519 571 151 486 577 477 127 566 566 121 482 369 442 307 241 522 359 126
20
195 207 111 102 392 249 385 194 201 334 325 274 595 517 600 575 126 320 350 173
20
451 446 330 257 110 562 463 303 217 127 577 561 267 490 256 338 346 278 225 391
20
514 216 362 524 287 186 296 333 252 136 228 521 520 586 319 471 195 129 251 202
20
308 476 266 328 177 176 532 437 352 473 425 528 500 570 236 232 442 508 340 532
20
202 320 436 243 205 152 267 221 279 400 136 566 138 175 139 356 280 515 105 315
20
229 497 456 464 474 379 225 411 522 115 313 179 229 252 559 357 493 358 265 566
20
513 426 377 109 109 368 250 567 205 346 177 392 274 599 452 338 460 429 251 361
20
504 398 600 160 205 478 509 594 339 188 518 308 193 586 102 394 441 360 474 507
20
456 126 581 354 329 134 489 108 426 242 429 237 168 390 509 418 135 490 535 430
20
197 594 398 589 175 307 100 586 492 568 262 529 350 103 118 336 366 384 506 444
20
400 489 323 233 542 432 187 399 502 600 516 431 390 347 139 569 132 365 140 454
20
165 138 565 588 600 112 297 201 460 302 429 240 478 409 461 587 284 330 511 499
20
545 572 356 193 588 269 249 143 592 282 445 235 509 112 359 467 512 543 226 505
20
320 490 538 274 518 463 145 595 321 230 462 224 393 465 192 361 336 440 397 258
20
587 273 275 366 281 290 525 460 349 198 251 532 336 503 310 386 155 510 487 593
20
598 449 556 184 490 504 398 308 217 473 555 254 567 427 159 175 228 455 332 388
20
100 436 221 460 541 490 309 245 110 574 150 368 590 141 314 382 284 417 312 480
20
531 329 200 251 187 469 128 405 246 325 359 156 179 327 594 313 437 544 517 574
20
338 585 278 549 241 185 467 387 227 224 358 422 180 546 384 398 282 328 317 389
20
576 237 528 361 160 283 123 227 437 139 230 437 316 359 109 474 218 175 388 285
20
436 187 524 486 285 474 259 220 142 215 469 591 295 393 253 389 319 290 547 464
20
341 200 229 466 149 110 361 509 445 454 551 232 265 333 111 276 313 458 500 272
20
296 403 326 564 444 535 581 592 190 591 295 489 247 520 500 386 529 122 403 163
20
181 118 275 181 316 255 520 348 184 265 292 193 145 460 325 599 580 282 435 375
20
159 320 360 198 257 249 555 408 467 501 133 308 487 420 162 354 211 425 163 461
20
367 443 219 496 209 374 302 350 310 150 240 370 253 134 486 476 320 234 479 399
20
325 525 578 118 257 112 422 542 466 161 265 159 353 109 586 419 395 176 148 218
20
445 344 245 361 374 321 492 168 299 187 249 350 460 384 159 253 379 196 448 137
20
257 264 130 186 232 394 577 140 583 154 176 269 325 450 332 270 591 148 305 154
20
274 141 347 328 136 201 267 355 553 480 142 293 333 582 185 293 168 399 281 192
20
501 245 156 465 296 464 588 435 574 527 115 394 206 305 234 367 534 482 487 452
20
423 107 363 588 213 138 430 501 235 561 220 503 535 134 219 439 236 332 576 213
20
204 544 576 387 575 146 164 555 209 496 436 435 595 598 503 158 166 301 199 562
20
361 509 481 124 438 473 514 153 220 153 234 227 512 509 105 432 120 257 254 337
20
545 395 100 245 550 366 467 580 345 403 406 554 262 229 411 112 197 464 389 140
20
184 499 265 595 484 504 395 239 442 120 401 316 452 136 390 483 168 565 599 388
20
217 466 318 596 166 599 279 210 227 453 317 164 508 446 129 185 543 300 112 508
20
513 104 422 258 472 516 110 446 265 194 423 415 215 559 569 249 580 165 312 430
20
370 403 591 263 575 149 293 173 410 307 134 271 317 422 484 316 527 372 141 120
20
523 286 201 211 457 138 145 170 301 185 297 572 446 168 442 593 358 515 542 554
20
529 119 563 460 489 590 365 427 588 501 173 124 486 484 436 275 545 544 220 524
20
328 413 107 285 117 379 244 146 433 421 216 430 423 272 237 573 309 504 314 103
20
115 280 595 396 359 537 197 454 422 173 467 195 266 360 596 225 303 565 526 389
20
171 572 325 465 430 219 176 217 233 594 388 131 183 206 537 151 408 467 586 423
20
428 162 558 462 174 225 199 374 293 152 593 575 505 382 481 459 323 485 347 414
20
361 192 597 352 502 393 242 388 444 399 479 156 303 344 294 526 538 597 203 296
20
204 186 268 470 285 540 531 315 376 463 505 153 154 588 103 569 224 303 350 313
20
294 502 207 177 556 105 346 520 596 321 345 521 549 520 328 371 186 546 168 491
20
337 358 445 204 149 444 116 332 407 429 417 165 120 220 317 321 220 390 289 356
20
395 366 520 122 385 593 218 428 344 513 248 283 243 513 424 420 382 193 281 596
20
587 551 137 411 497 510 180 438 399 134 141 524 234 218 108 444 535 115 344 282
20
146 235 252 109 281 151 263 401 155 398 332 489 102 577 444 526 552 245 431 113
20
107 543 245 597 110 286 539 477 412 502 531 368 230 436 285 570 251 443 538 224
20
330 265 182 223 589 424 206 123 232 129 246 397 343 176 348 448 338 151 318 424
20
300 140 396 289 349 261 418 444 477 197 378 317 148 564 164 298 310 322 384 364
20
551 385 473 533 217 122 230 386 328 595 309 284 282 492 118 109 266 552 223 290
20
291 148 479 560 219 458 590 112 180 298 140 206 275 551 532 529 196 317 282 545
20
354 232 143 240 200 519 412 389 275 259 498 353 515 377 241 329 261 507 577 263
20
189 138 211 441 520 186 426 138 543 317 516 468 496 409 554 223 240 199 351 152
20
469 321 236 180 258 200 552 320 501 135 581 316 538 324 354 272 334 370 157 600
20
331 375 383 363 154 454 344 571 352 372 562 392 302 460 433 447 341 371 114 529
20
560 560 534 382 288 313 392 302 355 283 451 297 518 359 210 480 376 303 582 110
20
486 394 140 319 391 226 365 535 522 423 415 514 227 347 350 180 305 468 274 391
20
280 169 564 463 108 133 138 293 129 513 129 524 402 113 357 173 463 443 123 176
20
236 190 179 111 348 270 536 293 334 150 416 335 436 588 504 498 171 241 271 188
20
585 471 361 343 445 128 389 267 454 501 261 353 318 417 415 162 447 513 440 258
20
251 539 366 172 321 431 274 286 499 373 568 387 409 257 110 325 418 406 209 293
20
403 114 394 317 132 274 575 498 359 515 578 416 122 414 200 238 429 385 102 552
20
503 577 171 104 525 495 555 294 180 333 420 481 339 400 279 267 165 192 254 369
20
420 410 180 374 503 256 596 250 226 177 188 363 355 496 194 534 539 224 458 466
20
442 479 403 286 566 552 600 466 359 393 210 287 445 346 143 150 572 567 385 468
20
346 277 500 592 506 481 169 142 460 145 481 164 399 390 382 340 488 101 131 229
20
499 452 574 349 380 560 213 480 149 488 155 176 144 116 110 166 217 479 558 436
20
573 465 597 294 560 148 320 568 242 392 458 117 440 505 444 473 407 125 436 303
20
319 174 540 352 416 534 102 288 468 495 432 161 161 150 383 524 431 514 307 403
20
109 139 453 533 364 233 339 150 207 124 483 179 179 510 590 503 243 451 587 140
20
178 431 471 234 216 170 512 282 430 550 354 447 291 390 111 344 486 229 513 150
20
369 347 544 106 376 145 264 264 582 379 118 410 355 116 497 559 348 521 247 400
20
547 320 375 280 164 334 337 189 537 280 326 566 464 260 159 437 166 477 482 382
20
493 479 229 338 519 216 520 368 328 375 439 105 192 171 559 588 199 372 375 473
20
253 296 236 530 120 445 125 589 172 361 403 288 120 583 501 136 354 586 369 213
20
307 270 416 453 471 439 406 156 432 264 469 251 399 311 165 412 289 128 294 554
20
495 412 339 105 550 188 250 484 224 194 528 578 568 456 135 127 541 378 197 579
20
194 154 541 469 552 206 509 161 459 444 250 417 593 408 442 285 560 253 483 433
20
114 173 585 251 287 406 243 427 372 581 264 563 260 450 493 306 134 200 595 177
20
395 372 288 573 320 453 187 406 433 402 202 396 199 366 140 264 134 394 380 476
20
253 471 185 551 440 553 278 523 206 593 255 425 313 560 333 311 286 549 283 358
20
191 401 366 161 471 394 236 259 217 507 594 197 428 132 402 543 438 232 137 412
20
334 253 318 184 246 226 480 557 237 213 287 484 507 593 443 118 109 388 234 433
20
129 313 381 323 223 312 373 116 187 163 387 259 296 510 216 114 482 346 309 101
20
254 575 307 384 399 598 460 272 595 169 338 132 551 456 255 266 339 162 193 383
20
587 363 518 580 269 253 388 120 432 334 549 327 535 414 591 126 440 222 202 400
20
374 127 588 266 443 598 455 362 530 105 259 573 394 471 550 153 584 214 208 377
20
489 500 460 232 491 412 248 364 112 323 108 390 528 219 477 188 160 342 303 517
20
181 460 247 454 425 403 395 524 306 197 400 354 585 565 130 118 366 226 427 318
20
125 476 544 567 484 102 278 134 335 523 463 492 152 150 277 324 279 196 430 365
20
341 429 456 258 592 472 523 275 513 579 381 429 283 229 380 298 477 416 260 412
20
189 210 404 299 109 179 412 441 116 405 427 389 145 394 145 107 423 414 392 167
20
499 255 431 382 477 437 224 572 171 454 229 423 579 592 331 578 206 556 364 224
20
333 377 475 346 543 375 387 121 382 557 598 312 241 353 584 127 516 361 596 572
20
232 521 465 242 300 130 569 597 270 225 326 408 155 161 484 449 252 334 302 425
20
363 410 138 298 362 319 520 235 516 314 274 322 198 434 378 434 236 372 369 547
20
247 247 406 431 237 128 494 537 530 341 479 414 160 422 368 575 106 173 336 331
20
263 229 154 509 562 432 199 524 467 263 168 133 141 372 211 206 439 153 423 407
20
191 459 376 395 474 351 308 381 324 174 193 215 209 395 190 437 594 129 590 409
20
408 401 456 344 578 531 303 411 541 404 387 408 168 351 368 386 576 276 207 175
20
144 359 299 537 436 117 186 242 425 189 490 172 476 519 216 114 559 504 200 449
20
563 139 281 206 214 573 287 360 331 436 131 343 397 378 427 570 268 398 533 116
20
541 308 493 124 336 377 508 469 266 540 256 438 524 538 584 411 214 548 483 530
20
504 219 238 158 140 574 588 259 477 411 220 229 168 151 434 117 189 569 387 282
20
258 553 474 569 334 383 535 425 546 321 187 372 435 251 588 118 115 143 528 342
20
371 512 594 443 301 370 372 564 242 353 179 140 182 232 155 471 356 175 383 532
20
210 230 343 251 320 174 516 195 350 404 177 104 112 343 434 112 217 409 217 224
20
286 183 180 275 145 522 457 236 405 361 584 262 544 466 307 419 575 256 412 181
20
547 189 134 209 199 258 499 307 410 471 435 476 580 254 127 291 559 377 125 161
20
572 316 225 545 484 501 433 523 495 487 409 238 201 380 279 208 102 259 250 451
20
560 244 496 524 109 109 186 332 296 490 380 342 176 151 291 209 406 531 183 530
20
516 395 523 505 358 153 561 392 321 474 319 416 433 107 563 187 453 496 331 237
20
511 382 130 121 457 441 493 315 172 498 380 522 130 393 199 206 245 385 517 577
20
472 414 211 467 331 425 280 447 171 474 307 404 590 486 138 518 439 252 583 433
20
250 258 357 527 571 504 568 384 584 456 338 294 505 366 161 593 358 347 152 423
20
303 105 126 335 263 455 267 600 428 340 206 220 527 213 438 312 102 481 241 226
20
170 479 318 162 390 554 429 404 593 587 315 356 593 389 595 351 203 466 228 259
