150
20
586 170 572 467 531 419 186 470 104 494 242 481 189 110 330 466 293 498 155 393
20
410 353 391 297 108 546 478 245 224 367 422 314 469 551 419 246 466 558 434 192
20
507 191 487 269 353 294 200 239 137 298 569 351 154 206 333 381 527 183 223 362
20
279 330 177 125 300 403 137 534 156 267 494 476 348 256 471 349 252 553 484 436
20
454 261 555 138 548 561 352 191 311 450 154 424 184 438 464 208 220 340 205 518
20
168 332 245 101 302 202 333 311 402 255 581 235 478 158 209 316 347 131 333 439
20
323 516 149 352 257 523 330 519 579 213 445 556 425 159 462 401 592 576 312 466
20
206 159 177 370 544 153 195 337 546 362 202 178 243 551 520 160 425 586 460 450
20
282 269 578 430 332 345 476 245 572 535 113 573 104 575 470 119 444 104 475 109
20
512 405 512 119 238 198 426 524 421 134 372 467 469 318 379 133 332 361 143 115
20
281 330 558 260 109 464 285 598 171 286 103 400 447 156 440 165 152 333 433 459
20
396 580 230 573 161 345 585 516 535 139 302 451 309 283 245 294 482 303 586 499
20
266 239 457 485 221 283 379 524 159 397 580 417 521 362 336 511 123 233 273 545
20
299 216 342 390 110 592 221 165 109 451 495 555 474 345 291 283 326 342 209 417
20
125 441 379 577 523 271 157 359 548 288 334 107 496 177 538 256 543 486 102 222
20
440 287 123 172 561 461 318 104 530 172 391 541 532 411 537 586 195 440 580 474
20
371 564 208 304 484 327 252 420 144 552 116 568 408 342 404 358 462 551 582 309
20
187 392 430 101 130 290 259 105 511 563 222 309 406 421 547 168 488 198 474 197
20
344 436 476 578 150 197 442 272 512 467 440 354 130 127 361 553 147 574 135 101
20
443 391 327 492 251 413 552 366 136 293 157 544 411 459 527 529 352 454 508 147
20
262 334 101 198 247 102 526 187 574 142 459 588 272 545 576 272 111 410 485 481
20
481 169 104 212 583 580 336 557 126 273 572 252 522 544 145 357 488 107 514 333
20
359 212 584 438 430 187 529 462 318 251 130 249 335 305 301 216 577 230 225 181
20
189 259 588 159 519 580 212 441 414 367 265 502 528 488 266 433 270 241 248 331
20
367 484 400 429 100 267 404 371 233 145 398 556 123 555 258 203 430 196 224 236
20
334 279 104 564 218 217 409 110 462 462 464 520 244 519 304 244 496 438 591 317
20
510 278 284 197 581 502 420 265 105 217 540 369 574 545 227 333 553 114 530 104
20
363 129 340 554 127 333 434 119 539 161 464 217 563 120 223 592 293 378 468 119
20
579 118 345 290 139 266 528 495 466 512 154 101 279 293 330 260 570 148 314 462
20
436 148 349 169 519 426 300 200 162 598 118 100 266 163 598 439 564 138 519 162
20
501 467 236 440 509 231 339 362 159 163 402 262 278 409 596 356 172 221 403 166
20
397 159 468 453 242 410 592 365 113 259 569 272 193 376 337 452 181 499 430 454
20
457 452 592 298 352 208 222 280 487 139 120 424 243 390 393 446 544 396 548 485
20
408 471 545 278 154 328 527 482 118 123 215 125 148 229 107 580 108 330 357 472
20
153 317 259 139 262 589 192 134 361 266 537 217 242 451 488 523 423 107 439 582
20
111 371 287 600 408 243 492 370 576 262 160 387 433 502 170 596 409 517 153 433
20
123 510 404 432 137 476 512 382 438 208 523 357 487 318 491 470 285 156 141 495
20
473 494 138 517 394 553 213 274 223 173 573 421 317 254 121 181 469 161 484 356
20
341 164 121 577 431 125 152 462 133 383 551 188 103 471 398 360 205 104 143 230
20
279 195 106 449 480 289 253 129 174 109 476 402 116 289 490 225 492 589 408 572
20
378 155 411 479 366 116 509 569 570 543 426 518 554 347 256 293 531 314 189 319
20
572 140 384 297 474 236 463 247 398 257 406 554 503 547 553 544 322 154 162 444
20
498 128 312 477 343 586 301 122 534 596 116 588 307 191 300 318 333 258 222 101
20
346 342 367 545 595 511 367 296 548 131 396 599 260 525 554 522 459 476 271 466
20
308 160 247 234 241 260 152 166 156 401 518 600 435 346 513 572 278 198 534 255
20
152 169 364 248 318 283 361 485 457 418 435 459 570 458 173 181 571 238 277 173
20
600 460 131 498 531 502 357 267 260 354 103 271 289 146 231 586 385 414 569 182
20
594 195 177 256 477 195 234 155 242 558 275 464 385 119 145 225 140 514 530 483
20
457 170 316 545 325 551 424 421 589 347 554 379 123 545 286 483 178 584 305 266
20
429 266 277 497 359 300 117 421 487 174 509 238 435 469 348 462 412 400 158 546
20
432 405 344 437 179 296 571 177 120 208 546 454 256 401 310 496 261 438 292 457
20
124 487 585 377 222 474 185 183 502 286 323 279 429 401 103 558 213 228 353 299
20
231 466 414 456 402 124 252 484 436 329 149 499 293 285 523 335 390 563 308 110
20
159 271 468 353 237 196 140 512 592 109 400 550 330 307 352 539 174 320 391 494
20
366 507 353 231 291 440 470 321 482 396 586 323 489 137 162 315 239 559 444 458
20
495 260 118 320 515 269 369 218 454 556 233 428 429 422 407 596 513 590 448 533
20
112 578 338 260 166 263 399 169 183 565 193 185 103 153 277 314 520 340 193 385
20
341 390 226 342 263 589 232 114 424 422 247 156 310 308 520 471 232 514 497 220
20
422 197 519 307 330 400 471 537 317 526 237 108 543 363 382 511 505 100 317 414
20
150 245 521 245 423 324 182 136 317 191 126 598 459 215 216 245 239 203 384 321
20
308 361 161 114 197 104 478 188 312 483 537 144 514 488 206 569 503 236 571 134
20
441 164 430 284 459 525 474 456 104 117 224 504 503 374 132 527 341 477 472 285
20
266 434 254 112 172 367 422 225 448 471 243 342 475 319 249 284 150 181 537 486
20
115 405 199 233 579 475 152 122 485 148 202 517 458 268 535 297 540 526 387 565
20
222 188 501 103 143 369 347 140 529 244 138 291 556 212 395 347 390 500 325 348
20
407 136 361 218 431 202 168 158 226 580 246 291 278 543 399 380 173 587 108 415
20
225 399 401 137 332 436 178 183 488 213 518 421 303 211 492 493 325 256 276 398
20
342 314 121 485 250 160 453 269 503 364 334 576 338 164 307 512 237 353 488 448
20
405 214 463 511 504 176 594 362 264 132 162 502 123 550 441 269 400 431 178 508
20
421 595 166 249 372 149 484 486 141 245 393 401 367 401 197 485 582 571 548 221
20
270 104 592 310 407 448 390 431 286 222 369 517 138 154 198 329 153 489 287 364
20
227 119 553 313 497 463 567 570 182 100 555 179 432 143 340 488 299 421 128 196
20
432 579 175 378 471 386 418 304 576 433 246 252 129 260 505 118 183 493 215 388
20
314 356 529 545 172 293 469 115 110 279 514 462 310 276 320 343 322 202 393 551
20
242 256 587 563 477 203 317 550 222 154 393 529 161 250 457 589 299 554 233 172
20
468 452 205 358 248 541 586 538 393 457 189 588 596 441 327 522 569 213 423 188
20
532 270 401 429 597 461 590 566 280 220 274 199 309 306 349 191 228 247 167 534
20
539 228 534 107 466 351 552 186 144 175 429 599 326 133 223 268 341 120 588 340
20
456 448 506 139 207 542 405 480 301 560 426 512 253 314 461 330 482 262 314 411
20
256 426 545 115 207 280 314 553 501 577 487 446 312 235 201 269 145 443 386 189
20
369 566 202 233 254 480 306 538 167 450 397 516 182 379 498 103 460 338 325 195
20
329 538 116 169 213 482 130 393 575 525 256 225 346 500 593 362 329 512 571 126
20
354 392 485 600 468 578 440 227 432 356 465 366 431 450 388 564 242 171 585 428
20
173 198 445 528 158 365 336 184 477 367 329 490 231 538 600 200 591 494 195 499
20
193 277 361 217 105 151 475 290 433 472 572 348 389 217 239 501 545 148 402 467
20
334 228 564 592 351 160 241 234 113 272 407 376 250 345 173 493 446 271 184 190
20
580 349 125 109 401 574 589 307 344 583 137 416 177 581 290 144 282 410 386 203
20
187 189 209 512 388 336 441 151 106 495 344 169 439 487 348 173 155 201 409 197
20
399 535 359 535 328 261 132 583 501 106 167 534 257 122 422 315 516 340 296 334
20
461 139 501 413 157 162 598 136 222 432 266 313 487 168 507 239 400 208 462 572
20
449 520 392 350 360 487 334 234 533 401 415 195 560 556 554 302 255 477 430 598
20
593 210 327 572 577 410 120 121 237 162 242 129 111 598 227 232 531 393 300 197
20
566 592 363 213 123 197 178 391 273 128 387 248 146 304 345 559 294 251 336 200
20
435 383 306 125 228 540 373 237 600 435 498 212 278 350 318 477 188 264 490 456
20
349 405 430 377 123 452 245 473 549 223 208 478 340 537 565 196 332 431 589 575
20
597 457 396 301 504 248 384 163 434 144 186 525 484 570 286 344 352 531 236 555
20
278 353 330 426 246 193 428 444 119 130 218 425 468 442 129 351 314 140 125 568
20
573 398 272 507 142 518 132 419 349 438 514 568 493 199 371 476 523 517 120 446
20
195 294 546 438 467 345 441 501 160 355 435 237 420 574 279 270 449 555 398 110
20
564 209 152 278 481 415 579 555 189 563 183 505 204 467 489 435 419 364 559 299
20
215 129 496 552 460 241 426 395 430 578 356 328 271 134 238 398 348 204 129 575
20
446 106 450 213 108 406 343 574 247 438 458 516 161 275 347 416 265 320 169 313
20
133 410 150 358 264 196 475 504 388 292 235 433 572 211 283 515 207 338 354 201
20
136 597 571 136 397 571 126 315 142 218 533 465 194 390 491 167 409 281 534 256
20
584 459 180 563 563 195 197 440 210 206 414 385 368 168 152 144 292 448 539 269
20
462 552 420 461 513 285 383 269 287 348 410 230 345 553 180 176 545 222 457 364
20
224 568 386 543 418 465 369 534 504 417 600 420 342 496 401 167 445 553 449 457
20
309 134 191 460 452 301 380 214 310 261 350 222 456 215 431 421 481 424 110 503
20
485 149 109 563 260 462 512 160 493 510 562 446 375 430 182 340 228 307 276 580
20
114 453 545 268 215 212 107 202 149 307 358 224 227 309 374 574 432 259 179 592
20
582 219 530 490 114 429 600 150 390 549 398 521 182 171 440 336 352 293 498 469
20
367 156 507 457 110 393 536 408 536 468 547 448 313 573 487 183 300 457 285 480
20
121 591 115 362 258 527 279 316 485 562 328 456 580 597 392 493 200 187 520 183
20
359 331 403 177 475 445 501 378 288 537 569 281 320 518 149 289 152 340 145 550
20
206 562 211 526 359 349 480 277 588 501 256 334 258 212 549 571 462 470 276 596
20
100 597 405 508 275 339 417 370 514 579 163 429 590 469 448 348 302 291 277 100
20
536 433 396 556 416 247 251 109 401 504 220 313 301 201 563 163 100 217 134 253
20
202 147 142 183 419 232 388 505 363 461 277 367 550 460 400 199 577 104 555 145
20
148 581 365 474 158 192 481 424 595 122 311 382 454 419 434 521 237 151 404 242
20
519 497 544 464 177 442 511 114 480 502 338 375 288 423 452 559 157 492 449 369
20
363 179 199 360 155 254 317 127 240 211 306 131 512 448 215 302 397 259 107 503
20
562 149 222 597 542 572 434 540 166 203 222 498 260 594 560 475 332 532 354 279
20
584 186 514 557 104 350 198 175 189 507 315 261 583 129 154 306 580 558 380 453
20
124 546 266 594 244 220 299 111 330 118 230 174 302 107 228 163 352 438 327 523
20
216 425 247 109 484 580 105 491 299 525 346 250 336 587 351 199 257 593 142 233
20
276 505 390 577 293 254 493 519 499 539 441 170 406 485 266 381 136 450 154 108
20
579 121 198 566 294 534 595 403 523 175 118 306 276 220 497 520 139 266 223 455
20
539 437 208 146 157 208 386 218 284 527 404 344 226 419 232 324 522 193 414 128
20
128 106 364 115 446 301 122 400 224 573 337 274 580 591 184 196 108 343 282 105
20
390 440 240 476 339 564 245 424 434 293 533 126 413 531 128 600 360 509 523 231
20
334 519 322 366 586 451 264 100 573 565 432 541 429 568 490 133 132 546 446 453
20
225 260 475 121 465 200 171 374 412 194 545 418 406 560 538 353 265 217 432 587
20
454 422 547 238 103 191 116 322 400 185 570 243 156 314 302 526 143 400 317 452
20
115 139 249 154 134 486 363 543 193 243 576 285 210 139 312 196 299 581 197 134
20
499 433 282 483 385 166 322 145 343 307 430 207 552 232 296 363 551 232 188 271
20
135 502 402 424 221 549 497 359 169 369 240 327 431 526 347 300 284 474 137 311
20
552 126 502 306 391 544 374 331 299 128 317 418 401 122 108 179 396 165 506 516
20
581 575 433 283 115 301 420 537 131 142 156 247 342 245 477 225 558 384 573 281
20
210 436 254 300 535 457 200 432 524 434 370 486 326 328 518 407 266 164 343 542
20
389 246 511 302 581 103 164 111 502 228 199 569 481 385 535 221 312 454 441 389
20
271 390 133 594 600 262 116 402 558 130 409 356 532 324 467 331 374 448 310 450
20
477 531 151 210 392 446 451 183 354 387 250 345 237 270 506 449 432 522 594 335
20
311 300 352 564 353 145 447 587 351 563 413 373 125 597 536 266 192 170 521 357
20
435 540 562 293 452 166 113 585 409 116 457 584 374 591 426 599 547 386 423 160
20
378 597 561 589 510 144 189 365 512 245 181 160 214 428 299 390 571 428 302 186
20
409 497 261 444 269 346 432 408 492 135 124 427 531 240 307 592 370 528 355 146
20
308 373 220 421 299 400 162 297 577 464 545 106 356 557 429 332 557 429 510 483
20
259 352 460 587 487 104 349 532 182 504 210 335 179 313 448 267 515 298 249 498
20
229 329 140 508 229 178 432 484 363 155 182 592 306 191 583 561 108 545 359 392
20
245 207 595 453 432 447 372 428 415 572 454 353 104 569 224 140 147 129 555 237
