150
20
443 451 173 128 561 409 550 244 594 385 342 344 138 542 415 203 121 267 129 177
20
498 508 412 260 567 529 582 360 482 100 489 361 274 178 211 218 513 577 108 576
20
503 408 502 531 226 257 342 496 136 133 487 268 185 419 226 552 413 555 544 433
20
215 163 529 339 600 531 177 413 549 446 226 477 453 277 474 286 539 274 391 454
20
493 454 202 425 214 271 486 580 235 121 166 297 315 520 324 192 545 329 175 562
20
481 491 401 512 264 542 244 136 559 557 308 496 447 536 553 195 317 323 320 164
20
274 308 314 112 580 508 416 137 374 584 428 491 405 159 474 119 152 533 418 188
20
207 367 225 584 259 128 371 329 413 328 260 450 184 340 448 347 111 391 187 198
20
200 167 125 151 194 474 156 358 533 567 115 188 208 282 283 587 168 520 179 284
20
300 240 336 533 572 446 547 168 461 266 211 138 318 507 477 371 487 328 457 382
20
428 235 286 284 145 562 439 286 588 454 105 386 321 586 447 278 216 510 335 225
20
318 113 425 490 481 317 338 187 207 219 246 310 459 386 355 594 284 559 147 109
20
501 500 310 392 246 456 389 235 463 378 100 582 372 186 153 187 133 109 265 349
20
549 294 515 225 550 557 510 340 179 152 216 276 152 291 294 516 475 106 391 512
20
257 364 483 241 480 186 519 376 322 495 285 396 532 327 314 140 250 441 210 502
20
559 310 263 186 459 199 505 582 131 460 285 600 233 141 410 142 492 217 294 311
20
430 130 239 189 146 587 578 549 557 587 585 377 126 196 209 222 300 169 566 182
20
100 306 498 142 140 319 455 470 539 326 310 235 384 593 420 142 390 203 343 308
20
570 511 190 239 311 211 353 430 128 207 409 498 370 159 203 127 483 103 600 305
20
164 146 139 365 163 366 265 284 577 344 504 506 427 178 447 142 541 393 511 158
20
183 204 118 406 358 566 306 353 304 427 155 351 337 262 177 127 470 161 277 573
20
291 333 262 481 221 484 533 479 124 238 494 344 512 313 225 303 134 470 319 243
20
270 426 552 200 186 236 175 575 578 378 414 252 433 270 447 203 404 162 533 144
20
353 199 365 445 249 465 346 519 532 373 299 179 297 490 552 451 105 596 600 334
20
582 165 488 303 429 383 334 407 192 323 163 206 488 232 305 312 337 447 140 193
20
323 438 595 169 234 537 434 474 209 200 569 348 408 369 289 350 509 377 462 177
20
422 580 409 467 370 363 222 224 559 565 519 478 472 259 302 201 583 291 251 117
20
385 313 158 569 374 508 122 221 562 117 375 396 206 122 553 151 142 356 386 569
20
325 165 297 164 264 279 452 165 561 554 443 172 544 100 199 552 570 143 487 101
20
378 475 369 426 476 363 502 582 155 529 331 307 425 488 454 136 491 363 281 240
20
309 155 237 174 179 291 330 133 249 553 522 129 510 536 216 217 470 573 514 119
20
384 363 223 576 307 150 430 329 599 541 597 120 257 355 468 473 338 542 487 371
20
547 369 513 309 221 274 158 417 195 186 236 239 460 560 277 492 135 395 423 541
20
525 246 325 176 484 586 184 329 486 144 268 148 242 174 562 256 508 269 240 333
20
416 236 246 432 119 512 146 576 491 402 167 561 321 203 197 332 450 528 291 526
20
456 404 174 230 405 518 429 472 201 312 220 561 320 399 597 597 201 281 261 252
20
359 469 569 481 111 572 318 238 327 156 141 172 386 265 103 401 535 303 118 529
20
400 256 226 357 238 451 207 249 342 257 456 453 125 138 275 586 492 212 471 219
20
131 546 229 184 593 405 396 391 142 466 263 217 311 380 125 354 257 414 409 581
20
408 273 310 503 557 462 477 447 355 211 292 170 554 349 224 325 429 600 284 366
20
336 244 360 252 212 437 100 190 489 318 120 144 261 548 376 102 328 597 388 331
20
516 497 391 294 366 527 392 156 235 326 522 213 105 177 351 374 361 161 249 574
20
158 389 575 118 321 540 351 247 372 304 411 199 438 160 164 448 438 129 380 212
20
468 125 420 547 352 132 250 301 344 235 115 285 416 170 495 215 556 400 241 510
20
448 109 229 107 103 411 472 287 347 226 228 301 171 531 504 346 143 571 501 209
20
244 194 352 487 220 484 580 452 289 244 117 209 238 464 381 143 403 377 264 452
20
289 111 433 488 201 380 398 506 120 217 509 521 128 257 460 312 221 263 214 426
20
385 449 350 454 241 162 327 455 239 356 436 303 556 554 245 506 585 543 532 215
20
386 282 310 585 296 227 260 295 201 194 373 564 226 153 195 327 290 464 241 545
20
258 154 527 517 385 173 598 208 380 107 141 330 361 545 164 133 157 397 405 244
20
243 278 530 445 413 108 180 131 565 309 301 509 157 216 423 149 251 457 356 311
20
235 544 329 149 225 594 412 591 253 176 395 228 379 520 556 374 438 332 551 160
20
400 562 394 323 397 271 467 470 421 120 200 276 431 528 390 194 207 122 295 588
20
201 167 164 477 600 577 133 530 469 539 369 426 282 304 239 265 330 429 311 184
20
345 275 144 545 158 339 535 398 511 294 170 358 587 485 395 391 276 582 385 203
20
572 459 419 546 482 316 230 378 455 227 165 416 592 184 467 280 458 335 343 180
20
270 442 247 215 596 237 473 188 519 152 277 473 300 494 105 399 307 382 462 238
20
334 191 511 563 101 565 418 524 501 527 105 352 349 509 255 550 328 516 598 294
20
360 309 459 334 478 477 414 152 283 145 130 569 301 541 120 322 322 227 329 154
20
192 219 450 404 574 340 556 586 181 529 408 127 152 275 337 541 109 111 296 358
20
590 390 263 219 573 383 395 536 360 133 127 323 291 201 419 164 474 158 157 582
20
157 282 396 565 345 354 599 151 498 295 546 151 410 121 110 419 264 452 214 155
20
383 153 143 569 531 192 148 179 235 561 227 286 177 445 265 263 238 394 148 304
20
410 571 160 463 425 317 250 143 425 184 399 527 156 198 136 238 582 541 498 143
20
581 371 302 519 302 115 257 521 486 413 177 334 166 199 514 143 400 151 459 307
20
458 215 235 117 550 298 344 406 326 392 187 398 252 257 162 535 201 404 402 504
20
534 518 142 573 157 185 344 452 503 110 567 132 191 470 372 398 428 527 468 527
20
258 208 559 263 249 170 442 589 578 522 267 395 106 272 146 118 583 419 597 588
20
440 257 345 216 429 226 367 164 487 151 392 469 471 174 504 504 137 463 529 222
20
313 463 245 529 229 146 550 406 351 186 274 235 209 402 515 534 294 448 133 142
20
573 350 218 305 468 258 395 439 382 190 220 483 344 539 346 191 200 239 214 504
20
338 499 446 341 147 330 498 445 399 240 245 498 299 110 427 562 169 474 419 111
20
496 201 424 359 128 216 179 520 452 297 524 498 547 195 140 140 105 435 460 406
20
274 543 246 342 463 243 538 205 497 301 307 315 503 485 557 160 268 561 486 128
20
202 494 483 196 526 266 420 296 329 147 340 167 446 265 347 292 353 310 382 190
20
223 264 583 465 421 537 342 430 140 207 146 598 126 173 123 261 505 122 470 410
20
144 321 136 580 254 189 483 276 365 251 161 223 125 262 523 594 225 313 592 219
20
406 449 495 330 260 429 269 474 114 141 321 474 548 208 267 248 500 228 188 517
20
461 165 371 153 225 333 166 378 252 161 153 312 199 389 215 128 294 205 419 114
20
566 382 216 344 505 226 451 334 104 435 406 486 164 252 239 460 148 150 251 547
20
296 112 290 575 495 474 543 117 153 209 328 487 320 396 261 102 372 118 260 531
20
411 239 527 112 498 319 563 103 440 583 172 310 208 221 553 388 311 583 529 200
20
171 348 293 236 496 143 506 431 328 171 550 203 117 397 125 325 450 489 112 597
20
504 164 195 438 326 443 235 276 364 572 362 217 312 437 114 549 347 569 339 373
20
537 378 437 187 404 220 355 404 418 182 100 148 598 166 185 305 477 415 298 319
20
310 493 591 369 233 153 257 451 319 162 207 377 168 429 436 201 563 218 419 564
20
126 424 545 196 462 233 538 273 158 579 261 270 119 471 407 594 139 512 422 214
20
362 537 490 388 574 572 592 368 259 125 323 550 181 512 112 452 527 233 233 164
20
546 593 415 249 403 350 217 561 377 348 475 199 443 294 524 483 546 281 509 508
20
227 341 298 119 578 456 471 211 500 266 510 396 393 264 278 305 114 340 416 427
20
325 189 587 414 431 327 278 597 590 229 348 198 597 536 279 590 223 519 497 457
20
370 188 313 535 268 397 574 584 133 500 256 393 276 499 323 459 465 107 118 510
20
136 248 289 116 527 524 375 230 562 474 178 485 419 127 517 449 289 371 493 255
20
504 467 393 148 539 468 273 350 168 457 591 462 337 232 570 358 481 542 544 201
20
456 126 520 523 406 447 175 444 506 298 513 524 416 578 492 192 484 502 427 388
20
187 166 356 216 181 404 366 177 165 581 520 556 213 284 409 597 393 184 572 263
20
342 582 160 171 218 416 245 496 341 594 325 407 178 476 318 147 177 117 242 249
20
531 168 381 378 269 222 438 220 378 138 200 516 336 452 362 533 215 302 571 125
20
274 411 241 178 505 242 280 316 391 220 350 398 125 464 285 589 191 559 578 110
20
467 175 278 408 233 589 539 283 186 538 223 277 324 535 394 576 201 306 138 336
20
320 233 475 569 171 380 404 379 113 161 198 425 457 382 458 513 448 306 564 269
20
394 111 539 432 272 405 579 164 359 541 537 138 489 399 174 257 512 204 363 250
20
476 221 101 409 488 126 132 558 592 171 383 559 316 126 169 502 341 486 472 160
20
432 205 315 410 189 361 476 101 121 174 402 395 553 214 157 262 484 580 237 282
20
520 352 162 175 481 427 154 283 300 221 476 246 486 241 294 415 479 311 147 544
20
178 574 179 463 323 565 101 598 483 106 231 501 593 304 172 441 220 314 591 208
20
241 552 351 282 323 323 149 328 248 158 593 541 297 597 481 508 583 510 160 350
20
241 231 411 372 219 390 359 104 426 350 440 123 555 347 573 264 520 144 495 482
20
385 512 120 274 308 551 327 180 119 400 517 335 391 156 459 372 133 154 439 114
20
488 364 298 539 145 518 430 110 600 183 243 548 105 451 470 533 182 376 126 264
20
348 119 537 215 350 325 128 107 187 257 576 162 492 447 332 145 572 553 334 595
20
125 258 387 306 223 373 545 528 346 533 419 253 154 391 280 493 222 462 271 211
20
391 278 472 429 422 585 438 212 554 123 182 579 210 167 508 589 247 334 412 585
20
459 455 295 349 494 160 196 564 193 105 287 272 434 531 390 343 291 559 284 207
20
527 503 537 234 271 150 523 294 423 405 130 593 327 471 383 304 256 512 577 447
20
594 239 295 228 569 313 288 534 233 484 282 111 401 367 156 273 113 237 599 428
20
553 474 112 469 240 348 137 423 578 429 364 249 517 355 280 414 407 204 343 101
20
140 564 150 319 400 399 509 158 300 191 413 438 364 456 441 578 486 144 415 108
20
569 529 519 541 434 378 409 521 220 355 491 539 133 253 395 257 502 516 338 326
20
235 109 472 268 354 278 452 474 584 374 202 105 295 498 193 207 482 390 378 495
20
346 124 150 520 487 378 594 403 168 574 386 417 124 220 518 421 546 499 449 425
20
221 477 512 340 121 277 527 358 160 104 192 240 271 208 467 340 242 172 148 445
20
268 355 466 437 325 144 260 296 300 303 382 527 344 169 356 582 569 455 135 444
20
590 105 207 252 235 312 216 288 341 540 108 348 521 488 357 139 530 158 404 219
20
291 112 180 402 312 177 540 400 597 326 222 411 329 243 135 305 137 498 471 474
20
285 251 496 301 214 328 571 122 454 573 379 126 357 227 262 256 135 241 195 309
20
520 310 100 549 193 475 518 403 482 551 117 319 522 202 327 360 364 420 204 485
20
367 475 202 180 143 567 186 340 159 360 561 166 188 125 377 294 205 598 427 571
20
316 325 542 367 387 434 373 302 435 291 146 228 578 256 526 376 318 530 497 290
20
163 188 309 253 599 187 254 403 329 210 577 584 375 316 370 579 591 339 135 379
20
409 300 215 467 153 259 243 157 320 379 101 322 296 576 339 304 463 323 421 498
20
568 293 504 561 454 421 177 297 247 366 168 565 289 357 504 591 422 197 104 122
20
200 298 236 328 289 530 128 569 406 146 101 570 182 533 162 315 265 488 325 572
20
383 204 596 145 212 480 104 219 436 475 544 412 431 559 484 310 136 493 396 274
20
312 371 301 123 222 540 249 381 558 233 498 350 189 146 164 427 480 328 243 240
20
324 559 516 436 340 297 496 530 550 540 548 161 391 240 131 127 243 358 500 547
20
514 538 593 572 460 477 345 590 357 331 393 142 126 383 479 118 126 377 508 126
20
570 453 567 351 258 152 211 276 138 449 207 249 573 347 139 123 173 387 482 175
20
457 540 154 588 191 297 187 236 150 599 371 371 510 253 507 412 369 588 355 260
20
574 543 362 146 215 135 507 388 233 210 590 395 477 282 587 207 368 524 443 579
20
458 230 250 495 128 421 541 254 332 424 336 422 309 479 519 508 424 380 264 489
20
581 376 459 434 378 438 226 553 201 223 519 453 429 508 302 346 226 587 209 255
20
249 553 277 441 139 344 405 472 274 266 258 188 562 183 258 395 526 326 586 436
20
394 205 217 310 563 115 129 114 400 117 507 373 320 454 361 295 427 291 297 143
20
500 327 164 271 373 184 119 129 297 245 165 549 204 370 304 495 358 595 210 537
20
548 238 489 571 108 420 560 127 149 487 495 279 287 144 457 417 495 250 488 130
20
398 335 371 291 481 511 115 454 132 465 509 593 568 106 533 562 441 385 569 549
20
156 193 524 575 395 309 416 468 273 257 368 386 211 299 275 438 537 137 232 404
20
368 573 352 473 599 496 414 154 582 536 252 516 169 149 478 351 416 107 140 415
20
439 117 451 436 507 462 156 260 525 192 228 300 540 589 211 533 369 230 318 400
