150
20
227 566 210 445 382 590 325 394 273 265 117 424 332 321 349 396 317 511 312 565
20
393 155 540 523 355 162 220 485 164 206 297 361 382 512 573 214 104 586 153 372
20
245 302 449 383 320 191 295 246 470 267 350 463 265 465 201 450 213 274 172 375
20
429 505 483 366 575 520 356 568 121 213 300 358 492 203 381 472 485 130 116 406
20
438 220 555 469 575 153 157 175 522 130 158 289 215 258 385 157 248 232 307 539
20
443 115 123 500 545 213 476 527 459 507 380 224 576 357 252 402 123 578 325 158
20
504 559 180 518 359 295 323 207 110 474 447 306 370 321 329 135 529 432 337 148
20
179 489 238 309 523 169 539 534 366 584 176 534 361 137 415 276 180 352 404 239
20
156 456 295 521 457 118 161 358 184 548 291 137 450 340 313 304 160 124 439 581
20
576 420 320 300 433 325 376 120 263 518 263 308 133 455 576 526 452 297 202 549
20
107 525 523 324 511 487 496 123 111 575 572 248 234 498 458 355 240 128 304 130
20
192 443 583 258 490 368 474 180 432 189 373 232 415 254 322 371 179 590 504 109
20
372 552 340 208 316 511 114 172 581 505 500 519 519 218 432 532 497 464 292 438
20
352 472 336 362 151 186 509 398 188 483 203 134 319 290 534 161 490 428 422 589
20
401 479 116 172 113 558 570 149 579 141 123 148 549 410 393 408 380 443 592 306
20
124 589 452 505 273 549 317 238 410 360 219 164 446 234 176 187 106 165 267 380
20
411 303 224 512 378 439 256 315 123 198 109 449 246 158 505 432 183 353 409 269
20
331 534 144 511 258 187 138 269 205 588 240 265 291 306 572 467 419 343 553 116
20
374 123 536 303 591 294 466 586 392 130 499 483 467 144 550 154 234 458 523 454
20
168 215 444 211 105 434 463 575 136 587 489 469 342 398 409 517 236 493 575 428
20
135 572 555 530 282 203 483 599 482 264 375 523 582 236 338 480 483 400 170 303
20
359 327 546 224 312 274 220 400 549 379 544 217 403 434 284 408 418 122 411 458
20
317 209 441 233 561 463 524 323 432 124 286 546 429 221 170 146 178 253 558 360
20
502 121 197 253 213 512 348 363 184 353 344 439 275 409 189 171 261 108 443 343
20
522 267 513 526 490 568 481 131 461 246 170 534 512 141 440 502 164 552 600 107
20
336 343 307 281 134 582 596 530 115 418 358 359 454 264 437 472 288 567 511 113
20
277 461 262 124 134 587 326 352 206 413 171 218 229 577 295 600 502 292 260 506
20
493 352 489 266 486 139 504 249 455 437 238 372 164 205 552 356 595 371 266 305
20
591 497 223 133 599 420 540 523 331 211 346 273 102 145 136 212 215 249 546 159
20
232 485 429 208 260 379 234 397 456 268 144 182 553 215 334 255 515 535 102 293
20
277 190 101 476 310 376 341 507 334 278 525 127 358 335 331 381 528 453 590 584
20
396 200 555 532 135 387 519 121 581 432 196 351 522 316 480 420 221 135 405 159
20
321 183 345 524 378 498 111 102 426 306 128 554 170 290 366 551 242 253 397 290
20
472 138 480 211 348 137 133 107 397 164 463 465 130 451 119 269 154 423 546 446
20
169 275 556 402 193 422 182 151 417 421 278 436 543 378 119 418 116 292 310 189
20
509 226 488 522 421 381 272 340 130 492 509 129 239 468 129 508 108 356 167 325
20
576 132 276 324 373 152 289 504 298 384 582 294 285 493 490 359 292 410 331 368
20
160 379 474 514 307 445 215 432 362 510 309 177 469 528 268 535 279 267 457 374
20
544 107 254 137 136 370 476 376 211 219 174 577 250 123 121 109 107 147 543 522
20
298 376 500 281 380 281 600 486 516 472 591 379 102 464 498 258 435 114 599 154
20
105 119 392 409 274 595 201 298 425 225 314 553 533 590 594 125 350 500 562 349
20
548 270 504 258 309 345 146 179 541 130 531 230 142 300 316 330 188 436 561 380
20
374 131 444 164 178 464 589 328 421 378 474 365 113 336 347 391 493 435 490 264
20
538 139 217 364 342 457 221 336 496 185 505 139 170 417 435 445 342 554 402 391
20
212 259 478 124 326 497 199 447 518 222 567 452 113 431 474 401 350 237 366 396
20
151 325 210 535 587 465 450 515 271 475 297 272 294 130 313 593 458 349 218 522
20
105 583 406 340 394 148 281 576 112 386 472 209 408 429 542 108 332 113 108 574
20
253 403 363 446 298 260 322 529 534 600 351 295 547 350 387 434 223 211 446 191
20
442 349 464 264 241 492 245 291 318 174 331 275 370 331 508 476 249 544 550 321
20
425 358 560 217 156 242 303 281 469 358 411 171 297 540 422 112 118 431 285 336
20
556 497 491 273 467 220 153 168 157 159 238 296 426 410 173 310 272 307 161 581
20
344 324 178 317 274 202 348 397 294 374 432 360 237 382 376 126 318 453 569 251
20
500 388 340 350 127 215 253 172 590 131 575 356 148 306 511 400 536 324 578 582
20
506 231 428 254 335 433 156 181 177 226 139 445 259 532 364 519 320 145 169 412
20
340 467 184 453 463 302 205 344 464 494 198 521 482 341 286 462 176 356 279 300
20
407 262 351 594 314 102 381 104 339 443 452 118 471 379 129 272 381 126 367 555
20
420 393 408 469 442 458 367 288 395 435 125 109 202 317 290 262 498 252 588 465
20
563 407 117 444 448 240 347 403 236 130 433 161 149 327 374 334 336 498 598 273
20
399 114 442 157 286 578 193 207 450 434 586 301 470 160 578 112 263 126 146 249
20
263 570 194 586 444 532 600 538 427 345 410 359 136 285 248 569 175 180 421 238
20
421 316 164 111 314 292 218 480 383 130 407 145 308 455 446 497 472 381 553 599
20
195 379 326 152 317 172 325 244 177 279 258 336 312 226 425 519 532 444 523 349
20
149 339 547 106 562 593 376 135 559 208 525 402 143 394 345 352 547 253 207 437
20
114 418 286 344 158 131 423 221 386 252 517 180 385 266 527 297 284 172 553 589
20
320 217 359 378 185 194 476 515 218 241 556 374 288 215 538 247 147 302 171 425
20
532 416 194 428 321 326 582 101 181 367 514 122 540 369 143 511 399 361 405 494
20
173 489 469 317 599 393 111 454 327 410 437 404 438 368 271 400 257 474 426 113
20
115 581 389 486 555 434 480 577 588 374 113 372 280 491 340 538 328 455 283 438
20
541 257 387 555 583 138 126 175 295 545 186 326 406 557 353 374 190 538 207 127
20
155 305 550 390 518 335 229 277 231 432 290 574 100 299 476 138 128 406 472 600
20
517 220 474 581 502 513 229 567 519 266 496 485 556 485 437 295 369 251 406 570
20
326 131 233 123 280 200 289 211 451 111 166 556 245 259 169 317 259 320 171 230
20
230 162 175 280 223 597 142 196 447 112 152 259 472 418 352 234 486 190 563 288
20
361 272 249 103 580 228 389 140 211 114 584 238 364 101 247 169 217 527 386 378
20
107 441 372 542 206 239 397 577 124 589 518 167 468 115 590 317 147 436 422 390
20
105 577 590 157 483 416 195 242 415 270 135 342 446 399 225 295 415 468 150 416
20
493 463 546 475 235 274 221 400 541 250 201 537 416 439 369 213 196 221 362 195
20
153 352 113 439 295 296 358 427 256 514 177 505 191 331 257 284 166 464 431 508
20
518 222 183 573 184 546 219 146 533 540 442 283 596 401 324 223 434 372 539 510
20
189 349 124 247 173 526 459 528 308 392 400 118 406 230 365 266 344 138 473 480
20
135 524 124 280 218 337 332 128 577 466 224 478 303 371 265 131 123 139 216 193
20
313 216 316 425 502 285 384 295 224 299 340 152 350 283 582 594 467 374 441 576
20
218 177 244 371 101 579 296 358 596 452 582 327 253 195 389 232 292 191 171 197
20
502 292 344 446 147 367 360 562 204 360 438 506 499 248 334 275 269 483 498 461
20
307 599 403 166 383 370 560 496 413 485 229 137 345 473 200 155 568 268 161 578
20
582 585 248 250 343 126 274 573 232 509 194 111 548 350 349 316 123 453 319 552
20
442 348 506 563 379 275 496 101 432 485 429 566 430 566 559 269 112 559 301 237
20
444 145 350 114 518 334 401 557 322 437 320 383 235 123 105 420 492 299 348 330
20
508 105 407 190 438 337 325 288 166 473 301 500 442 190 443 422 169 102 364 293
20
247 131 120 388 276 354 439 571 483 111 258 154 360 147 568 139 150 342 344 433
20
499 287 515 161 508 367 297 476 156 188 583 280 519 176 596 163 494 569 587 169
20
398 207 538 327 396 341 268 304 292 217 261 522 584 565 245 584 477 340 115 434
20
334 216 109 264 389 477 137 585 289 147 247 553 446 199 120 581 217 214 535 587
20
166 582 389 227 192 290 143 102 516 189 124 274 386 180 106 170 119 262 572 114
20
595 370 365 212 160 550 285 171 494 429 316 214 297 240 519 182 144 212 291 145
20
149 554 111 247 588 136 401 414 262 243 554 558 129 316 575 215 369 541 508 488
20
141 166 239 556 515 221 538 502 159 568 372 317 381 573 455 120 576 586 159 577
20
596 320 211 306 396 138 524 419 125 245 589 319 426 238 383 580 181 305 308 311
20
376 482 503 424 284 399 405 433 592 279 412 426 307 567 262 536 383 508 226 277
20
496 344 524 450 220 331 567 351 181 300 380 101 350 344 542 281 148 412 399 594
20
268 495 313 403 265 327 226 419 381 187 598 368 586 267 460 498 577 412 138 259
20
567 395 520 207 129 534 259 321 236 496 351 499 585 447 230 438 528 359 191 448
20
256 125 502 292 231 119 558 407 520 411 286 444 522 110 563 176 516 258 314 288
20
191 300 489 274 524 254 583 188 308 298 449 232 334 371 118 512 473 575 472 315
20
423 328 247 218 594 499 212 431 493 123 310 574 183 254 527 106 227 247 199 526
20
552 273 448 500 519 479 579 329 219 225 273 323 305 523 190 283 245 184 331 593
20
522 547 392 499 539 178 563 116 272 422 288 205 258 502 305 477 302 583 493 126
20
441 138 187 571 478 295 335 374 455 184 202 152 598 429 419 350 214 544 371 170
20
363 117 211 518 391 165 363 465 228 239 409 291 571 236 419 118 264 404 381 275
20
321 203 126 461 247 122 192 281 310 123 236 166 331 569 451 311 243 343 309 564
20
305 472 226 246 481 359 580 416 445 368 453 126 472 184 482 359 156 188 260 408
20
285 446 246 408 162 281 205 284 164 319 321 256 384 152 420 329 596 274 109 259
20
394 157 336 558 566 502 590 231 481 271 508 122 414 501 189 560 102 270 435 201
20
446 332 446 301 447 518 118 295 585 108 375 127 145 298 278 581 134 229 346 220
20
189 465 107 323 247 107 385 591 541 389 279 154 510 383 595 437 462 404 103 533
20
121 132 381 344 201 121 212 417 555 127 133 309 565 572 250 478 184 349 175 342
20
289 542 172 290 552 403 588 302 517 259 335 347 157 388 291 595 193 329 507 412
20
119 342 526 193 563 142 307 509 560 531 411 574 524 294 351 503 196 559 116 320
20
464 103 331 185 258 278 438 150 379 504 116 382 417 337 543 251 469 221 402 212
20
131 123 259 311 189 573 566 267 169 508 457 249 498 386 429 468 282 128 400 210
20
186 456 551 453 208 202 326 328 491 202 287 112 446 261 340 163 435 321 391 170
20
554 578 543 217 600 536 372 470 419 243 290 568 233 150 269 462 201 512 109 297
20
365 450 386 345 537 562 338 352 331 184 557 386 516 524 143 589 130 170 395 467
20
573 497 528 186 578 574 170 545 122 143 437 349 585 128 219 354 334 393 478 428
20
433 492 454 554 186 339 205 235 286 390 260 162 585 481 151 300 143 415 124 216
20
408 572 351 182 288 467 548 571 216 188 536 547 582 350 340 331 593 357 350 395
20
189 457 223 335 350 459 595 496 133 179 251 249 414 291 351 104 435 549 113 478
20
552 501 330 143 346 137 178 433 486 445 434 596 422 525 549 329 283 558 229 502
20
492 366 155 406 163 343 436 106 334 261 227 137 286 459 319 564 382 460 360 365
20
342 322 567 440 333 351 482 476 499 287 455 150 407 551 509 372 519 523 486 296
20
435 254 233 552 254 118 266 500 594 305 599 470 553 289 244 153 542 111 387 530
20
150 124 436 160 202 101 531 587 582 291 388 590 250 344 507 404 294 350 338 403
20
380 261 426 312 297 403 261 297 335 401 226 179 462 159 432 583 144 503 587 188
20
413 499 437 532 306 553 462 311 446 298 349 488 245 290 446 115 413 227 398 442
20
346 557 159 132 310 572 388 480 440 369 221 142 173 135 504 329 539 370 540 215
20
101 577 486 405 126 467 236 232 424 296 589 361 386 248 531 515 364 424 259 351
20
122 320 224 398 287 193 378 420 583 414 255 358 326 589 258 579 343 291 501 573
20
416 130 503 294 339 408 383 141 311 156 288 204 405 507 585 424 188 277 186 520
20
260 138 120 268 457 422 136 579 357 208 303 169 192 572 553 288 461 363 360 392
20
411 580 340 476 504 502 264 281 596 502 302 446 497 116 586 505 189 335 583 378
20
103 503 162 245 524 457 514 525 256 472 143 382 592 318 508 147 282 121 296 420
20
262 532 267 579 431 169 417 118 542 189 169 478 469 292 213 402 441 297 115 193
20
148 111 321 565 381 586 398 246 551 100 289 568 476 519 182 391 108 509 261 506
20
541 231 280 232 356 510 491 446 268 569 408 428 149 290 226 306 289 476 393 207
20
246 128 269 138 360 154 221 447 387 573 150 298 114 287 216 324 509 126 326 264
20
421 154 376 382 531 568 186 461 237 145 423 509 590 357 186 197 581 174 236 464
20
498 109 131 357 582 193 395 189 574 539 517 455 460 562 527 369 442 535 286 572
20
334 196 293 531 244 150 292 571 342 194 419 104 155 468 332 277 521 506 272 355
20
183 176 346 385 231 423 446 166 333 381 392 218 186 532 212 499 291 281 437 554
20
121 557 141 400 109 118 547 225 476 206 135 410 569 361 399 458 191 504 367 232
