150
20
364 157 148 326 366 421 366 450 102 433 261 495 134 213 452 465 352 138 482 465
20
336 477 458 573 353 517 204 186 249 336 156 550 515 113 133 206 128 420 143 569
20
396 467 332 111 184 325 202 319 295 555 253 215 108 127 362 438 562 279 411 518
20
409 234 279 209 553 397 136 341 239 366 141 420 360 104 252 447 310 372 161 479
20
360 188 542 191 476 571 201 584 575 563 416 468 446 362 589 574 367 315 595 139
20
520 500 172 200 535 276 141 373 308 198 250 460 396 565 141 268 248 562 285 261
20
124 392 545 224 197 316 406 106 282 596 176 515 461 409 142 422 481 106 531 543
20
433 330 153 420 197 494 589 237 565 153 563 205 358 124 293 526 329 155 317 423
20
180 101 182 439 353 403 419 342 302 516 302 591 421 459 215 599 500 597 479 435
20
375 465 215 543 474 549 515 112 505 455 126 374 587 398 294 482 110 546 453 197
20
355 591 465 197 405 172 369 525 397 215 487 120 543 472 251 148 486 520 348 554
20
286 395 505 393 518 276 586 293 187 166 490 125 552 261 307 251 395 348 267 531
20
600 243 170 427 161 310 328 565 375 578 380 267 446 181 527 455 550 446 479 221
20
532 427 492 267 471 194 267 339 535 440 305 357 102 375 355 529 525 390 482 286
20
168 275 167 469 579 540 490 104 191 416 358 582 552 359 355 136 461 407 564 249
20
146 568 419 175 393 215 101 142 548 131 353 199 240 326 146 490 491 223 279 229
20
306 529 136 527 433 175 153 190 118 567 245 482 246 253 276 150 231 403 464 382
20
359 524 580 238 255 203 280 254 489 464 192 580 561 391 537 506 296 380 154 155
20
593 382 458 593 204 526 332 338 143 208 436 481 120 568 475 326 542 550 362 249
20
357 188 320 165 564 554 288 580 283 564 476 211 334 349 433 136 564 367 489 431
20
458 211 306 590 264 289 369 496 396 317 153 361 528 491 426 241 247 518 582 597
20
305 155 384 122 336 532 144 175 500 151 182 121 196 339 265 390 105 398 215 509
20
150 356 333 125 530 378 331 258 324 369 520 486 451 312 141 574 500 463 284 499
20
265 497 529 132 558 266 496 402 340 551 370 167 250 285 238 589 213 380 251 164
20
438 477 380 418 216 213 535 270 534 111 382 126 455 481 549 397 137 156 358 207
20
418 338 360 130 576 485 211 225 552 511 111 263 131 428 295 294 423 166 112 203
20
208 560 565 572 101 400 374 116 557 523 139 253 459 302 525 500 591 459 289 314
20
125 525 312 105 143 593 205 323 518 555 384 421 450 430 218 141 435 216 349 577
20
254 119 176 355 556 258 562 291 245 481 291 204 528 194 279 256 162 597 555 456
20
482 244 312 106 530 399 339 465 526 282 525 565 452 205 593 119 285 281 175 257
20
336 326 309 584 240 388 471 121 250 485 514 203 505 512 277 327 418 124 117 386
20
267 138 210 268 163 428 474 343 377 494 317 432 191 598 534 352 428 587 452 467
20
211 206 129 269 230 106 163 436 310 174 342 325 170 540 200 481 262 491 432 120
20
463 449 281 518 358 167 551 251 338 214 299 538 258 257 129 265 543 460 594 357
20
507 521 267 558 475 342 500 510 590 384 479 446 234 132 210 332 320 266 106 499
20
358 528 337 206 460 118 226 337 115 239 576 578 375 259 466 481 595 484 538 312
20
405 243 349 470 220 118 335 376 134 168 586 132 247 101 577 461 508 383 335 310
20
579 311 483 309 316 181 357 428 581 374 295 291 234 411 165 190 436 539 319 288
20
147 503 281 477 163 372 529 156 338 464 172 142 169 438 287 491 433 548 434 517
20
580 164 225 514 457 540 214 595 592 341 599 163 361 506 445 533 554 478 472 564
20
599 255 471 177 584 245 483 491 165 502 180 597 537 384 360 326 286 335 376 590
20
412 461 445 564 517 284 110 331 108 137 104 537 106 323 208 340 424 319 254 569
20
246 434 505 472 546 530 119 568 250 180 586 124 284 358 194 437 139 316 131 307
20
571 216 491 215 308 158 364 110 197 271 524 336 115 570 343 301 187 154 145 223
20
533 520 392 190 470 190 291 598 572 176 490 596 146 229 557 596 598 272 491 411
20
336 485 142 523 117 164 344 145 529 341 117 503 555 533 195 573 512 418 579 598
20
391 479 379 283 292 469 487 304 596 383 384 197 279 389 317 178 561 445 171 389
20
316 178 187 298 300 427 528 405 249 435 356 350 212 490 285 206 327 152 548 381
20
203 344 246 222 369 265 126 101 487 433 125 403 106 441 457 235 195 460 590 600
20
262 408 141 260 450 390 196 223 335 304 146 556 329 379 334 326 336 272 264 101
20
166 367 220 454 442 207 578 286 134 583 457 599 171 365 523 526 596 179 448 236
20
363 433 184 276 600 303 357 583 292 230 177 141 294 598 251 201 186 216 550 104
20
355 159 432 174 329 159 387 348 542 255 587 291 581 545 497 533 447 126 256 109
20
550 551 135 498 343 183 527 136 554 424 153 162 154 365 405 418 538 260 223 446
20
182 595 491 241 321 369 401 548 160 118 178 273 530 280 317 477 151 372 429 476
20
432 472 479 593 300 400 194 131 465 185 335 498 439 590 190 101 251 378 246 345
20
585 161 247 567 394 569 130 267 419 557 250 537 269 595 182 454 508 511 560 411
20
471 123 488 146 476 477 440 270 492 588 178 386 474 363 391 351 537 199 155 398
20
316 194 506 355 441 350 460 127 524 480 342 236 215 490 208 593 367 578 333 101
20
124 220 248 412 517 529 275 438 468 462 341 275 322 408 435 275 366 172 436 192
20
479 490 490 245 147 309 188 231 458 365 372 496 462 202 219 143 252 293 275 167
20
266 250 465 529 459 120 344 330 292 570 565 476 215 207 556 487 303 205 150 143
20
242 332 411 349 190 319 480 253 556 446 472 510 126 368 305 401 384 246 198 559
20
335 183 285 427 476 389 443 201 306 237 151 522 321 501 317 267 423 239 216 326
20
467 180 125 124 361 224 331 505 584 518 536 465 510 294 531 191 538 406 199 141
20
287 289 559 153 367 102 298 250 364 251 298 453 156 246 435 125 562 473 569 370
20
575 193 188 446 256 339 450 546 497 403 475 417 171 512 472 398 234 228 224 206
20
130 130 598 217 420 578 354 394 309 597 351 563 484 389 505 286 494 215 293 303
20
219 335 230 528 176 458 243 122 260 302 450 395 587 568 335 454 305 458 344 255
20
126 594 325 122 414 569 511 381 587 535 462 556 482 414 283 195 358 150 584 420
20
374 197 289 115 487 320 281 276 561 411 404 281 212 317 215 339 301 576 249 523
20
228 218 194 119 485 218 348 146 494 154 267 234 222 594 206 220 351 288 268 518
20
580 582 281 427 442 393 449 372 500 547 361 403 230 450 316 328 570 103 112 199
20
205 348 583 575 447 283 146 495 552 281 180 298 182 416 569 514 433 517 250 387
20
534 116 245 369 471 542 155 222 599 299 241 507 559 306 144 168 451 455 419 579
20
428 242 471 444 245 177 288 525 308 152 579 235 340 141 323 304 477 446 571 358
20
512 185 168 220 535 554 160 555 257 556 404 516 390 338 509 438 137 463 471 490
20
465 548 558 407 196 539 339 409 387 250 354 382 301 571 307 322 505 200 394 353
20
178 465 548 471 124 412 540 524 504 507 173 294 568 449 241 329 433 118 195 281
20
137 403 492 332 194 598 450 371 205 479 220 388 527 112 563 459 285 222 266 415
20
252 311 483 265 345 372 459 413 240 537 443 309 465 491 468 536 412 109 369 598
20
518 555 237 507 425 366 478 135 316 522 423 259 373 487 591 516 306 323 254 124
20
301 226 241 315 564 545 491 543 129 139 264 108 411 274 342 504 116 437 422 505
20
250 459 207 344 250 321 107 492 558 174 362 596 140 521 262 552 408 193 438 372
20
584 227 526 541 424 166 427 141 302 183 448 137 571 260 154 279 177 201 344 326
20
278 599 527 277 102 485 350 112 383 350 250 491 491 464 251 554 240 313 117 142
20
371 585 306 464 431 446 384 394 270 363 159 429 337 497 392 284 113 392 405 260
20
374 214 401 200 151 566 340 246 525 239 248 392 140 102 548 444 157 337 124 199
20
525 252 528 309 560 141 357 196 569 588 263 554 349 196 414 239 453 229 582 280
20
168 419 538 463 222 573 162 159 338 260 346 233 350 490 414 407 129 583 436 564
20
569 595 511 167 486 562 161 478 363 327 245 507 204 288 545 248 320 537 204 569
20
573 191 127 600 503 190 214 253 364 341 388 288 459 259 182 387 108 278 340 120
20
515 198 385 538 261 525 330 163 382 222 497 508 224 252 600 392 157 356 157 146
20
202 592 410 599 375 335 369 213 274 470 374 338 573 235 512 453 205 458 337 213
20
369 425 400 449 290 350 181 579 214 394 312 268 312 324 232 423 135 331 167 338
20
558 246 496 527 317 546 547 360 576 407 254 306 194 194 455 391 546 208 121 452
20
538 409 310 133 208 293 467 226 429 195 227 512 430 214 107 250 470 559 228 578
20
125 152 433 345 466 147 273 134 497 397 573 360 241 128 519 247 117 364 571 207
20
272 386 451 246 218 383 425 582 570 115 481 260 421 190 332 544 286 185 380 421
20
266 224 544 430 282 253 566 375 212 556 419 291 448 265 544 555 192 528 422 575
20
356 581 347 228 260 596 382 194 595 178 194 219 245 559 347 162 135 113 386 217
20
309 281 155 558 483 150 148 264 583 291 424 597 436 568 484 475 248 459 467 182
20
274 206 228 171 190 493 563 508 390 515 275 505 169 429 341 482 368 567 499 149
20
449 519 254 238 562 462 170 300 150 563 481 353 475 370 488 350 233 548 545 287
20
154 487 341 365 503 400 434 493 180 196 461 512 321 238 234 488 216 279 569 254
20
447 579 475 574 518 522 403 450 374 143 168 268 171 368 403 473 294 570 564 113
20
331 290 352 543 451 358 146 455 382 382 505 514 551 409 545 557 321 549 442 586
20
252 130 571 493 548 193 501 150 284 358 324 227 240 181 249 476 532 123 487 145
20
349 370 310 574 275 247 140 247 597 262 403 566 238 565 406 112 465 135 209 526
20
287 421 526 434 442 320 589 151 272 438 312 103 429 127 408 203 344 261 544 230
20
319 498 249 399 155 453 148 435 487 507 113 402 509 288 232 266 218 413 413 309
20
304 474 310 186 309 244 507 379 127 106 273 317 262 346 473 192 117 176 116 149
20
547 383 385 562 125 293 397 223 310 206 359 226 471 585 293 382 119 478 164 215
20
373 393 518 300 421 207 148 216 464 162 411 166 185 138 145 179 491 446 507 238
20
451 219 320 342 408 425 533 581 507 537 274 316 588 506 507 534 388 133 162 569
20
182 309 138 331 524 452 544 275 301 334 101 485 470 115 596 239 501 310 158 346
20
271 396 576 291 325 598 150 519 305 385 389 227 263 574 359 184 298 564 593 366
20
546 200 222 117 591 236 497 353 492 512 265 259 449 264 445 274 376 463 195 449
20
160 417 100 399 335 526 594 519 436 209 242 123 105 257 232 246 502 418 196 441
20
248 373 204 108 209 240 417 207 216 503 559 488 541 305 250 322 366 107 452 233
20
325 136 367 115 367 600 146 365 392 206 129 536 506 430 536 490 247 103 107 228
20
474 287 527 380 140 394 112 260 375 531 418 594 516 227 539 172 109 367 143 135
20
477 519 182 316 215 203 471 279 536 178 353 504 117 219 361 515 575 595 109 471
20
380 264 594 494 470 555 132 279 301 171 375 538 515 312 137 151 538 514 596 436
20
350 122 185 173 282 260 265 229 323 289 577 561 232 132 343 264 191 274 459 597
20
358 586 514 513 583 593 337 171 241 312 457 214 351 148 201 498 588 127 583 421
20
518 434 574 474 352 501 491 225 160 290 146 456 404 529 473 448 558 538 321 244
20
591 218 316 124 115 324 228 267 348 283 297 411 589 407 372 270 385 390 326 146
20
212 480 585 129 496 254 411 323 528 480 219 251 465 147 419 485 281 421 279 242
20
595 534 408 549 435 239 411 179 353 394 552 475 476 268 262 487 373 458 125 364
20
513 400 415 247 481 151 223 401 266 595 184 229 470 531 429 431 431 349 515 291
20
270 244 557 333 190 234 588 439 421 376 201 418 514 250 353 244 120 501 263 398
20
444 425 143 596 215 252 229 442 288 431 248 308 381 294 205 344 579 481 548 518
20
184 532 202 146 551 533 191 122 309 339 300 593 243 372 365 451 405 205 391 259
20
269 313 111 383 145 466 364 516 223 244 572 422 573 468 448 148 195 273 599 534
20
352 225 590 220 399 326 115 143 446 286 502 434 160 508 358 565 151 193 124 360
20
268 341 270 590 505 377 136 486 358 392 485 486 460 243 250 227 448 501 582 582
20
567 520 495 350 366 239 163 413 600 520 510 329 251 597 460 176 116 501 377 339
20
172 471 426 377 137 533 453 188 419 416 365 245 105 575 213 139 343 331 261 298
20
339 492 340 342 411 101 413 482 428 205 183 533 460 191 127 364 392 522 566 172
20
413 590 191 233 447 442 245 101 291 498 493 120 258 347 263 583 241 329 404 142
20
595 232 362 285 532 187 108 345 533 302 399 547 481 405 191 457 380 484 407 279
20
262 298 386 466 474 196 585 192 305 161 233 117 262 281 109 535 422 495 403 539
20
339 521 487 198 366 570 440 199 148 338 262 346 331 106 454 535 480 290 128 244
20
383 109 577 191 458 466 590 510 347 386 316 402 237 197 340 104 430 176 329 482
20
444 125 108 381 354 467 452 443 108 551 336 205 395 530 309 278 565 102 592 164
20
427 485 381 493 398 425 434 597 482 378 303 249 452 438 262 307 582 536 130 304
20
392 402 353 542 342 428 276 333 399 453 340 261 432 494 329 599 115 229 556 541
20
562 378 380 216 385 503 271 389 152 588 439 161 541 271 364 528 194 237 293 359
20
374 419 122 123 186 399 227 550 403 542 251 461 379 155 451 355 341 405 284 162
