150
20
180 477 586 565 250 562 289 301 522 138 208 100 376 547 440 236 257 219 284 558
20
496 589 360 407 110 565 400 214 158 364 330 347 452 541 295 104 316 173 417 431
20
272 527 408 519 139 570 249 231 542 558 446 353 555 157 427 433 312 386 234 476
20
350 356 538 477 536 570 371 282 203 508 108 119 246 228 460 106 290 155 108 470
20
178 308 505 326 450 297 174 591 304 144 518 448 338 220 205 150 350 472 147 177
20
402 393 410 194 332 446 111 193 556 456 532 187 136 334 102 426 418 497 399 139
20
598 474 106 103 193 287 490 316 442 103 321 230 293 439 591 554 103 269 215 228
20
378 453 250 581 205 187 251 290 581 155 495 476 178 495 483 349 228 324 257 302
20
209 413 252 319 377 404 519 381 146 533 143 121 153 590 172 251 257 492 275 135
20
350 246 239 272 363 482 596 183 552 315 482 499 423 246 573 185 503 283 353 101
20
391 385 437 148 346 309 594 140 322 186 209 505 446 195 181 574 218 456 326 134
20
148 473 284 225 241 360 580 566 284 590 552 337 222 378 149 281 163 558 343 117
20
101 539 510 350 131 382 473 270 384 210 526 208 381 206 551 107 590 100 554 332
20
190 564 392 504 101 565 134 108 345 550 350 479 257 271 402 183 365 475 392 571
20
308 575 336 499 123 101 191 475 572 484 403 544 375 186 149 264 162 496 295 191
20
559 587 356 136 308 542 268 382 263 200 131 568 197 594 324 279 458 410 532 184
20
449 558 261 299 320 475 306 461 477 391 100 393 358 328 559 217 289 381 320 179
20
324 504 211 123 585 470 425 339 136 215 515 151 581 440 507 257 354 351 335 451
20
319 340 429 233 317 134 427 408 562 337 151 389 441 253 515 537 155 544 207 530
20
346 512 121 214 376 409 244 493 307 122 385 363 561 268 378 465 145 434 348 333
20
389 302 354 175 373 572 199 291 598 468 172 519 424 377 587 387 575 377 576 270
20
355 368 505 437 245 146 573 575 568 453 481 320 189 125 201 418 505 288 267 283
20
382 527 306 153 520 159 144 205 498 212 154 236 583 448 561 521 340 553 333 414
20
265 129 535 407 120 516 467 473 561 231 351 116 214 503 423 397 541 262 332 384
20
148 564 571 298 387 119 596 146 452 464 294 387 215 584 202 404 322 574 195 231
20
245 290 229 405 549 330 173 538 229 330 102 509 319 269 507 304 457 222 272 339
20
568 344 164 184 148 579 363 268 352 524 554 254 105 147 582 293 553 247 345 161
20
306 309 552 275 248 235 127 301 266 293 177 261 515 155 247 403 594 423 143 354
20
394 128 339 585 568 163 397 256 402 373 564 283 163 476 272 356 422 211 352 129
20
149 553 430 321 412 417 479 267 521 186 230 314 566 204 548 256 182 405 591 464
20
315 479 289 311 390 144 106 226 355 468 428 157 274 533 465 177 132 442 324 121
20
363 234 586 585 334 196 316 398 444 175 205 136 583 403 292 391 584 415 131 406
20
553 255 391 235 521 518 599 442 161 407 360 362 557 185 492 510 146 133 377 565
20
341 158 219 418 251 387 540 518 255 409 383 430 182 133 285 284 215 208 511 468
20
198 158 122 309 187 451 481 368 535 242 497 585 461 329 301 529 243 119 525 522
20
419 232 322 367 249 255 188 307 391 387 400 554 484 193 315 333 160 194 156 484
20
420 186 308 223 339 369 241 309 579 433 410 220 384 321 105 353 600 484 529 508
20
590 374 185 339 107 585 330 485 406 290 117 239 316 332 370 268 592 381 356 197
20
488 346 198 315 520 129 400 479 112 436 571 259 130 124 573 577 584 252 499 337
20
339 593 245 430 488 366 193 417 344 168 193 326 541 556 170 579 461 231 460 253
20
458 379 435 244 598 263 498 398 165 255 422 196 340 510 476 455 173 288 257 178
20
551 580 514 471 359 342 547 306 416 333 504 134 504 220 108 132 129 162 418 459
20
419 449 115 471 360 531 438 151 156 547 169 159 252 459 115 220 191 555 597 460
20
309 131 564 262 152 221 447 344 100 157 561 129 599 153 204 100 598 179 529 572
20
175 590 147 460 232 299 466 127 486 529 501 182 408 428 509 269 293 129 107 564
20
385 593 334 318 371 580 145 557 424 124 224 381 196 313 393 412 332 209 166 390
20
377 559 523 330 571 420 271 160 118 224 584 494 491 561 115 221 546 558 253 183
20
227 508 268 107 515 468 273 477 414 235 446 319 223 439 266 509 349 381 510 355
20
217 599 573 223 471 528 125 372 395 225 330 272 383 517 258 140 194 218 590 230
20
382 155 355 336 217 560 484 215 281 239 520 375 245 363 572 521 600 574 257 249
20
300 475 444 199 486 563 547 414 548 301 412 343 426 401 382 107 384 298 404 291
20
233 489 527 132 519 116 562 393 254 492 435 231 295 581 410 423 215 358 180 183
20
162 419 411 453 589 408 271 463 398 280 566 524 267 569 110 122 387 247 294 404
20
181 358 416 545 338 267 276 565 584 130 141 201 258 574 300 452 324 459 579 395
20
167 174 159 423 236 484 516 289 363 468 544 218 184 261 460 342 577 336 472 548
20
523 450 249 583 435 511 349 115 270 355 242 178 356 245 130 574 489 424 407 336
20
229 201 179 514 505 131 451 153 523 491 570 505 374 169 244 541 249 406 192 395
20
555 583 586 568 135 516 252 568 554 279 105 552 137 319 444 169 512 169 152 393
20
173 281 412 147 415 582 425 570 508 323 497 384 519 175 224 143 225 151 580 378
20
542 158 130 493 360 534 428 577 549 484 483 479 471 423 233 536 315 308 297 193
20
392 222 367 378 318 410 326 560 154 528 123 195 145 346 472 159 397 506 478 162
20
222 473 212 389 398 103 309 258 373 504 543 252 121 309 422 593 479 103 430 272
20
107 470 366 542 144 225 200 223 107 348 426 174 114 445 571 241 513 471 562 277
20
358 342 336 430 150 257 203 486 529 497 405 407 346 334 445 285 282 379 261 360
20
268 597 275 300 284 523 350 547 240 550 172 400 274 140 380 424 290 109 323 336
20
132 319 116 442 565 391 342 400 144 269 180 298 441 114 289 510 585 482 184 577
20
372 566 270 287 158 581 140 117 280 213 390 246 372 567 371 543 303 320 458 208
20
289 366 300 498 363 260 129 406 235 540 433 462 401 196 204 181 256 335 206 270
20
402 570 305 264 391 352 507 456 156 467 255 298 431 442 520 143 573 203 189 468
20
316 412 347 171 223 318 276 110 228 484 195 587 237 313 492 488 436 114 433 202
20
158 521 226 432 377 227 335 317 143 171 473 377 149 120 586 502 517 144 108 146
20
268 185 599 293 563 177 406 179 464 162 571 145 482 195 566 280 457 437 545 163
20
433 222 538 599 187 289 104 119 174 313 287 171 152 371 368 593 470 318 540 267
20
517 139 350 362 200 251 366 308 191 246 191 150 392 221 103 560 213 559 425 130
20
581 337 280 280 181 434 239 499 406 509 312 528 536 446 271 551 247 499 558 392
20
337 250 314 201 148 156 337 264 374 597 389 265 434 570 477 168 240 258 479 157
20
492 329 518 421 504 505 151 311 197 530 244 383 389 323 402 259 494 192 277 526
20
120 322 340 530 531 351 205 273 126 570 134 415 259 201 271 267 221 464 315 599
20
205 498 306 562 358 569 485 475 138 514 316 177 268 433 229 509 472 128 310 415
20
383 550 529 382 307 521 318 592 105 477 275 503 274 222 534 344 185 566 516 130
20
581 132 168 433 307 522 363 335 537 466 292 295 130 262 345 469 470 300 197 271
20
529 587 502 314 595 120 490 443 331 142 486 539 577 178 372 545 177 523 202 179
20
548 251 225 577 289 229 266 184 232 482 438 266 386 345 219 284 393 279 502 378
20
177 599 326 484 322 483 529 163 546 264 392 269 436 320 195 556 458 305 288 240
20
440 488 258 420 526 248 442 207 241 441 255 394 259 588 588 161 489 207 500 268
20
266 496 472 519 493 502 537 198 429 477 186 388 392 120 396 211 100 437 420 201
20
539 598 556 491 392 563 162 567 501 444 422 332 198 443 120 181 202 476 580 178
20
185 416 178 134 311 342 582 352 209 136 260 538 114 477 511 366 368 207 419 202
20
195 443 456 216 566 319 395 440 376 111 243 184 497 239 265 554 284 549 380 327
20
548 533 125 436 113 481 238 265 279 417 564 599 333 204 564 210 551 535 323 434
20
364 471 557 345 173 197 400 429 155 186 262 348 549 588 198 371 400 491 252 477
20
449 450 201 520 354 529 259 167 378 527 546 412 271 422 418 270 111 388 298 196
20
529 242 389 114 450 593 500 557 494 339 287 575 442 504 185 586 273 154 356 517
20
306 449 366 312 461 172 234 123 417 226 195 292 541 584 173 365 227 229 557 441
20
109 219 432 309 571 284 213 419 380 320 570 584 185 241 137 235 328 165 535 182
20
371 142 476 381 597 301 171 582 223 282 333 190 363 468 331 106 456 443 439 399
20
527 299 168 489 439 541 501 196 553 580 217 330 306 333 325 500 552 335 113 322
20
302 371 367 223 426 358 278 205 589 381 383 460 543 492 483 415 125 557 353 464
20
581 515 137 576 522 522 491 356 347 307 538 548 343 197 374 278 523 405 259 203
20
306 297 292 128 102 331 555 105 392 421 527 474 127 248 257 446 315 143 112 265
20
192 117 556 131 154 290 134 414 145 307 523 561 217 276 518 207 591 564 449 410
20
368 501 554 558 301 233 216 507 362 577 314 319 132 276 475 350 502 277 350 362
20
330 432 381 135 313 344 178 586 386 495 383 461 272 551 347 145 166 368 337 162
20
360 147 190 414 224 430 534 209 532 558 414 432 486 285 360 263 564 112 248 171
20
237 514 576 476 132 285 112 523 244 245 535 521 145 369 441 546 569 484 130 550
20
541 585 593 502 270 383 578 118 103 123 464 116 232 550 429 537 175 297 286 467
20
272 139 151 244 441 165 345 177 358 228 440 136 426 507 138 394 471 371 475 142
20
296 500 104 329 264 206 385 442 174 323 594 478 103 217 406 137 285 175 454 417
20
275 159 488 226 367 429 268 105 496 488 292 166 472 591 260 286 422 354 411 506
20
517 144 180 378 305 234 340 100 217 466 212 526 546 556 106 273 345 198 266 262
20
310 115 110 553 533 419 169 557 316 175 173 332 497 428 370 569 492 478 593 177
20
157 399 374 446 110 129 362 183 319 528 138 514 253 358 250 183 399 322 296 179
20
129 378 456 465 186 345 263 199 109 178 336 143 117 404 288 561 482 301 273 223
20
490 424 529 191 475 187 413 231 469 440 557 494 593 194 163 511 533 289 270 575
20
204 575 151 256 182 530 129 121 338 453 315 562 478 521 409 587 349 597 491 366
20
391 586 303 219 547 149 382 208 311 524 516 298 174 506 301 282 343 388 561 285
20
382 528 111 372 230 360 560 416 303 567 313 117 270 258 419 358 583 490 378 396
20
430 364 353 160 363 369 446 592 169 372 486 208 345 514 436 180 527 215 508 366
20
490 298 310 284 566 180 174 123 347 257 291 111 464 116 140 218 521 357 117 151
20
399 275 245 282 523 243 417 226 349 460 304 579 197 571 161 246 505 468 319 343
20
261 489 214 318 124 220 541 213 594 444 214 448 254 194 147 342 456 504 595 465
20
584 171 438 379 578 302 174 344 174 266 145 284 502 114 499 182 262 256 591 275
20
304 416 129 103 351 549 177 128 316 148 376 432 565 507 545 457 376 427 584 485
20
267 571 461 203 123 363 237 594 482 158 580 300 333 505 425 304 477 414 578 592
20
401 370 239 595 338 127 593 152 100 454 158 486 526 523 235 108 176 443 548 522
20
495 422 571 193 154 408 235 504 500 186 476 426 396 506 345 217 521 527 332 531
20
189 497 194 468 529 387 496 341 297 307 181 165 478 183 525 414 548 184 158 285
20
512 148 202 330 378 529 185 434 397 428 532 101 279 314 529 358 277 528 289 211
20
391 417 573 127 160 295 454 599 428 329 599 278 120 216 220 312 425 461 300 400
20
300 256 290 176 531 484 133 372 135 392 169 524 386 597 459 545 247 541 566 592
20
186 176 306 451 371 365 576 520 441 534 352 223 580 286 564 308 527 443 572 399
20
555 576 293 451 217 299 566 495 550 334 483 575 119 293 573 125 338 377 354 353
20
267 259 522 600 389 287 152 225 456 202 116 426 419 263 443 441 373 319 503 512
20
522 236 181 561 476 219 364 314 249 327 422 187 277 398 206 596 548 244 146 235
20
279 348 301 263 550 503 155 289 579 347 534 515 505 379 387 258 496 388 141 289
20
584 107 574 166 535 470 427 334 330 455 294 464 377 587 346 180 509 381 416 398
20
272 266 138 341 469 225 320 173 376 534 475 256 113 332 101 577 205 196 375 347
20
231 327 190 132 454 448 123 327 149 153 381 118 589 151 331 225 236 488 310 598
20
215 404 294 367 384 379 571 332 534 151 460 295 223 283 227 268 300 290 568 102
20
483 208 510 445 317 217 211 424 395 124 254 151 198 348 537 424 455 340 389 127
20
251 198 488 259 117 237 204 120 384 134 247 410 238 303 503 110 247 191 387 462
20
207 220 460 130 179 514 129 177 333 240 540 455 129 249 415 221 524 149 250 214
20
424 336 125 169 111 317 548 316 231 415 548 136 227 269 112 215 553 160 592 356
20
207 354 119 147 277 571 387 440 374 127 439 346 487 419 523 520 375 563 216 493
20
247 412 435 509 596 501 557 365 113 419 419 196 414 447 511 500 144 553 174 164
20
191 121 532 433 389 460 335 450 241 396 211 143 560 540 532 133 152 488 278 577
20
544 180 596 240 401 114 257 187 287 500 275 467 599 113 516 589 174 191 569 489
20
455 413 254 157 354 584 420 326 307 519 133 324 122 117 339 390 358 308 457 393
20
207 556 197 321 481 240 223 590 520 498 197 406 278 296 193 417 208 124 174 590
20
285 501 592 282 484 554 306 399 515 335 239 165 181 105 260 239 389 600 430 442
