150
20
292 593 380 108 252 542 356 129 296 278 367 419 271 137 262 473 551 352 356 462
20
226 219 465 284 416 344 328 253 535 162 574 291 278 283 263 591 353 542 498 398
20
320 167 239 424 201 472 291 193 114 470 278 204 337 574 344 161 449 262 318 517
20
147 572 105 410 524 514 571 378 405 553 137 179 258 323 389 377 107 569 154 220
20
473 590 412 522 173 446 399 170 227 508 227 298 292 478 410 387 457 183 115 270
20
203 365 414 219 330 427 487 214 252 324 551 597 349 453 327 505 217 228 371 234
20
421 528 425 243 471 491 270 451 218 591 547 264 224 189 318 143 289 109 475 290
20
206 257 168 561 585 529 400 236 294 163 570 493 485 441 321 315 215 119 248 435
20
212 500 179 332 198 296 378 515 289 291 252 248 357 407 325 187 276 299 135 397
20
527 324 462 336 253 428 565 152 555 356 592 406 154 419 579 299 191 220 132 491
20
319 213 331 239 581 295 117 264 535 269 483 246 447 148 325 402 159 481 525 439
20
153 528 117 419 562 571 561 472 348 372 121 382 345 469 476 417 419 326 352 385
20
347 525 197 312 288 160 192 200 534 517 294 488 490 134 176 157 440 144 444 369
20
348 114 234 122 473 475 310 205 241 556 532 383 276 595 195 543 158 526 447 157
20
156 355 492 517 363 548 342 308 282 354 445 186 543 219 183 438 545 430 542 518
20
497 537 237 169 444 458 429 208 268 130 454 220 140 490 421 261 289 579 456 260
20
156 237 580 425 319 205 380 480 480 463 566 471 213 163 566 121 389 373 386 446
20
171 110 577 568 516 523 248 577 195 173 329 165 128 419 515 227 221 516 338 214
20
312 520 392 394 499 255 438 571 243 593 224 185 279 326 124 286 278 235 440 436
20
588 259 140 269 125 301 542 166 483 313 307 390 469 505 115 480 511 432 467 345
20
176 423 287 422 530 425 575 530 159 418 388 161 446 197 240 410 264 502 566 240
20
407 580 556 563 265 283 537 126 440 268 136 287 397 114 133 115 286 386 288 242
20
249 311 110 574 122 161 350 511 183 361 467 263 388 399 211 311 562 538 160 196
20
143 179 196 484 592 349 476 343 435 561 588 217 108 463 187 154 105 259 134 215
20
465 219 196 270 360 452 312 521 322 322 146 488 179 552 336 449 323 384 374 273
20
226 240 597 272 114 196 383 197 265 336 491 416 111 471 182 119 344 581 571 215
20
487 323 213 160 555 260 350 516 437 147 445 144 484 407 318 488 561 325 433 153
20
115 226 200 548 567 430 347 337 209 595 101 261 493 473 161 373 135 221 549 113
20
278 531 521 492 516 318 251 300 541 556 341 122 208 124 510 365 150 408 313 264
20
237 539 239 362 376 199 344 468 152 224 417 154 273 530 173 140 216 507 503 585
20
135 520 295 370 326 350 317 325 133 473 116 261 217 438 158 262 404 259 485 158
20
517 596 194 528 481 159 520 454 445 368 235 355 574 547 176 500 541 313 362 420
20
285 479 172 228 576 220 459 364 216 420 182 169 454 226 302 428 204 384 429 265
20
239 424 431 289 574 564 246 403 538 381 189 333 249 381 522 115 437 489 339 578
20
398 566 388 232 153 390 258 480 304 138 493 134 262 144 561 123 236 517 586 357
20
371 509 285 563 591 256 527 484 547 328 599 287 331 525 222 208 222 430 572 260
20
324 215 150 270 442 379 258 513 469 181 376 554 437 356 361 460 390 428 192 568
20
600 322 302 478 439 115 450 288 171 120 422 518 381 292 577 363 258 266 378 418
20
343 249 179 238 584 561 285 196 388 428 196 424 490 363 542 223 241 513 222 301
20
384 160 427 464 499 349 539 414 540 325 122 176 288 117 512 131 291 315 357 230
20
541 318 557 222 104 165 157 527 196 201 224 292 318 190 293 248 403 327 377 162
20
368 588 419 369 114 214 566 598 564 268 342 591 371 125 200 219 483 159 242 289
20
520 272 291 387 467 295 112 401 391 422 263 208 484 568 164 174 243 289 178 308
20
570 598 111 515 319 253 525 444 501 168 407 387 417 164 430 395 214 448 336 546
20
408 323 167 600 208 265 559 303 201 330 481 356 262 402 209 367 394 594 303 491
20
472 201 280 243 499 584 536 588 440 532 472 440 274 533 354 463 317 433 561 288
20
573 298 190 220 294 493 122 131 400 533 586 365 306 551 518 463 393 455 126 384
20
501 504 252 431 226 148 220 363 389 175 392 102 389 151 165 501 226 556 351 498
20
470 492 149 416 405 259 591 304 476 146 583 107 546 202 188 465 482 390 542 262
20
471 537 112 122 411 470 243 325 253 337 241 206 442 550 241 385 334 570 252 533
20
192 298 251 170 556 382 430 392 162 561 164 544 422 498 296 488 437 509 157 595
20
364 313 348 496 139 179 370 425 480 515 527 345 166 453 556 238 388 584 471 514
20
301 589 300 441 101 507 523 207 137 427 221 268 416 365 370 318 287 278 318 356
20
204 477 543 132 389 342 217 381 545 228 402 524 492 386 210 197 133 578 295 115
20
285 253 544 568 462 412 162 450 152 399 228 377 392 245 202 227 441 387 243 135
20
556 442 493 588 573 233 523 104 422 428 131 379 415 517 119 196 128 268 526 574
20
345 144 401 420 493 130 409 594 514 587 506 480 404 334 469 336 374 242 402 183
20
435 386 207 537 152 388 125 378 383 195 531 148 574 180 227 293 560 309 204 324
20
379 330 448 495 581 268 243 179 401 183 514 346 422 403 123 337 542 457 453 332
20
317 550 481 529 220 147 175 394 590 490 377 445 321 593 563 202 152 539 293 111
20
395 277 195 138 493 388 214 320 229 207 453 572 435 541 121 454 212 470 527 523
20
540 282 223 484 433 400 233 411 551 430 145 194 431 392 364 230 312 550 476 151
20
157 586 233 529 335 445 542 496 465 120 171 405 450 352 371 249 257 253 439 361
20
367 421 490 279 206 478 170 335 162 165 141 346 103 414 376 429 303 351 382 547
20
357 327 153 304 121 217 506 401 324 297 456 409 267 222 188 152 241 594 132 401
20
217 551 526 577 403 313 550 195 103 485 190 151 365 344 275 496 182 214 136 346
20
402 315 402 110 327 274 514 450 569 368 254 172 327 368 548 467 450 529 200 296
20
244 269 597 272 111 465 391 401 157 426 450 194 594 179 300 551 104 343 322 367
20
358 365 309 106 470 359 537 449 188 425 591 558 251 586 198 518 596 234 305 447
20
145 151 547 338 218 567 181 121 395 305 247 354 132 444 556 360 223 155 240 191
20
512 471 303 192 457 263 108 396 557 433 202 262 158 203 442 537 379 360 333 350
20
414 331 524 462 156 400 563 139 162 173 436 588 502 237 465 427 492 585 163 194
20
149 290 363 236 295 239 255 550 265 381 576 463 564 162 471 286 324 176 181 474
20
484 352 354 209 533 303 540 266 530 300 442 334 120 179 549 190 105 367 172 477
20
363 158 279 177 366 549 218 442 383 489 171 593 255 162 308 187 165 351 184 336
20
193 400 155 195 197 245 195 462 564 225 338 335 437 250 206 541 377 258 267 264
20
535 486 478 110 384 585 352 183 319 290 494 256 512 386 501 549 276 569 140 152
20
560 157 260 381 173 309 451 599 368 427 354 166 443 522 425 557 104 451 589 128
20
204 598 598 316 221 423 400 293 196 359 260 240 226 353 199 215 392 341 203 196
20
541 248 174 486 385 533 102 188 426 280 150 451 318 159 507 540 130 535 111 472
20
586 319 224 169 239 478 130 266 309 294 594 494 445 513 487 477 390 226 426 204
20
221 262 347 478 294 250 465 252 479 293 474 535 585 189 295 338 487 165 180 598
20
587 599 101 590 493 257 387 357 388 179 437 100 417 486 284 119 260 147 103 405
20
424 402 217 244 591 454 268 318 490 392 105 425 214 107 297 433 438 291 336 367
20
229 154 267 256 544 372 375 383 220 438 461 517 527 484 539 515 395 499 581 329
20
573 298 350 224 550 344 237 210 499 140 451 563 346 240 116 278 236 181 245 361
20
172 561 187 216 156 348 173 451 233 136 523 129 358 271 285 146 590 262 321 577
20
362 456 250 216 491 515 450 280 174 391 538 263 426 510 345 458 370 141 144 470
20
451 370 496 539 315 108 249 498 192 489 456 338 482 204 498 173 316 177 494 471
20
237 112 350 166 102 327 583 543 499 364 379 203 445 489 319 405 380 432 282 115
20
463 381 503 180 164 232 431 330 543 447 235 554 462 164 182 599 243 478 160 466
20
563 584 386 583 242 167 227 292 211 186 566 406 367 424 332 302 558 325 589 506
20
525 245 564 433 343 269 145 443 189 542 161 591 245 570 511 348 210 383 540 484
20
316 301 233 161 180 511 209 590 121 224 291 495 121 554 159 563 363 116 189 428
20
262 161 475 307 291 237 103 373 179 464 371 348 161 379 211 521 477 219 118 509
20
318 310 522 206 388 170 397 543 384 474 160 101 322 552 177 400 562 416 233 153
20
388 180 416 494 533 161 410 546 197 218 520 182 410 381 319 410 157 561 254 131
20
539 138 236 516 419 419 498 133 323 246 381 328 307 486 200 594 500 214 121 422
20
516 495 441 138 463 288 298 435 352 572 392 241 101 286 195 501 212 346 286 146
20
238 125 384 446 164 148 370 545 154 475 382 376 395 125 336 239 128 590 436 285
20
448 416 269 198 439 522 137 126 500 240 239 241 239 254 398 128 501 567 451 208
20
160 257 190 232 206 105 115 363 154 303 434 331 316 421 370 410 547 377 354 291
20
220 493 267 300 240 269 411 354 474 581 497 459 101 241 504 235 478 385 389 566
20
369 555 547 505 101 470 260 431 353 599 560 158 236 112 265 533 313 288 240 140
20
493 548 511 137 375 372 231 140 326 156 470 596 268 216 186 540 414 441 364 330
20
348 333 527 171 291 512 380 202 577 522 554 435 245 305 468 292 461 595 381 343
20
382 101 148 549 486 149 567 199 322 427 267 170 211 166 443 339 250 479 474 134
20
181 199 259 427 528 554 497 368 364 485 156 356 574 333 114 115 550 542 232 190
20
247 249 555 362 302 130 519 590 594 261 504 342 441 460 543 547 310 351 499 276
20
422 499 447 200 330 431 549 395 284 170 172 150 489 302 251 212 476 579 598 240
20
205 485 458 242 240 142 256 154 412 146 369 112 369 163 564 114 432 246 518 177
20
459 489 263 240 420 591 143 339 147 159 505 566 267 451 523 392 326 284 382 134
20
209 171 172 404 474 286 511 587 531 389 442 441 570 551 550 301 429 171 256 571
20
555 100 162 313 106 509 405 100 587 506 493 457 175 350 324 450 329 298 579 295
20
113 281 104 373 442 266 208 422 273 416 331 206 213 201 327 516 474 502 167 579
20
225 339 567 337 263 587 385 493 141 388 161 145 472 336 495 548 158 299 120 405
20
246 229 368 413 316 445 254 472 323 254 481 294 541 450 355 578 240 231 504 516
20
376 498 538 324 553 203 106 165 436 183 592 562 462 521 322 396 108 138 297 487
20
209 222 289 598 107 194 134 334 170 532 142 209 192 286 496 521 565 146 180 385
20
598 435 255 511 375 450 430 421 311 430 267 311 598 237 436 541 419 126 522 576
20
281 437 501 131 114 383 257 138 126 554 269 194 123 463 338 559 251 369 439 594
20
231 365 129 165 100 214 262 343 481 255 542 224 226 586 530 110 163 439 151 331
20
294 325 388 309 149 129 593 511 228 113 181 215 387 566 483 477 334 527 142 335
20
416 210 446 245 102 134 493 191 284 372 513 150 213 502 510 442 313 255 557 245
20
310 370 412 225 105 196 507 586 426 437 197 316 556 298 597 521 583 437 225 245
20
153 278 267 285 547 136 585 154 470 265 127 173 398 291 242 430 557 427 197 124
20
142 336 529 441 576 531 280 544 589 589 123 596 139 522 516 199 100 462 211 406
20
296 255 146 101 164 269 194 500 596 408 473 436 293 265 293 258 260 288 205 327
20
332 119 173 160 560 336 344 481 248 411 591 524 476 392 590 433 591 231 170 309
20
389 216 121 427 166 297 471 356 541 319 463 351 263 371 457 249 123 407 348 110
20
571 250 223 113 154 104 125 339 208 499 133 133 487 462 217 265 220 140 530 438
20
487 164 501 315 478 583 355 375 458 561 308 366 245 340 176 272 292 161 120 519
20
101 572 396 116 472 394 129 365 570 427 220 235 206 435 590 511 230 286 328 341
20
485 212 415 398 227 189 377 332 478 423 593 157 455 387 218 396 131 289 507 280
20
139 284 472 471 182 349 185 212 225 164 128 341 113 570 450 368 220 474 370 285
20
172 346 215 140 364 376 282 408 436 198 252 401 552 410 133 443 561 141 158 134
20
198 431 370 526 530 257 555 174 501 537 438 563 414 343 435 525 119 159 440 389
20
289 102 168 465 392 241 521 340 443 219 424 152 110 203 471 325 379 351 574 491
20
218 364 163 598 287 105 383 523 349 185 300 495 462 496 315 572 165 223 439 212
20
113 445 427 465 479 338 343 236 143 187 279 557 542 117 192 560 228 191 318 493
20
583 232 216 338 388 376 338 511 519 163 369 542 321 325 471 412 394 567 396 154
20
213 581 179 152 583 582 444 391 552 257 128 560 461 249 320 549 460 252 100 395
20
562 532 172 360 211 301 519 445 540 204 586 548 398 572 200 572 179 455 246 184
20
247 293 585 452 359 414 182 405 336 435 113 189 569 494 177 326 239 208 340 245
20
243 565 433 230 431 307 523 502 141 360 346 130 158 472 524 561 456 251 496 563
20
290 570 410 208 365 156 497 492 588 233 251 356 189 283 583 562 129 301 589 436
20
580 440 516 513 405 282 381 351 503 135 326 498 457 212 591 150 530 183 198 206
20
339 327 467 577 197 349 402 518 316 194 553 217 313 147 171 434 133 544 370 371
20
577 193 499 178 497 577 262 417 152 379 556 474 312 224 294 430 288 446 331 169
20
563 580 524 503 423 586 212 195 495 434 188 552 219 267 364 596 269 380 445 336
