150
20
391 585 462 382 404 132 141 361 240 402 414 452 305 144 102 306 176 294 137 221
20
144 440 133 331 199 486 117 509 529 195 341 300 571 488 230 475 326 274 537 310
20
142 316 248 220 383 277 268 261 376 484 163 411 584 247 418 356 591 105 489 425
20
258 533 455 341 336 542 428 129 110 581 219 206 227 270 387 172 337 401 559 210
20
302 550 118 594 418 405 567 573 563 305 347 543 233 370 283 558 127 369 218 573
20
483 552 576 456 394 261 250 304 437 342 580 233 523 564 569 199 336 118 305 585
20
537 513 325 292 319 245 544 309 385 215 350 223 378 181 540 269 154 540 462 503
20
469 559 178 138 495 388 163 522 258 140 416 186 298 239 274 208 439 145 574 313
20
135 299 442 108 293 304 254 196 222 370 139 146 464 103 143 518 115 392 511 112
20
330 261 224 341 360 351 517 423 178 569 519 255 436 170 589 283 110 470 266 182
20
364 466 231 227 108 390 441 549 580 563 235 517 568 173 518 522 376 522 107 406
20
182 435 289 118 157 199 294 502 298 172 345 174 357 512 596 378 267 131 553 246
20
372 559 522 543 418 192 303 573 272 348 318 576 521 253 150 223 309 372 155 413
20
313 462 450 293 498 142 100 397 187 133 219 488 351 328 225 597 197 247 323 490
20
113 580 116 338 106 121 393 448 249 298 121 257 399 155 477 214 390 204 403 546
20
370 232 455 463 558 460 323 185 578 239 368 426 479 234 458 305 500 453 541 324
20
116 532 421 509 156 552 378 199 580 232 218 366 584 491 500 163 537 258 259 218
20
130 474 569 363 274 544 596 141 577 265 228 495 271 549 107 570 459 573 352 191
20
370 263 373 447 331 530 565 294 387 262 107 586 434 401 553 477 298 597 268 592
20
154 373 111 585 328 287 472 413 121 142 408 230 233 513 507 330 166 590 543 250
20
405 383 351 499 490 477 117 395 473 164 310 586 100 583 420 594 124 485 334 219
20
125 197 125 502 488 425 495 290 354 194 393 237 353 551 236 426 303 232 525 563
20
471 576 323 201 338 450 404 211 265 527 207 233 287 209 219 155 200 153 235 503
20
151 272 361 132 347 459 112 123 451 442 190 414 129 399 222 528 100 110 559 242
20
539 151 164 224 471 238 535 464 589 351 318 540 404 535 473 211 399 341 253 446
20
109 176 341 501 223 265 257 246 406 369 473 565 447 481 568 114 592 345 220 433
20
328 564 341 577 270 268 293 378 394 428 259 260 530 511 304 255 360 290 166 423
20
254 207 316 518 315 335 198 271 563 331 287 508 213 234 400 511 231 404 117 450
20
235 100 544 263 294 231 139 360 247 285 179 116 264 194 187 345 277 430 153 215
20
405 198 189 278 219 596 139 522 492 432 189 581 331 359 320 300 294 312 164 501
20
559 472 309 506 565 354 148 424 229 494 592 489 501 197 587 292 534 152 380 356
20
400 199 184 208 144 252 128 342 332 356 241 348 249 337 119 498 240 286 147 106
20
419 184 595 120 198 452 450 505 456 280 359 586 562 276 355 174 515 305 565 556
20
264 456 200 378 356 289 328 501 166 566 166 306 539 177 306 512 497 371 518 508
20
128 369 480 464 245 466 399 201 523 319 224 389 129 404 383 493 242 112 296 284
20
316 325 489 382 134 529 346 490 331 404 181 410 425 393 550 204 561 551 517 370
20
297 388 538 379 198 248 436 548 151 179 449 422 578 259 342 329 244 284 114 132
20
426 121 102 226 201 408 555 341 410 162 326 162 349 276 117 167 172 557 414 223
20
253 195 458 525 132 117 445 405 109 589 468 244 284 180 417 473 300 598 483 308
20
232 428 562 589 542 416 257 588 325 595 256 145 531 578 482 252 502 115 314 556
20
189 486 370 443 312 374 118 523 172 238 536 336 101 333 114 170 461 455 500 510
20
414 586 242 528 566 102 234 225 166 304 159 554 194 324 177 529 416 538 112 169
20
274 293 188 344 131 384 133 420 510 284 211 433 135 480 249 332 212 170 598 336
20
561 596 167 141 585 526 249 277 185 320 582 413 250 196 541 392 168 204 331 468
20
231 478 145 437 403 152 559 367 537 488 446 329 169 556 586 532 274 266 333 105
20
347 436 143 119 442 108 478 111 228 261 500 551 335 282 120 429 248 521 593 574
20
537 577 192 387 136 377 368 200 411 530 517 160 547 513 374 565 497 300 351 382
20
512 372 579 164 493 448 508 131 345 400 459 187 279 141 165 121 160 388 444 381
20
141 355 347 581 497 541 596 236 561 553 381 519 479 175 494 135 422 139 136 350
20
385 588 294 518 274 464 289 105 258 425 417 107 416 525 230 599 530 136 297 161
20
425 491 594 294 103 403 254 383 400 595 559 445 396 546 179 168 355 230 317 303
20
309 297 581 403 527 298 216 244 218 168 278 150 293 539 366 301 186 585 515 567
20
396 445 375 515 328 117 526 481 490 284 473 102 438 256 266 396 595 509 557 504
20
352 529 258 374 369 476 472 488 421 398 382 356 540 214 545 254 148 585 148 571
20
551 480 142 522 259 486 121 562 504 409 443 302 538 248 481 488 395 396 595 529
20
511 363 549 231 589 115 323 350 588 270 562 251 573 374 268 282 128 354 520 253
20
157 267 328 199 431 462 442 482 382 164 149 585 497 353 233 527 235 246 478 183
20
123 543 243 191 465 555 381 444 214 397 425 532 520 404 522 227 326 153 152 492
20
427 276 278 407 445 246 503 498 314 194 530 242 233 225 394 132 549 482 148 514
20
396 119 492 499 498 562 206 405 295 149 390 438 415 514 247 418 113 226 456 161
20
588 108 468 262 274 255 324 322 395 321 297 356 329 420 459 554 149 483 108 443
20
355 101 420 187 181 262 286 261 292 404 136 298 431 364 241 530 162 361 488 251
20
243 326 166 469 187 292 520 205 367 149 442 221 383 110 338 249 255 228 424 450
20
208 116 410 122 235 133 349 206 600 457 473 298 126 353 569 579 366 449 583 326
20
168 451 122 424 244 131 555 134 559 372 443 597 249 266 219 503 512 592 583 541
20
466 284 289 388 423 499 157 531 373 405 392 337 265 243 364 362 305 531 371 441
20
285 472 437 447 488 102 209 342 147 398 473 220 488 144 244 107 161 395 275 285
20
236 205 410 496 217 315 461 524 585 346 153 298 121 552 336 586 402 285 163 394
20
258 542 102 180 417 526 220 390 295 347 400 392 119 206 304 377 173 103 311 321
20
587 101 296 222 594 461 458 307 422 288 298 218 534 329 207 168 420 274 336 472
20
483 542 360 196 485 357 295 334 217 288 388 460 529 103 417 539 268 359 547 316
20
500 549 327 540 327 267 230 349 361 572 197 204 222 491 437 458 344 213 396 267
20
347 143 212 406 137 496 142 324 488 510 220 510 458 573 405 195 364 185 493 157
20
309 481 156 440 464 190 332 361 175 481 573 252 277 328 469 207 347 250 387 103
20
276 540 339 562 223 222 184 333 241 474 315 573 446 318 231 596 255 552 339 373
20
381 478 531 397 385 424 402 335 564 127 598 320 197 217 407 525 576 144 103 424
20
263 480 233 417 147 422 401 502 325 199 299 239 244 522 192 498 457 122 152 430
20
428 555 588 499 248 572 203 204 432 132 244 332 593 407 193 544 229 413 264 188
20
568 232 424 226 389 219 299 203 351 222 268 485 530 325 331 566 458 193 437 260
20
588 302 150 101 527 459 513 208 109 546 291 379 241 379 437 587 434 233 348 331
20
304 526 555 173 341 277 158 179 156 350 576 336 549 545 349 305 218 376 369 280
20
209 497 352 439 114 112 403 595 209 438 416 322 357 524 239 528 199 366 284 151
20
549 528 597 196 354 120 551 300 567 289 385 293 307 448 503 117 181 490 385 439
20
394 438 119 223 433 557 578 494 246 113 166 579 331 432 356 347 164 392 533 332
20
143 181 294 432 311 123 505 441 210 291 513 307 250 171 302 589 105 289 479 579
20
131 189 422 454 551 436 458 522 380 300 390 508 217 544 100 309 495 220 431 336
20
162 454 304 129 192 514 169 439 484 289 253 429 379 446 563 579 142 104 450 215
20
531 592 374 339 568 574 150 324 384 522 290 580 356 564 189 477 331 193 125 321
20
297 287 105 241 508 342 573 489 337 520 323 224 239 105 406 220 281 476 253 462
20
373 424 528 448 547 479 101 586 312 445 469 213 211 397 342 517 394 408 127 379
20
150 526 428 114 228 334 477 524 593 115 470 388 396 275 154 524 423 193 141 445
20
566 375 577 390 467 408 318 326 385 398 596 320 499 511 248 172 106 590 330 309
20
228 232 427 581 303 272 163 375 235 188 352 164 138 210 555 227 178 543 221 183
20
339 530 565 504 187 579 467 516 250 474 389 574 337 266 425 462 121 437 140 551
20
555 411 324 593 573 144 289 104 363 399 581 514 345 165 365 419 183 358 192 285
20
491 213 199 398 418 493 375 374 523 413 394 327 443 134 471 246 135 334 328 444
20
480 390 593 209 499 486 302 575 392 311 351 439 511 495 452 511 127 371 509 462
20
534 285 516 598 599 106 385 194 363 233 127 160 412 495 424 197 508 397 599 353
20
216 415 478 333 112 136 297 220 561 505 298 139 590 478 215 557 421 392 161 421
20
389 534 365 339 122 571 530 211 210 417 535 104 153 373 415 199 572 277 115 297
20
326 498 241 479 263 136 256 161 283 284 374 508 214 153 226 554 592 162 595 258
20
141 171 373 500 179 300 593 589 376 144 394 297 234 482 526 535 501 406 571 235
20
141 550 215 577 464 290 433 405 343 314 498 422 283 409 163 598 465 306 424 102
20
489 397 574 466 249 234 351 248 267 582 280 591 440 533 362 121 502 482 542 320
20
563 334 248 347 547 421 446 204 473 250 160 176 453 505 139 350 380 248 377 541
20
259 178 128 594 521 193 132 143 477 598 535 128 583 167 489 318 231 241 595 214
20
359 210 341 183 156 449 325 216 592 431 214 500 567 353 440 569 311 473 140 377
20
542 452 473 323 383 555 114 483 468 455 375 225 397 100 131 302 498 345 146 568
20
449 241 190 540 215 545 147 313 228 335 361 308 512 473 575 130 400 189 251 260
20
206 349 243 353 120 428 316 197 144 182 141 290 530 163 182 105 381 440 306 203
20
213 269 330 429 114 251 160 244 519 497 412 427 477 198 446 552 333 550 414 523
20
219 125 418 257 465 497 186 172 534 427 465 539 437 328 517 259 364 290 271 523
20
159 312 390 572 177 531 516 400 571 455 523 400 594 560 484 188 556 420 442 174
20
370 289 342 280 445 577 228 333 334 511 195 108 496 152 477 574 161 353 360 502
20
109 278 226 393 421 186 495 363 165 304 594 409 499 342 312 440 303 537 537 271
20
565 249 399 256 155 256 557 169 267 326 545 347 401 369 469 324 226 176 251 426
20
203 170 319 433 451 473 514 440 238 452 361 282 506 575 440 490 479 306 219 140
20
482 472 342 183 529 441 497 112 183 529 441 217 463 379 466 338 496 144 206 345
20
578 171 440 341 573 125 261 175 127 537 203 252 228 458 296 485 429 443 276 473
20
339 264 116 518 585 140 272 391 164 155 530 168 250 560 302 293 559 180 587 284
20
250 413 242 181 238 262 314 312 379 182 276 558 185 144 320 243 216 577 171 236
20
291 158 324 497 485 462 116 516 256 423 339 422 318 528 489 525 284 194 245 411
20
200 528 583 292 279 392 330 263 552 134 156 418 191 355 473 217 597 584 189 361
20
568 100 288 196 468 419 331 306 378 167 325 435 140 346 336 244 576 138 295 257
20
485 297 160 541 401 569 553 362 355 581 110 347 516 255 515 102 475 458 463 423
20
363 405 299 242 427 312 238 507 136 535 311 494 175 157 252 545 322 568 162 566
20
408 417 249 484 475 519 442 126 510 114 103 343 294 508 453 433 455 529 384 453
20
456 434 185 519 408 196 574 585 364 593 189 546 241 191 146 287 296 332 435 539
20
206 197 174 452 212 544 373 159 528 293 582 501 189 207 328 480 404 390 460 493
20
433 226 222 286 295 554 308 463 569 380 590 388 284 462 209 260 270 420 428 371
20
126 596 224 186 200 499 317 544 219 506 273 224 108 331 372 396 585 414 308 252
20
576 445 300 141 329 128 250 518 519 167 100 192 387 133 362 297 230 349 412 406
20
124 110 437 345 519 401 504 491 466 378 338 149 245 176 434 378 184 155 354 129
20
291 537 277 408 511 520 137 299 124 525 406 497 594 395 136 511 599 379 173 226
20
153 337 257 197 116 248 102 178 293 255 335 222 207 243 452 447 445 395 574 125
20
531 163 294 389 178 522 371 584 491 465 110 124 462 191 328 277 513 198 454 138
20
462 336 576 577 566 574 521 513 131 136 566 104 123 119 575 598 145 369 545 531
20
226 204 126 492 220 180 207 565 510 511 483 251 550 339 501 488 318 516 462 403
20
106 441 113 122 353 319 495 277 543 181 137 389 577 149 191 196 243 178 540 271
20
397 567 287 556 366 439 234 514 412 295 408 264 377 264 267 129 413 560 299 580
20
488 237 194 189 222 278 244 158 165 555 503 330 322 364 317 111 455 180 262 589
20
467 282 440 463 168 312 545 366 483 103 140 234 470 582 141 478 585 152 347 490
20
171 511 232 493 403 446 481 495 509 272 107 403 226 350 300 396 438 564 427 282
20
179 207 540 570 291 118 160 455 432 597 134 119 344 425 261 309 447 575 451 123
20
229 396 563 299 232 271 555 457 341 598 530 282 535 375 207 485 421 111 479 571
20
226 432 467 333 111 241 211 152 266 431 302 242 426 389 244 489 299 332 504 459
20
519 433 381 532 433 259 404 212 397 390 592 597 150 233 250 403 106 432 465 521
20
199 569 352 563 194 146 560 476 403 414 488 224 202 181 529 351 169 138 572 103
20
216 337 242 479 232 125 406 479 127 580 387 525 377 189 120 280 452 580 288 351
20
259 284 392 261 554 184 481 275 218 223 143 263 327 203 145 111 428 501 362 412
