150
20
214 544 213 275 373 114 343 214 555 469 287 550 583 331 333 577 537 103 171 363
20
256 581 225 161 357 304 350 441 504 400 428 516 550 277 312 590 324 199 201 290
20
331 354 542 138 588 532 330 497 378 524 280 384 479 508 142 148 555 129 508 128
20
513 116 359 118 501 216 158 530 293 102 534 334 159 470 231 141 452 146 195 288
20
107 360 442 113 223 121 420 178 559 146 394 396 569 510 543 164 423 359 370 172
20
140 301 239 275 176 102 258 277 403 146 571 396 386 261 157 351 119 393 134 273
20
333 370 553 337 160 441 177 273 130 216 396 198 425 525 314 521 566 343 167 499
20
565 188 298 586 357 532 440 342 332 584 594 435 408 305 527 223 554 173 597 176
20
298 341 131 457 492 383 527 589 560 369 248 557 373 337 493 340 521 575 472 348
20
555 524 140 165 435 248 111 388 571 543 117 205 517 238 333 135 285 429 298 591
20
110 416 127 200 199 329 160 557 309 425 572 581 468 507 289 506 411 104 590 452
20
478 392 295 172 106 584 195 109 496 420 520 224 481 290 246 568 166 150 241 212
20
576 531 235 211 194 417 374 211 226 399 406 432 452 541 467 505 276 308 592 306
20
112 343 435 588 407 422 235 311 553 181 348 577 571 546 187 597 510 450 185 197
20
213 148 186 314 154 337 479 346 316 559 293 415 299 112 465 405 474 221 472 267
20
523 286 429 589 477 139 347 391 349 254 453 537 442 258 556 600 406 122 287 169
20
335 344 240 394 197 546 329 592 273 502 279 363 366 341 403 420 523 333 484 478
20
551 102 308 132 168 218 487 353 560 551 194 530 498 375 285 148 385 495 468 428
20
468 115 249 326 184 361 569 284 237 495 442 286 383 184 307 303 131 342 443 452
20
284 288 457 192 267 472 448 429 522 410 554 552 515 129 202 184 521 446 587 192
20
510 506 449 552 244 582 512 236 545 515 333 343 515 264 504 395 172 584 383 572
20
204 258 309 578 456 416 528 477 537 248 491 417 539 295 570 240 179 106 459 169
20
548 520 488 212 427 331 101 350 220 337 537 323 187 589 349 581 440 247 491 204
20
368 560 442 473 140 536 520 417 264 526 247 204 538 113 474 127 477 421 232 306
20
406 129 342 361 491 390 374 459 152 277 270 566 334 266 451 128 441 442 430 355
20
589 508 104 245 479 273 555 491 413 178 279 568 166 387 461 335 586 412 168 199
20
542 386 122 569 219 190 595 141 497 390 410 255 545 314 408 450 351 394 414 274
20
541 392 541 404 352 591 543 170 354 240 183 568 290 334 301 574 493 600 310 352
20
568 374 392 521 582 152 212 260 299 436 401 306 558 584 214 273 436 128 193 137
20
440 311 508 244 389 293 190 115 351 338 353 108 223 295 537 490 396 476 335 267
20
177 215 139 258 401 501 166 493 300 433 582 312 548 538 452 118 295 195 576 310
20
312 230 281 237 594 339 313 233 461 415 158 366 178 557 423 167 360 241 209 179
20
376 418 454 334 540 125 568 468 477 113 178 423 257 532 324 442 150 342 143 459
20
557 199 160 486 497 205 115 187 461 576 176 478 513 446 228 158 116 128 330 379
20
539 502 538 293 536 399 203 439 328 409 165 415 507 326 131 188 499 324 407 343
20
242 324 450 526 112 561 498 500 298 463 427 341 248 165 527 374 578 164 116 569
20
316 366 314 518 439 145 215 136 301 157 526 593 477 355 214 383 358 193 189 328
20
591 253 414 581 332 154 599 319 419 149 546 429 164 262 591 247 310 411 485 203
20
107 464 557 363 591 231 155 338 576 339 292 133 525 573 258 297 144 570 126 272
20
147 362 508 298 290 162 576 122 573 507 554 528 136 565 454 150 502 421 178 463
20
322 599 171 128 177 403 464 336 430 450 463 221 456 477 520 426 541 291 421 279
20
515 567 290 335 379 201 585 371 538 135 528 136 326 520 323 578 100 118 197 132
20
170 441 232 154 279 179 342 517 127 105 228 404 558 503 385 175 378 326 132 301
20
191 383 341 503 144 438 472 563 366 133 204 285 597 298 555 165 460 137 465 542
20
432 233 355 523 559 570 521 195 244 233 104 274 394 569 161 455 344 124 241 109
20
296 118 406 425 247 160 108 252 408 584 203 143 516 373 573 552 476 322 118 426
20
223 155 363 600 518 219 510 401 451 134 597 403 274 444 414 573 514 587 379 218
20
264 567 480 165 548 213 152 356 406 133 422 418 229 292 593 381 154 538 238 187
20
146 340 511 174 554 228 406 115 268 318 466 135 211 474 510 277 508 104 280 331
20
254 134 378 326 107 566 468 544 355 309 574 127 228 504 473 311 553 570 446 370
20
262 538 327 523 198 575 210 552 217 345 214 199 579 570 577 479 143 124 202 122
20
495 201 548 270 520 425 501 541 213 481 183 383 172 328 193 151 447 533 281 435
20
308 481 195 263 291 450 218 201 581 307 264 499 305 568 336 532 443 473 399 130
20
285 335 269 469 402 217 473 480 507 470 275 189 268 296 402 230 479 132 359 261
20
361 380 595 237 450 586 249 489 282 454 231 447 467 234 549 116 297 403 441 295
20
293 187 431 181 134 506 551 426 485 151 553 334 141 424 573 413 168 446 555 288
20
420 112 526 124 363 580 485 437 559 210 141 242 553 266 365 532 105 102 374 516
20
218 323 278 407 202 134 467 572 181 591 356 112 217 507 519 160 287 206 494 297
20
480 107 483 502 314 254 115 328 511 442 283 115 236 369 563 497 297 333 182 497
20
367 302 587 167 246 481 277 233 311 377 403 165 248 394 502 469 584 216 252 507
20
465 150 506 435 327 435 309 241 339 447 356 191 202 533 123 566 506 242 382 227
20
557 395 357 454 349 261 392 213 460 227 119 306 131 196 545 289 524 513 194 146
20
264 296 422 417 348 270 520 448 387 405 596 514 414 125 497 459 531 582 533 126
20
530 237 433 381 218 208 508 121 536 499 274 583 210 527 531 238 552 342 188 459
20
132 194 191 217 179 440 314 515 207 307 173 103 228 148 187 472 453 264 246 522
20
503 401 248 456 325 553 376 187 469 506 533 327 554 207 512 324 192 370 500 225
20
336 585 119 487 168 121 507 525 322 276 383 350 378 542 230 383 320 414 444 365
20
426 219 314 165 231 271 359 373 336 398 277 114 292 294 554 344 197 146 567 442
20
270 543 410 428 195 426 104 125 533 441 438 212 522 100 216 401 436 585 474 256
20
581 474 466 438 117 493 218 540 196 575 104 137 363 162 244 266 509 251 413 546
20
286 545 357 497 257 153 593 261 418 404 596 430 219 495 377 463 239 394 266 387
20
129 328 107 567 303 196 545 398 154 369 226 547 133 511 409 236 161 130 548 234
20
496 433 392 206 589 205 110 160 380 377 257 181 214 557 505 140 514 369 153 223
20
474 293 288 173 179 245 391 120 212 482 153 469 456 233 538 185 337 213 403 449
20
238 387 279 104 157 201 239 260 271 409 372 485 420 336 438 244 280 172 498 553
20
131 100 436 319 293 600 575 324 335 488 169 102 172 467 104 394 550 467 366 412
20
573 446 158 316 199 121 507 252 334 195 462 430 126 199 267 426 569 484 264 444
20
380 238 291 542 146 198 165 499 595 294 382 443 128 269 204 114 254 449 378 372
20
531 509 153 317 237 146 287 463 295 165 446 401 248 515 569 411 332 316 275 126
20
179 365 181 110 370 129 568 425 101 404 571 585 325 475 486 144 213 161 471 121
20
329 465 320 424 365 439 305 238 574 446 227 520 144 576 119 334 339 137 350 119
20
331 459 103 427 297 543 328 429 129 407 138 359 542 544 360 311 252 421 375 380
20
562 526 184 594 242 514 208 594 226 368 191 596 350 208 540 482 409 106 330 127
20
551 280 564 291 172 218 559 100 314 598 398 349 220 577 159 246 429 594 217 573
20
450 517 463 160 592 302 438 418 497 369 560 346 175 347 292 178 556 278 350 439
20
411 100 510 203 134 570 596 570 179 303 124 325 568 241 102 174 430 118 203 469
20
205 385 453 141 171 364 370 515 208 340 307 194 145 274 252 432 550 356 115 103
20
453 286 593 173 511 232 454 522 235 301 415 356 168 562 537 284 172 263 370 226
20
567 311 303 568 560 467 402 312 380 408 428 334 283 381 240 247 166 470 380 399
20
396 110 233 369 371 152 169 381 182 542 385 293 185 287 492 511 362 153 234 297
20
370 337 213 572 186 225 350 219 219 149 149 556 510 369 527 353 263 327 595 183
20
143 585 408 141 283 161 475 256 548 326 379 507 581 475 176 408 317 122 332 450
20
318 147 248 185 383 465 210 143 228 163 504 306 367 385 276 101 395 231 198 529
20
248 338 401 512 573 556 593 243 584 245 227 177 448 423 471 380 373 453 131 185
20
401 402 196 249 302 303 273 442 251 473 252 286 370 588 497 322 291 359 504 393
20
228 122 156 288 103 289 406 539 374 505 423 438 495 467 210 277 149 330 221 434
20
234 132 458 354 336 304 293 197 304 214 397 165 358 280 199 439 470 425 373 466
20
383 438 563 246 174 405 414 358 434 531 507 409 177 227 299 205 342 570 570 596
20
298 274 419 307 528 476 441 513 380 304 410 470 112 564 299 153 503 549 130 429
20
354 391 333 382 278 500 109 516 494 467 559 502 568 328 377 371 463 268 349 397
20
528 263 181 342 436 109 324 528 186 486 397 497 176 105 379 214 485 181 412 302
20
497 286 585 117 403 540 441 361 548 597 479 417 493 271 152 420 268 516 417 354
20
122 581 466 323 507 399 394 392 251 313 390 292 368 169 122 185 314 579 391 222
20
118 159 321 201 507 280 106 244 567 240 590 132 201 600 204 583 484 162 463 289
20
317 239 282 504 469 359 249 215 305 213 497 515 288 575 581 169 331 343 399 182
20
301 383 324 315 230 505 126 349 502 428 593 570 481 412 519 411 510 490 348 600
20
377 522 561 129 290 328 538 596 348 382 231 585 105 231 571 523 304 424 535 457
20
569 544 237 205 447 236 265 290 452 168 343 333 122 373 236 197 233 270 473 448
20
580 552 386 126 140 237 438 406 388 275 411 445 134 332 110 463 215 576 351 188
20
589 397 457 190 421 336 151 270 208 380 441 115 118 402 184 359 395 277 512 476
20
198 155 341 195 456 194 375 502 588 333 388 292 356 430 380 447 524 591 117 428
20
362 513 299 241 483 165 568 427 517 305 566 432 112 548 219 568 151 477 400 104
20
116 289 522 417 230 409 500 196 267 395 301 558 413 570 357 320 275 486 555 395
20
277 381 600 120 517 239 189 239 536 217 464 522 595 349 473 467 508 417 171 147
20
444 594 321 173 436 509 184 367 533 483 475 221 581 505 244 136 285 145 592 354
20
466 150 443 564 381 528 499 487 377 301 127 184 147 116 406 132 369 233 248 579
20
349 366 117 230 367 578 326 585 505 492 383 194 342 109 155 210 364 271 431 599
20
243 106 479 323 503 455 261 525 185 126 458 459 398 120 160 266 500 217 578 181
20
441 406 478 459 170 383 466 502 240 416 141 101 127 110 334 331 511 467 373 412
20
381 109 496 417 344 383 147 282 384 140 553 403 320 206 313 252 476 169 122 557
20
529 106 131 213 150 444 555 279 440 250 499 116 229 589 564 336 487 103 513 505
20
221 107 208 146 275 438 110 233 242 538 225 168 104 198 566 194 562 239 478 260
20
204 143 483 417 520 158 455 434 167 297 121 590 243 326 578 528 183 138 325 203
20
305 231 460 567 550 224 409 271 512 418 498 291 147 354 351 230 263 137 348 339
20
430 112 542 565 502 553 399 557 269 538 368 314 129 476 280 101 566 523 164 159
20
287 575 310 241 364 562 296 513 243 267 140 248 135 174 520 528 362 546 577 269
20
499 561 148 445 516 118 456 505 201 396 537 157 341 119 244 463 209 535 380 491
20
570 241 236 554 242 131 414 353 298 191 328 597 581 379 349 302 569 337 451 336
20
235 340 134 540 235 587 140 427 477 520 281 502 100 348 365 105 344 361 213 439
20
579 186 348 586 196 120 510 410 271 127 127 510 126 384 373 301 391 514 154 258
20
307 229 441 594 140 529 231 363 208 359 554 489 393 212 401 538 254 530 181 120
20
195 351 598 227 341 446 507 571 154 477 287 360 365 181 135 300 152 581 518 247
20
351 158 514 487 284 366 315 414 249 291 291 277 292 246 569 367 500 420 163 133
20
438 342 284 385 319 180 401 595 313 356 370 298 140 520 115 109 443 593 417 447
20
575 537 356 175 421 386 399 563 600 134 480 204 356 107 107 516 531 397 453 145
20
251 220 303 438 573 275 276 453 557 404 314 544 439 341 481 511 544 102 596 337
20
162 510 201 171 451 401 325 354 517 298 128 405 163 196 372 444 354 208 399 558
20
119 435 388 555 339 196 532 444 393 307 329 186 196 249 539 427 149 376 425 577
20
205 443 510 583 265 330 479 473 270 196 308 535 491 349 226 581 484 339 257 371
20
101 288 360 231 379 386 232 174 111 329 301 555 514 480 279 149 600 453 248 361
20
420 104 268 273 354 417 213 153 265 221 480 189 183 537 230 440 336 420 303 443
20
572 335 448 117 276 372 225 190 270 393 480 291 516 175 308 413 550 211 289 145
20
504 457 262 414 332 248 517 355 156 430 205 505 565 340 471 270 353 283 487 222
20
257 254 448 126 437 312 346 463 529 519 328 257 492 423 247 169 141 274 128 325
20
223 531 350 264 582 300 161 569 286 454 507 383 187 281 518 587 308 220 503 405
20
504 268 512 208 139 567 213 508 258 299 518 480 260 594 600 446 298 493 476 104
20
394 424 577 432 345 204 345 517 560 275 162 496 504 318 208 403 395 432 346 496
20
313 532 525 468 159 350 564 475 145 247 330 477 576 187 389 342 244 389 499 400
20
312 481 241 518 268 277 465 169 399 199 253 171 459 315 193 442 319 209 254 531
20
188 154 320 309 127 202 320 441 195 143 513 575 462 212 438 551 491 180 324 494
