150
20
367 261 469 113 160 262 227 530 188 440 212 502 271 398 542 419 536 363 114 238
20
430 195 327 111 249 542 269 219 584 518 470 294 157 266 370 310 415 147 451 170
20
516 506 421 277 387 257 503 257 520 455 272 542 585 293 184 404 522 187 551 169
20
563 198 175 480 547 417 220 222 163 484 503 130 117 569 428 469 497 510 351 424
20
172 104 250 353 505 362 477 353 588 195 369 453 243 548 583 143 413 409 416 275
20
191 229 492 559 430 114 258 245 488 264 537 582 194 349 199 287 238 116 364 563
20
258 438 109 537 189 355 410 560 215 524 334 161 392 503 266 579 400 541 112 311
20
255 106 444 195 122 495 194 294 442 522 489 136 232 198 465 353 439 347 479 172
20
277 257 228 171 332 246 476 122 435 137 576 320 560 319 341 363 324 428 341 197
20
111 160 472 511 441 186 495 125 236 465 113 321 399 524 345 288 315 538 490 187
20
335 250 416 365 230 275 590 527 318 483 376 132 268 267 580 345 264 316 125 262
20
450 291 501 383 559 448 364 347 188 354 156 313 197 297 355 354 440 426 191 156
20
596 197 563 301 575 315 405 595 555 301 347 445 246 532 537 151 435 496 108 261
20
223 285 169 103 385 469 324 564 451 471 592 564 259 271 353 471 349 305 498 577
20
292 269 429 576 332 379 138 575 359 278 142 419 468 594 148 270 146 490 130 111
20
449 354 551 264 225 372 177 194 323 275 322 590 567 353 597 357 138 367 234 553
20
523 552 453 457 328 146 165 209 241 512 517 528 483 254 573 297 570 454 216 515
20
141 398 313 144 182 404 400 148 386 572 371 348 389 206 281 465 428 232 575 469
20
362 173 450 192 158 182 298 186 393 564 212 544 530 282 412 433 283 521 567 537
20
114 117 268 277 260 508 595 321 276 503 295 502 199 347 484 261 239 274 268 381
20
246 476 226 447 340 273 417 523 302 207 439 182 110 362 524 152 280 221 349 418
20
115 237 282 200 586 114 554 283 119 275 407 396 142 456 311 489 306 332 247 518
20
261 301 243 378 252 298 302 292 298 241 291 202 363 540 462 236 248 282 302 446
20
473 506 184 483 482 256 316 287 235 285 508 595 532 467 118 517 375 161 189 536
20
486 173 205 578 372 387 134 337 272 271 290 228 130 356 232 416 268 362 596 584
20
196 421 319 299 476 550 589 371 503 140 583 426 457 590 502 541 482 565 192 414
20
241 307 579 384 203 471 416 522 245 527 472 123 341 305 221 372 161 141 525 577
20
459 289 203 186 201 283 572 564 224 566 472 196 262 470 192 522 448 327 151 203
20
497 411 129 333 495 181 286 575 451 580 342 120 548 385 175 487 521 135 332 417
20
283 346 294 397 211 270 275 282 589 296 130 183 508 493 243 549 139 581 507 405
20
500 571 571 549 450 466 479 232 540 530 206 556 478 590 551 460 295 590 293 454
20
138 329 210 165 341 530 265 323 282 174 401 299 385 218 482 384 215 309 402 215
20
554 217 248 500 597 289 173 248 383 292 179 491 407 481 203 376 297 589 330 133
20
183 502 461 526 571 364 445 369 176 436 540 256 108 301 397 204 251 401 173 591
20
108 427 207 400 600 332 244 302 463 468 387 339 541 182 521 425 442 184 367 124
20
521 170 332 566 477 558 475 560 479 275 351 137 289 278 329 559 500 408 339 502
20
505 429 195 230 584 177 444 216 386 455 160 250 149 119 540 449 345 389 332 343
20
507 479 193 174 304 113 357 388 527 568 103 326 261 102 319 539 261 148 333 197
20
577 128 344 368 385 333 512 152 494 576 552 304 494 595 452 258 591 119 303 351
20
565 556 597 178 440 134 263 410 173 247 578 435 494 358 153 535 391 496 127 230
20
167 296 500 104 457 447 145 447 573 407 432 166 564 527 558 235 122 456 481 598
20
363 446 385 111 224 118 275 111 386 242 162 382 517 399 151 589 293 177 589 164
20
102 246 243 157 452 487 340 584 228 103 150 600 114 133 427 185 194 246 548 401
20
332 504 149 426 166 428 262 282 307 186 359 447 100 189 448 198 311 249 423 358
20
576 176 544 196 203 170 228 214 295 550 507 146 363 171 167 279 344 396 296 598
20
508 172 286 281 407 159 420 440 102 237 207 190 434 366 267 568 102 407 206 161
20
268 372 448 427 252 223 322 516 357 364 465 600 535 229 352 586 377 267 163 588
20
384 227 123 528 261 394 516 409 293 429 453 403 557 154 369 176 497 206 288 255
20
109 141 507 594 500 576 535 469 589 143 322 324 201 418 467 152 331 254 199 339
20
109 345 460 385 318 162 278 314 161 339 310 147 477 509 453 343 251 181 316 206
20
345 533 300 125 153 138 386 312 126 294 504 344 259 131 594 494 538 406 508 587
20
350 421 517 362 222 285 423 411 525 583 201 249 597 597 571 522 167 376 487 291
20
205 286 118 225 479 189 307 506 126 426 191 414 463 570 559 122 516 590 431 474
20
167 470 258 464 324 234 466 381 341 552 547 414 243 185 193 378 216 582 274 383
20
453 533 334 176 546 314 324 180 539 233 574 215 323 385 197 337 588 123 271 512
20
539 265 104 173 112 520 312 191 152 585 177 326 406 223 268 174 327 231 592 511
20
458 160 230 412 321 338 502 528 523 555 436 187 173 150 278 555 266 257 243 371
20
187 537 311 463 552 125 446 338 235 563 219 186 522 332 383 567 221 578 292 373
20
240 387 440 564 577 103 427 100 590 232 569 241 266 460 348 250 391 342 497 440
20
450 553 139 432 186 449 581 353 220 196 240 535 475 371 591 227 550 196 109 172
20
258 158 356 519 560 467 563 252 120 225 456 514 421 551 437 576 134 476 146 432
20
485 282 150 537 404 135 183 239 328 571 489 258 538 135 456 168 217 336 268 393
20
584 231 488 371 127 533 463 278 208 571 326 515 294 100 497 283 135 435 236 540
20
291 322 454 286 408 282 424 566 332 589 426 599 333 122 306 245 237 543 320 307
20
233 448 488 192 550 486 122 106 594 562 545 241 165 199 419 309 189 212 505 100
20
214 461 395 374 300 400 573 318 302 498 187 555 271 255 528 434 274 409 540 265
20
111 276 387 586 420 285 570 281 501 238 189 599 257 250 210 346 274 533 460 307
20
126 191 291 175 166 400 428 235 353 577 229 273 495 294 320 400 160 437 260 190
20
393 369 327 278 211 140 109 240 171 325 537 417 347 513 420 590 391 565 452 389
20
127 468 495 163 235 138 318 233 301 106 457 529 412 493 370 257 544 485 350 512
20
591 381 535 466 427 481 147 399 548 276 369 484 306 590 135 380 255 498 147 110
20
522 442 305 336 457 250 202 270 114 462 189 302 317 390 576 188 578 298 471 554
20
419 209 481 486 594 225 301 154 374 431 236 450 578 105 188 174 172 234 438 524
20
292 377 195 312 522 294 113 391 368 343 111 255 216 566 398 370 456 443 468 153
20
294 420 501 101 218 572 289 379 573 561 374 503 591 300 155 310 484 413 525 256
20
209 505 364 388 276 374 186 270 515 266 459 410 391 294 382 338 196 293 364 137
20
348 317 589 142 214 427 559 171 355 276 438 389 192 594 546 166 260 315 347 590
20
321 501 301 561 566 140 348 378 373 331 236 455 186 282 361 130 302 492 353 295
20
412 296 588 144 213 140 282 272 144 343 459 252 198 196 180 582 571 250 288 317
20
208 126 409 251 160 508 488 227 265 146 178 371 199 173 132 177 474 151 495 435
20
260 175 340 213 126 501 328 239 429 364 567 386 330 110 144 491 415 542 347 409
20
539 550 551 437 336 129 207 516 455 178 559 141 376 471 138 429 455 394 188 481
20
216 454 270 199 265 469 110 215 404 313 370 236 473 339 411 374 174 426 421 179
20
261 434 246 413 580 412 541 412 584 592 190 204 523 375 290 543 250 421 307 321
20
483 310 566 307 479 546 471 211 334 215 409 600 552 136 463 363 573 109 483 213
20
254 537 131 592 573 552 519 472 322 295 361 395 440 596 158 189 282 515 528 387
20
374 205 371 262 110 288 272 531 426 517 482 215 197 539 124 410 538 185 197 232
20
324 107 320 138 165 381 181 582 586 438 357 260 261 110 260 596 183 556 121 261
20
527 154 110 434 200 272 572 564 103 379 214 290 505 405 452 203 289 127 188 138
20
341 472 269 228 322 103 315 438 592 524 403 273 338 555 154 233 215 235 184 133
20
304 256 298 309 425 284 429 267 193 199 355 217 430 403 522 558 110 275 101 301
20
575 500 503 210 557 300 593 460 321 496 476 246 578 233 106 453 471 281 438 493
20
447 206 271 532 378 374 455 419 410 524 234 282 222 326 353 211 247 140 326 478
20
421 308 579 599 222 418 264 368 183 521 243 380 415 262 391 164 259 114 223 541
20
485 589 121 198 527 148 186 585 599 227 547 375 184 259 560 214 345 414 139 305
20
255 565 298 303 367 497 511 199 162 231 562 199 130 321 550 483 160 482 416 581
20
195 282 504 541 204 209 202 522 280 498 525 335 482 413 564 549 179 333 190 166
20
347 190 523 137 572 100 197 120 299 541 274 267 346 350 512 276 320 107 287 573
20
296 298 160 166 471 117 544 185 125 126 518 305 254 220 580 496 258 532 402 395
20
157 277 600 294 545 300 507 545 588 317 566 431 430 330 552 430 328 400 437 347
20
327 447 531 146 327 450 259 453 402 130 562 124 416 586 390 222 130 325 154 268
20
365 388 222 542 321 196 530 482 273 379 513 330 367 436 137 464 445 440 450 397
20
535 375 207 580 492 215 148 138 544 394 393 335 273 274 266 216 392 359 166 373
20
523 509 139 379 401 165 185 493 249 153 425 569 461 492 589 280 452 254 239 452
20
328 120 432 310 412 263 252 165 561 590 525 590 412 219 253 146 378 234 339 541
20
456 222 543 309 515 242 220 455 418 551 249 302 243 232 388 502 114 251 287 263
20
193 440 347 517 276 270 540 249 310 527 525 161 301 174 237 413 475 445 541 308
20
142 236 222 462 164 445 567 384 364 268 468 324 434 587 578 343 590 425 201 574
20
276 287 584 434 132 353 378 180 577 568 465 137 149 479 460 357 223 450 511 440
20
504 560 204 390 236 270 346 570 291 130 204 357 597 512 328 186 163 450 488 136
20
202 377 506 353 431 362 559 556 457 365 125 540 215 390 358 228 227 485 551 164
20
573 271 274 463 183 201 192 594 375 103 551 498 182 159 362 257 266 126 453 396
20
469 269 530 258 247 248 509 577 314 498 360 169 353 235 567 585 124 246 125 388
20
401 237 195 148 137 265 239 406 436 290 177 522 416 483 158 321 463 303 453 376
20
103 361 340 393 549 122 375 353 275 505 489 516 190 478 432 356 561 537 328 421
20
395 449 329 520 582 477 305 118 272 138 389 115 291 170 161 481 431 424 420 412
20
424 519 102 161 257 135 280 460 216 245 519 254 439 472 458 323 252 362 599 600
20
156 591 364 263 468 347 441 469 414 343 176 480 122 441 145 320 349 396 459 259
20
342 535 473 546 397 250 215 483 573 114 198 488 375 392 341 253 111 361 571 192
20
249 295 157 423 268 332 407 261 373 399 562 389 565 292 139 167 535 577 579 333
20
104 112 387 247 166 222 375 385 232 461 559 533 131 459 513 385 431 466 565 187
20
131 231 319 470 576 228 207 411 177 237 102 348 186 116 181 248 375 452 279 147
20
473 493 545 496 342 203 256 535 328 567 191 108 288 488 304 247 148 122 581 547
20
179 564 181 301 575 198 195 184 580 393 410 472 476 460 398 510 127 161 370 380
20
118 133 541 178 465 366 569 340 530 579 418 117 129 204 147 161 313 365 402 435
20
127 298 563 337 207 244 373 385 279 355 337 463 156 599 490 242 226 147 163 462
20
414 367 598 224 421 309 363 138 535 509 201 404 370 452 378 364 209 579 125 500
20
291 282 526 160 471 361 532 151 550 291 193 142 362 525 182 141 474 483 165 541
20
213 255 484 521 323 239 412 444 517 451 395 371 341 283 108 457 143 143 409 298
20
571 417 472 223 263 280 571 338 524 136 529 384 150 169 126 480 114 158 558 236
20
554 249 392 499 142 188 236 123 305 294 278 339 325 516 538 469 264 458 394 220
20
158 597 208 243 503 586 582 521 135 577 534 548 296 136 309 502 585 261 126 436
20
435 268 189 391 493 344 201 559 580 561 256 476 309 164 501 397 177 264 333 332
20
318 253 169 469 176 173 376 200 540 432 418 106 474 494 385 325 276 499 333 418
20
150 279 506 464 195 537 129 282 324 575 112 449 319 330 510 269 313 317 426 199
20
381 287 508 195 487 222 103 265 572 597 532 551 177 501 487 590 262 176 133 324
20
482 189 379 223 588 206 189 452 124 173 393 572 437 143 103 510 177 407 317 535
20
230 463 420 492 416 167 574 308 513 178 269 537 413 568 374 297 160 443 235 425
20
385 440 383 137 308 259 495 538 371 380 217 567 259 296 490 326 154 323 137 580
20
269 228 466 357 299 311 273 143 429 233 592 291 326 369 114 598 416 309 581 319
20
384 273 346 551 312 256 573 421 579 446 586 257 250 512 441 296 589 485 552 478
20
507 562 287 224 582 276 397 559 473 331 325 367 296 297 381 422 550 261 204 169
20
175 552 171 532 206 339 316 419 477 198 415 182 208 582 460 278 306 164 250 423
20
261 212 139 441 183 107 449 384 254 454 279 221 382 136 505 248 354 473 335 467
20
516 314 141 189 422 599 151 195 134 517 235 584 304 435 121 459 354 378 496 234
20
400 272 123 333 346 221 253 330 403 185 134 505 316 364 376 132 579 114 415 275
20
414 336 464 168 148 406 447 222 434 113 345 247 453 165 189 169 390 520 487 555
20
283 231 473 368 152 407 226 419 490 224 444 363 193 245 552 463 598 440 191 517
20
413 280 408 347 470 538 114 107 269 252 213 404 585 240 428 129 500 382 364 181
20
121 432 211 273 555 543 353 139 285 497 179 450 532 259 600 557 409 325 415 373
