150
20
374 153 246 322 429 143 499 405 413 503 365 286 170 147 245 519 175 197 291 348
20
398 456 185 289 422 371 530 387 424 271 194 183 488 412 137 355 552 200 398 180
20
447 584 224 531 190 179 261 276 161 272 510 552 269 249 480 596 103 440 299 573
20
343 200 462 116 520 177 572 426 441 521 600 167 155 203 104 328 145 141 252 372
20
104 359 409 513 368 410 510 530 340 510 569 455 324 185 486 422 477 246 222 247
20
394 187 318 509 357 459 465 213 240 119 252 582 491 230 370 301 448 242 183 472
20
135 172 297 411 310 518 547 379 165 482 389 431 574 155 458 577 285 108 282 229
20
472 566 382 558 396 236 460 227 526 572 424 108 331 209 280 261 340 284 251 464
20
555 459 146 418 153 539 312 280 323 226 404 371 175 149 530 328 514 116 180 560
20
596 420 216 436 595 230 358 302 566 363 168 549 130 160 493 181 188 104 331 600
20
534 136 372 292 565 583 325 348 521 525 231 130 540 550 325 522 544 596 335 469
20
232 447 115 272 309 327 149 287 219 487 406 368 173 201 566 587 425 201 493 553
20
164 102 136 267 306 143 431 104 586 350 172 461 515 134 316 415 562 409 308 586
20
396 594 296 110 372 395 116 466 263 395 280 592 360 378 347 418 255 447 571 357
20
316 265 335 278 193 555 504 188 518 583 259 184 386 466 281 504 480 324 468 320
20
509 533 107 267 137 179 343 128 594 524 501 333 361 300 450 484 578 128 172 499
20
283 161 258 331 167 185 458 397 177 302 158 524 556 103 319 465 485 464 562 390
20
596 242 245 503 260 545 369 431 130 255 307 286 426 501 410 468 389 374 178 382
20
434 158 397 330 411 295 230 314 267 548 377 546 206 498 453 365 203 328 280 235
20
490 568 462 134 305 232 514 441 417 423 186 578 208 511 232 369 117 347 303 403
20
298 128 503 502 314 196 199 496 463 417 293 251 548 510 119 181 193 552 358 415
20
557 286 229 563 418 527 391 101 191 298 591 249 212 334 255 192 210 284 220 434
20
341 363 398 434 162 121 497 294 285 117 155 301 125 318 205 560 534 177 169 131
20
200 271 152 476 432 322 303 578 251 254 402 293 160 560 166 130 519 501 594 539
20
257 485 395 544 230 457 465 159 205 108 434 425 105 189 281 497 422 380 498 581
20
471 152 448 306 554 158 597 259 352 235 240 160 150 277 214 274 152 515 400 110
20
445 170 343 458 196 501 525 120 439 531 407 206 138 518 419 408 543 565 231 110
20
478 166 360 251 111 507 113 147 460 521 546 240 124 593 135 472 467 255 262 317
20
180 535 281 559 342 576 223 542 504 503 495 565 498 280 350 201 553 350 384 496
20
389 415 124 545 371 505 183 392 503 392 157 317 373 287 115 207 376 278 309 182
20
147 321 453 372 198 107 444 408 206 190 191 419 252 451 540 309 183 143 561 209
20
466 163 492 429 449 241 571 228 124 157 241 292 151 218 144 123 137 409 344 438
20
260 580 380 430 247 529 326 287 403 490 116 368 548 545 151 320 326 525 214 443
20
539 556 327 241 129 293 565 540 240 367 255 303 204 133 526 346 330 538 487 166
20
433 419 308 115 139 175 203 348 113 461 205 339 112 201 224 296 460 365 598 210
20
412 106 191 211 464 581 512 288 493 330 188 168 214 229 449 170 430 427 520 549
20
314 104 345 287 554 103 138 187 589 415 341 496 182 588 218 466 313 266 148 187
20
553 318 208 430 400 150 586 196 481 134 363 147 138 126 416 575 378 396 417 464
20
330 324 226 288 447 228 441 403 597 464 393 571 577 532 217 410 428 414 189 447
20
295 206 469 383 375 568 529 125 271 511 428 132 502 405 473 404 295 483 208 563
20
203 499 511 232 463 550 156 129 557 539 131 430 510 128 273 142 352 366 533 219
20
407 201 311 318 317 261 462 273 226 116 215 359 221 516 106 366 234 491 179 401
20
574 189 486 451 596 346 129 287 401 405 341 303 286 376 372 509 506 488 264 495
20
583 164 567 151 541 252 321 112 130 538 471 590 377 560 214 157 408 155 480 450
20
417 446 484 208 109 578 270 333 114 520 153 582 538 141 358 526 554 292 548 209
20
212 321 385 293 460 560 440 362 133 431 296 368 460 362 451 394 519 187 499 528
20
356 432 540 523 585 458 454 356 583 230 391 129 434 299 382 221 123 291 163 235
20
466 563 408 510 448 484 427 479 174 599 271 525 555 118 560 405 448 184 314 471
20
301 273 381 255 498 270 214 273 369 259 193 481 120 174 441 145 368 145 414 224
20
440 529 484 126 194 210 421 189 133 109 338 263 251 529 495 135 411 501 594 280
20
148 191 293 572 428 330 577 226 296 407 530 175 240 541 478 533 582 518 313 357
20
235 224 226 589 232 393 587 481 372 353 486 194 170 378 478 384 375 572 326 262
20
595 473 445 299 528 156 548 202 387 113 336 499 520 435 358 289 592 296 304 515
20
517 247 264 519 119 478 220 515 426 413 557 167 104 454 503 428 317 241 553 357
20
361 324 455 530 387 208 214 243 197 595 285 433 489 193 451 159 410 200 247 400
20
180 585 487 465 343 296 564 560 210 453 554 265 288 281 337 552 579 123 269 579
20
209 184 276 259 120 424 122 284 168 282 295 312 346 326 154 538 132 153 207 437
20
509 141 196 433 138 579 186 434 286 544 531 539 234 148 304 463 444 270 491 228
20
136 339 443 284 206 210 515 500 579 581 472 165 518 234 345 572 333 141 291 503
20
546 386 346 398 123 158 168 445 207 368 389 429 484 531 520 206 449 210 525 580
20
144 162 425 298 377 392 180 109 431 472 370 501 442 203 404 240 103 275 497 471
20
306 445 418 590 546 495 220 437 188 530 378 181 420 210 528 403 584 423 254 261
20
177 339 577 344 418 563 579 391 143 267 403 111 392 333 495 180 579 594 186 501
20
370 342 197 526 508 495 305 531 383 222 108 382 556 346 356 394 148 254 518 273
20
311 287 398 555 249 362 121 151 121 575 436 496 410 523 391 527 347 127 151 417
20
274 262 533 542 299 430 248 282 503 405 333 465 498 491 536 505 175 469 517 386
20
303 167 355 223 554 103 362 317 437 558 423 182 104 343 587 454 114 504 331 222
20
172 300 599 442 357 467 579 509 525 575 331 335 192 495 538 188 332 587 419 125
20
564 246 256 239 597 165 188 356 279 353 287 391 438 494 382 329 135 230 170 518
20
261 532 542 388 415 443 129 364 328 226 119 547 152 285 265 461 103 242 475 239
20
227 420 562 587 360 246 159 163 272 439 468 452 134 306 193 357 505 104 416 228
20
398 391 239 558 462 552 512 100 178 145 528 246 149 142 188 269 254 244 324 414
20
203 100 503 594 329 277 124 219 500 472 259 117 379 349 217 117 256 322 587 202
20
516 145 458 495 384 522 504 471 330 171 213 156 336 431 482 282 380 115 148 200
20
163 355 278 188 383 275 561 178 290 193 151 355 183 273 420 565 340 366 207 476
20
394 476 103 498 184 396 137 329 394 173 401 399 135 398 386 346 376 520 589 123
20
504 120 129 234 335 127 473 181 593 433 394 265 163 107 442 306 198 386 192 216
20
460 237 474 230 174 430 150 265 359 362 437 504 131 366 311 390 600 292 293 541
20
161 575 244 411 429 272 304 237 190 272 373 578 518 366 490 491 462 342 596 103
20
524 379 143 263 521 519 210 434 257 456 193 545 333 457 266 314 129 515 139 347
20
510 245 595 257 322 346 530 238 230 278 326 521 314 100 162 519 218 399 368 459
20
353 253 394 520 325 447 148 135 171 227 429 205 165 152 365 190 175 485 227 473
20
542 243 186 109 220 390 422 218 191 286 310 259 562 530 418 470 503 324 279 566
20
485 153 345 240 332 568 313 456 420 266 240 101 482 570 316 220 401 462 521 148
20
543 224 263 153 286 413 106 145 207 587 375 369 104 560 388 264 202 172 110 115
20
422 595 280 278 117 111 184 238 297 257 279 194 265 327 563 239 214 261 107 197
20
100 238 126 109 444 577 148 351 422 531 278 191 592 205 286 349 201 259 104 465
20
150 194 583 596 315 122 282 208 329 509 380 324 253 348 382 119 591 464 159 424
20
496 203 406 346 496 468 438 364 306 334 448 452 368 305 252 153 590 311 574 226
20
289 576 264 214 452 315 103 316 135 370 188 563 218 394 516 513 405 271 544 481
20
351 540 518 490 592 256 150 488 316 374 496 266 265 462 298 117 124 103 456 411
20
151 495 227 329 474 317 598 336 318 102 490 207 509 249 271 413 487 227 380 136
20
420 213 150 598 472 400 517 328 289 346 422 195 266 467 582 268 114 177 567 235
20
455 565 472 178 204 387 198 490 502 469 262 127 562 117 286 159 308 419 224 292
20
146 492 417 182 376 536 598 251 382 385 555 466 158 372 308 512 341 498 534 477
20
185 494 372 484 253 507 227 241 570 169 242 473 429 464 325 245 513 555 161 600
20
382 199 361 517 400 600 321 378 175 461 562 465 116 241 232 250 333 386 285 117
20
588 459 456 379 159 444 290 129 570 551 214 148 255 302 382 205 289 550 261 393
20
144 149 353 368 441 281 596 470 173 273 157 361 584 470 115 330 163 213 423 523
20
440 441 568 593 576 469 590 383 233 567 448 553 284 159 106 549 392 352 257 302
20
514 592 545 151 487 468 250 178 399 130 103 428 499 109 160 440 413 362 190 595
20
445 528 321 459 272 146 469 599 286 186 142 303 165 318 474 439 411 247 469 571
20
170 133 221 525 429 185 144 106 546 524 178 511 223 437 200 319 536 511 281 162
20
469 598 163 165 287 532 456 239 207 429 169 585 511 307 264 164 395 582 134 168
20
190 342 309 397 507 534 331 118 481 189 332 496 154 482 501 472 148 530 460 109
20
262 552 370 591 241 556 335 299 298 231 270 577 431 227 301 507 387 260 234 366
20
325 315 550 148 332 215 485 589 162 546 567 112 362 122 116 447 390 531 458 188
20
386 475 252 530 582 550 139 403 112 486 223 110 375 530 517 277 170 461 448 151
20
176 186 242 388 305 242 106 503 503 365 330 530 582 535 407 232 313 105 112 484
20
432 329 310 574 321 531 472 572 230 142 444 215 460 588 399 217 303 126 470 473
20
430 262 174 506 425 520 178 410 485 140 596 487 488 313 143 254 282 155 306 141
20
582 531 337 343 553 436 215 469 519 337 560 542 324 597 477 207 279 131 343 201
20
307 321 381 391 517 363 104 137 549 113 226 387 335 469 194 268 448 106 263 109
20
224 458 325 559 186 536 492 429 434 265 443 566 122 317 452 391 155 522 140 360
20
252 117 270 529 162 165 390 280 551 527 457 211 521 393 375 114 198 505 254 216
20
483 427 177 216 103 485 545 506 220 123 276 220 401 490 217 461 245 321 150 548
20
479 333 488 193 218 169 590 126 242 322 341 262 455 361 511 477 152 564 179 316
20
492 581 599 358 306 290 303 139 383 260 273 595 272 457 553 404 504 505 444 370
20
212 339 511 373 142 444 261 318 269 321 498 122 238 564 456 451 228 480 383 557
20
182 127 225 536 455 597 492 203 451 547 422 345 155 504 187 422 228 307 560 411
20
494 435 536 112 244 281 361 546 341 269 110 513 161 193 111 218 230 199 248 538
20
513 522 581 202 233 151 257 393 276 330 266 344 362 509 499 418 138 199 542 269
20
110 344 269 220 447 559 522 203 131 237 209 133 136 431 121 246 158 270 585 449
20
200 277 277 336 496 417 373 540 285 468 438 134 121 358 296 299 461 102 442 183
20
434 360 147 214 383 529 525 126 466 531 150 361 184 517 142 480 412 176 265 277
20
108 448 507 197 403 261 313 268 419 568 291 500 183 148 303 545 374 209 282 270
20
176 369 506 195 596 302 162 164 427 240 409 324 599 430 571 458 444 270 127 330
20
257 518 206 176 174 581 531 377 161 284 273 234 554 511 237 255 141 422 236 427
20
383 425 108 522 399 328 255 391 172 560 398 499 451 262 319 139 445 577 401 366
20
243 352 209 148 271 290 456 572 457 369 226 184 284 463 362 319 425 145 397 239
20
558 435 208 324 280 125 343 423 209 301 381 114 262 261 360 223 257 365 495 179
20
472 533 176 487 561 444 246 521 553 460 436 326 321 156 223 287 548 554 586 311
20
530 255 425 493 526 183 551 276 592 544 212 312 216 361 507 158 337 290 169 103
20
464 305 325 530 368 338 563 190 527 292 584 438 538 383 424 263 424 135 467 313
20
445 418 554 225 577 482 107 209 415 252 548 114 150 435 288 375 260 191 401 405
20
375 294 333 454 383 599 156 326 289 241 105 331 537 208 167 449 285 398 565 568
20
227 215 294 308 483 142 329 561 299 219 564 217 128 284 318 340 393 554 453 309
20
504 453 204 130 192 291 372 351 135 272 560 116 459 156 246 289 343 330 297 410
20
318 410 192 419 418 250 282 136 418 275 115 349 174 355 536 380 418 223 385 327
20
261 517 556 590 255 367 534 517 316 189 200 304 536 355 241 244 213 216 160 574
20
398 480 148 360 545 174 325 118 522 378 405 246 350 337 328 218 316 515 119 498
20
327 401 195 504 587 104 456 377 236 392 225 561 387 256 130 559 472 154 504 259
20
446 171 427 124 527 548 514 345 584 551 225 130 194 212 117 158 588 144 134 152
20
508 239 228 348 352 193 269 256 317 208 512 108 475 562 418 560 554 529 237 119
20
267 166 521 558 483 597 378 566 362 100 494 375 397 263 202 427 125 423 431 592
20
259 251 186 507 304 352 409 334 173 551 191 501 161 310 556 441 391 157 579 241
20
566 198 484 462 220 103 497 226 509 160 407 101 177 306 172 356 599 549 183 199
20
475 319 579 580 441 226 419 113 261 502 137 411 301 232 289 441 598 592 420 462
20
338 519 103 142 333 279 508 580 172 206 170 168 347 520 484 195 413 110 160 534
20
514 418 590 161 177 312 583 125 311 209 203 171 573 384 475 581 365 264 260 469
