150
20
538 117 472 171 203 372 286 152 442 582 520 336 338 432 218 426 118 596 285 101
20
119 234 340 136 460 304 577 575 427 539 476 395 543 204 384 351 144 321 431 474
20
140 188 456 592 140 264 597 103 227 314 489 307 111 440 362 158 383 155 394 244
20
299 397 378 414 355 106 426 450 390 437 512 334 588 431 425 317 574 402 567 598
20
369 208 383 201 301 487 151 260 210 173 592 580 529 174 207 374 402 210 211 400
20
557 541 500 146 565 433 226 545 554 481 468 156 316 136 414 287 327 398 141 340
20
150 353 487 393 549 330 543 320 294 429 150 600 213 447 357 375 255 599 149 181
20
179 137 287 258 185 526 513 457 360 332 297 157 267 328 392 560 260 137 313 514
20
204 107 331 531 343 329 112 106 542 225 425 195 336 156 326 583 206 353 208 395
20
166 206 502 361 314 292 441 124 521 148 120 260 596 388 436 441 348 151 486 570
20
539 545 263 221 124 487 155 251 338 377 537 103 318 140 257 442 479 244 271 101
20
152 428 250 202 595 497 473 236 372 457 444 418 223 193 173 407 414 273 493 529
20
128 274 484 355 161 159 125 235 472 578 279 535 582 338 119 255 561 147 345 566
20
563 243 254 387 121 481 392 556 258 521 240 459 219 148 125 389 294 284 512 414
20
591 107 489 210 370 232 413 476 588 494 483 199 224 519 368 467 573 114 295 311
20
229 237 353 480 348 189 300 593 233 201 577 319 442 492 481 287 581 565 237 446
20
546 162 337 552 521 235 189 579 532 222 417 251 538 500 590 506 341 271 584 233
20
460 551 198 446 472 574 484 504 233 384 268 343 117 449 149 432 190 180 173 329
20
564 226 270 252 503 393 469 144 191 479 430 568 429 136 296 425 231 283 417 540
20
471 597 576 419 193 277 124 521 338 594 248 465 504 304 399 436 281 538 540 360
20
445 558 556 427 396 277 485 387 460 339 479 199 234 419 221 500 353 565 180 494
20
426 277 459 221 202 260 361 317 314 531 506 329 330 436 262 171 222 519 291 445
20
347 424 281 122 296 309 148 180 525 370 421 351 154 539 296 251 296 179 333 191
20
306 186 420 100 166 384 334 216 288 187 210 166 526 415 485 511 251 408 425 299
20
258 481 419 233 132 176 557 167 407 457 312 464 412 281 254 321 300 336 423 403
20
324 239 533 172 373 446 324 271 248 535 201 402 145 371 397 448 382 391 535 592
20
122 346 535 338 591 458 425 391 228 117 169 578 451 192 390 587 381 121 141 502
20
124 311 408 563 355 271 161 585 561 498 260 421 258 365 366 156 328 260 390 173
20
281 102 484 579 391 269 567 322 287 577 488 556 560 518 590 534 420 297 398 361
20
429 541 382 195 475 130 301 298 150 574 358 268 186 470 551 303 563 390 368 302
20
200 333 303 453 195 503 151 562 330 413 365 328 545 363 278 477 313 492 170 555
20
421 193 572 478 254 153 490 249 411 264 361 526 383 160 458 159 337 551 110 396
20
265 422 476 174 275 245 114 349 485 212 352 310 208 101 182 417 482 136 441 531
20
144 332 338 418 467 396 278 409 175 460 505 507 255 217 165 288 520 134 249 380
20
414 517 307 409 580 539 157 139 121 183 316 360 522 253 316 116 227 111 313 113
20
521 385 481 420 288 186 200 230 478 458 254 495 480 453 212 290 534 252 390 418
20
388 372 355 111 186 357 285 308 143 441 134 319 581 173 395 448 419 585 454 262
20
530 566 156 510 119 483 482 522 258 125 383 275 485 135 544 480 114 575 515 372
20
472 491 519 126 244 165 456 253 548 329 450 186 554 331 269 165 159 570 382 134
20
464 147 502 256 396 193 119 360 375 551 543 162 322 445 451 503 373 325 388 397
20
430 478 340 284 405 240 247 159 475 135 529 536 402 547 521 309 572 406 559 362
20
526 280 122 442 207 442 201 149 502 508 476 291 575 250 475 150 160 401 506 498
20
333 107 300 408 490 153 153 172 209 454 107 224 223 531 123 540 251 537 469 517
20
316 435 495 506 220 217 258 127 505 425 354 367 187 344 569 370 599 337 187 154
20
197 339 145 257 194 491 423 261 391 497 257 535 432 454 552 363 264 482 259 518
20
187 299 343 555 503 511 391 385 582 391 580 477 304 260 571 575 176 268 247 455
20
304 359 480 540 595 340 319 344 517 219 281 482 439 525 113 152 407 531 276 252
20
125 171 549 204 435 583 265 439 324 577 517 464 256 446 497 463 293 302 229 143
20
467 243 549 529 230 185 393 520 573 433 167 312 381 230 121 263 281 346 228 212
20
235 499 564 248 361 403 374 568 461 483 581 414 319 444 104 210 379 121 181 129
20
270 178 545 372 464 278 201 397 337 403 317 495 287 274 210 116 364 212 511 250
20
572 304 535 222 422 113 600 593 566 186 152 475 595 272 213 358 379 158 503 545
20
274 486 250 555 408 475 526 105 231 137 529 287 373 541 453 581 162 391 547 379
20
395 101 266 282 516 106 545 241 167 561 514 509 363 568 285 155 388 451 596 205
20
580 335 364 415 264 429 463 509 347 398 294 353 429 166 357 253 227 564 355 340
20
474 104 533 512 487 207 585 548 193 417 158 345 536 114 106 322 458 192 111 312
20
139 292 480 282 486 108 598 121 412 374 138 382 276 230 175 179 135 505 525 504
20
544 418 323 292 305 348 353 446 311 126 332 568 419 199 345 494 238 440 199 256
20
398 553 507 473 548 268 412 294 358 467 361 306 224 163 518 281 509 403 338 117
20
437 506 597 308 196 576 345 553 598 173 395 538 368 373 338 301 499 418 187 135
20
212 462 123 537 569 550 254 525 502 457 399 120 443 124 478 234 538 440 212 496
20
268 139 290 336 152 443 194 251 381 145 418 486 340 550 365 283 445 561 459 325
20
556 347 152 204 124 200 499 107 202 267 579 361 564 281 227 589 583 352 317 358
20
514 275 260 515 448 126 335 468 289 411 373 529 422 266 370 404 368 207 564 514
20
269 592 571 286 100 198 242 280 270 234 445 228 212 371 191 399 340 343 456 482
20
574 167 317 208 360 505 363 311 298 528 140 248 233 319 317 299 492 248 489 552
20
576 578 356 133 414 262 168 118 294 206 300 407 488 193 539 228 467 434 373 214
20
508 427 572 218 480 109 372 424 568 264 262 363 296 512 471 285 343 352 445 544
20
318 597 448 157 180 454 228 501 520 476 138 322 439 533 583 310 437 347 539 317
20
358 159 256 295 493 156 186 373 522 254 448 472 557 457 584 587 538 316 318 219
20
264 428 274 167 159 380 433 377 321 269 119 108 242 225 416 254 222 518 104 231
20
404 495 386 154 464 311 169 591 133 179 233 190 384 134 155 246 210 446 389 479
20
187 208 586 224 510 145 422 565 289 103 412 577 499 154 176 526 244 170 264 257
20
535 108 551 229 497 544 108 467 116 346 535 419 340 402 284 166 239 394 282 274
20
562 440 374 334 154 508 539 358 337 363 393 580 499 396 564 466 485 443 244 341
20
444 332 535 534 454 412 411 228 385 523 480 422 364 202 416 391 193 247 491 225
20
521 228 348 265 435 519 261 235 254 156 367 529 593 217 330 557 572 506 532 342
20
176 174 520 562 189 250 522 165 538 365 376 497 104 379 284 595 151 550 524 271
20
343 415 285 229 484 194 455 501 389 413 518 445 295 143 589 427 540 256 134 301
20
505 102 115 433 443 544 533 323 315 248 117 204 144 426 384 293 464 161 334 142
20
125 197 379 326 551 300 129 118 583 452 325 492 171 515 195 157 369 323 124 124
20
226 129 563 167 410 279 353 149 540 568 362 454 293 341 516 159 357 282 509 236
20
454 463 523 509 140 510 562 320 508 461 573 386 567 389 473 142 300 562 327 163
20
528 341 549 556 312 387 404 254 389 322 422 541 264 491 570 218 270 326 220 262
20
272 600 102 228 152 331 125 350 383 370 361 499 503 310 165 124 199 351 577 222
20
560 247 527 270 398 175 153 348 522 369 273 258 322 445 474 281 339 369 552 594
20
187 314 316 527 501 468 474 208 177 127 230 504 545 458 356 255 233 255 420 223
20
296 467 280 184 308 508 217 214 407 236 316 237 236 573 151 226 297 317 295 556
20
376 112 544 200 221 152 383 340 341 577 197 501 511 166 352 166 134 123 472 119
20
164 546 125 375 405 482 190 580 232 277 149 172 368 547 335 369 449 162 196 186
20
526 261 137 494 423 247 199 149 555 452 263 282 449 264 177 481 320 196 100 163
20
175 250 557 531 423 534 289 333 358 125 239 586 277 145 306 176 264 123 201 100
20
498 450 518 582 122 264 357 538 448 101 308 507 120 432 236 136 131 562 458 148
20
194 372 343 359 577 135 518 475 556 360 156 116 413 520 402 514 257 546 147 157
20
466 578 138 450 398 276 285 586 133 229 207 230 317 338 189 533 125 274 564 470
20
113 564 106 479 444 230 369 410 329 577 543 497 593 130 412 186 399 292 179 572
20
254 149 342 575 269 442 422 212 585 341 163 338 256 286 176 253 236 254 283 492
20
201 487 256 587 180 200 563 567 161 489 287 508 234 421 514 216 306 160 166 342
20
412 300 579 125 305 177 204 272 237 568 345 586 311 268 528 214 119 374 188 283
20
179 391 564 599 592 251 383 265 550 317 497 468 249 265 111 473 172 568 131 543
20
353 228 371 190 136 241 243 208 468 356 533 136 583 439 364 600 293 167 420 369
20
353 238 466 131 421 248 260 296 569 315 398 598 180 347 287 423 442 323 408 553
20
331 232 250 438 377 453 480 328 107 422 553 569 419 165 398 584 375 418 154 128
20
359 247 387 183 437 462 543 128 372 399 131 120 320 552 276 581 231 410 214 435
20
116 516 303 526 338 477 107 587 525 470 600 507 568 415 235 346 443 270 549 438
20
495 595 248 386 132 488 303 319 517 494 526 597 144 218 406 141 200 127 583 115
20
260 155 163 544 395 426 316 432 145 379 402 580 261 242 148 537 145 450 235 271
20
559 338 240 598 302 556 207 338 264 486 173 533 317 389 185 144 433 392 596 456
20
382 109 106 158 473 240 149 203 461 122 343 457 477 273 460 219 102 524 184 219
20
400 474 435 199 593 334 264 284 163 503 108 190 457 593 261 482 421 427 518 424
20
436 390 145 314 440 456 242 190 446 376 241 440 392 453 163 346 346 358 325 256
20
117 133 199 442 266 157 156 124 463 499 158 105 555 568 415 153 202 422 557 162
20
247 420 282 129 521 454 262 402 506 305 468 339 332 354 319 338 568 205 590 469
20
563 488 195 531 456 569 418 227 437 254 435 351 575 165 404 232 115 553 260 376
20
219 523 148 434 493 405 273 216 327 114 264 591 146 340 317 450 446 113 510 253
20
440 355 348 412 560 173 433 435 104 235 294 518 514 333 123 180 169 311 302 340
20
162 577 380 348 506 548 101 595 360 504 441 555 576 546 342 570 186 370 431 192
20
314 559 326 557 287 451 409 398 383 557 214 407 256 555 552 338 202 487 520 368
20
351 321 200 406 540 220 577 596 101 569 547 411 395 334 285 212 564 128 410 466
20
162 456 508 263 550 125 450 460 234 492 134 503 513 527 112 539 398 266 502 185
20
171 170 225 164 299 212 572 553 446 186 422 539 506 103 180 158 435 114 435 523
20
328 400 509 301 428 493 535 529 199 459 381 569 203 487 441 387 418 211 176 547
20
178 422 315 332 105 195 106 156 493 291 568 507 235 463 435 200 525 254 285 594
20
549 194 570 422 351 351 365 462 128 248 226 452 486 513 149 582 170 227 373 146
20
522 332 389 370 284 251 416 442 219 217 272 527 419 137 540 141 222 270 239 307
20
104 292 306 232 436 468 129 204 298 239 471 438 471 567 381 211 258 328 162 218
20
103 196 516 581 275 128 354 209 175 572 273 476 243 200 515 324 130 106 314 350
20
273 257 176 179 151 385 279 371 557 403 161 196 254 317 105 335 456 512 102 393
20
536 329 213 278 217 465 395 306 550 151 290 521 224 368 595 218 268 502 236 534
20
452 515 482 486 293 541 507 130 107 566 163 314 347 549 163 312 247 362 124 576
20
151 474 517 226 258 189 232 428 162 354 146 239 153 450 312 167 115 424 357 472
20
359 279 229 212 436 580 170 434 369 574 449 517 564 518 169 575 182 141 541 175
20
445 233 446 180 570 336 536 389 266 107 204 143 587 229 547 400 457 378 336 469
20
201 329 547 245 319 366 504 163 400 537 429 551 316 232 325 243 520 279 402 338
20
167 185 100 387 550 282 387 599 533 153 148 487 452 506 472 511 415 576 590 219
20
249 326 259 585 301 558 497 364 133 559 287 332 490 102 587 593 216 430 281 376
20
127 599 237 157 440 452 100 516 252 272 169 405 599 384 305 540 158 543 208 382
20
309 289 407 312 430 251 345 139 445 317 262 271 464 352 255 297 597 149 550 330
20
296 377 182 556 336 485 563 175 259 395 151 411 279 107 377 405 224 160 127 555
20
181 446 317 386 216 387 544 483 492 328 300 233 572 422 473 451 562 186 349 178
20
243 566 151 308 554 397 318 477 266 150 586 244 305 123 107 395 216 386 571 347
20
389 307 120 241 271 512 527 570 474 168 442 546 225 165 456 502 234 376 212 449
20
257 186 105 362 370 200 523 417 250 232 490 513 184 517 564 173 502 247 580 292
20
469 161 450 385 339 375 229 531 244 574 523 176 124 300 482 101 212 573 310 279
20
592 238 522 554 364 448 459 316 498 235 479 430 400 272 210 489 257 312 431 460
20
558 281 517 289 433 453 336 316 517 409 593 367 393 108 301 180 376 291 127 523
20
419 332 583 222 176 392 412 255 339 162 141 111 207 476 427 241 130 542 539 423
20
354 591 392 458 409 416 461 104 420 512 495 528 360 536 589 318 296 570 275 479
20
430 307 319 246 569 482 186 192 489 373 495 202 547 152 177 445 270 145 528 521
20
536 425 109 282 581 250 243 157 511 268 448 145 132 572 593 292 253 119 297 485
