150
20
407 422 161 181 325 534 579 520 151 247 453 187 202 525 562 413 357 340 408 255
20
263 575 545 290 321 396 434 517 400 119 319 131 354 296 381 584 151 123 453 574
20
314 318 440 319 516 593 395 501 220 140 248 422 391 473 530 104 526 543 234 544
20
596 330 411 151 573 442 391 524 401 133 219 440 541 471 202 373 486 232 315 502
20
433 471 226 555 526 489 472 537 245 223 509 483 518 525 203 212 472 434 334 519
20
202 381 242 446 192 168 243 168 556 157 147 126 130 344 136 482 319 409 487 231
20
376 242 439 112 219 119 192 335 439 480 415 201 255 315 334 596 356 473 500 242
20
568 329 268 442 548 210 257 327 128 312 527 114 343 247 539 578 391 136 293 591
20
552 200 412 466 355 175 169 244 255 339 288 165 428 572 171 170 251 308 456 176
20
111 292 172 208 290 534 415 549 357 355 299 197 473 272 502 126 234 486 585 418
20
453 357 111 576 120 157 235 349 223 150 366 567 276 566 417 517 451 177 196 548
20
424 599 251 372 273 120 572 589 175 179 296 197 336 282 400 409 265 468 486 356
20
338 231 551 218 419 482 342 573 361 362 355 325 153 468 188 105 565 355 395 140
20
213 233 489 182 360 523 353 459 436 193 202 579 383 340 470 152 241 500 289 522
20
240 531 129 419 409 549 276 514 178 308 215 414 203 444 443 351 483 394 299 130
20
287 574 307 416 401 373 253 351 101 571 458 126 401 135 111 226 131 361 278 522
20
558 158 165 147 217 122 193 457 134 555 122 485 105 129 512 322 506 112 163 172
20
436 483 334 107 457 374 568 305 420 411 513 328 234 401 247 417 203 333 449 231
20
405 164 512 166 194 126 280 254 115 490 178 117 275 468 579 547 505 278 434 189
20
500 449 142 386 265 449 391 428 334 225 336 151 287 308 285 560 569 132 486 115
20
176 356 600 137 218 333 370 546 255 475 544 257 461 397 366 376 266 142 557 582
20
426 274 282 513 204 600 339 299 511 600 579 273 483 231 146 322 217 521 414 285
20
369 247 438 290 257 600 517 296 158 215 573 518 335 518 242 338 446 532 412 399
20
456 192 599 575 233 183 289 342 294 213 528 234 553 201 100 432 482 521 108 357
20
365 236 254 569 415 438 401 105 487 255 333 161 579 442 293 193 544 496 122 498
20
292 154 476 134 473 397 265 172 429 391 194 501 339 572 511 459 591 152 179 258
20
409 165 264 216 400 130 141 431 497 197 372 583 112 378 145 460 301 112 379 240
20
462 370 476 600 284 148 193 102 422 186 268 515 117 424 583 308 122 488 135 273
20
416 574 102 208 595 127 154 306 476 567 279 215 436 509 496 580 551 315 420 317
20
471 456 415 245 288 512 184 354 478 459 114 135 223 367 415 372 130 438 347 155
20
129 119 569 249 143 231 517 470 320 450 378 233 169 156 138 184 416 132 206 468
20
430 182 389 520 308 116 177 402 390 240 155 298 289 426 152 281 579 489 130 110
20
554 293 355 152 249 398 277 245 572 146 190 456 310 526 560 203 493 249 468 512
20
576 300 262 365 144 484 483 321 388 559 228 567 494 344 144 372 448 107 290 318
20
508 126 238 243 306 188 435 578 114 363 300 559 229 267 330 432 271 278 270 484
20
164 421 207 558 540 502 155 142 407 215 344 588 275 464 351 290 281 439 108 485
20
302 322 302 296 407 201 410 213 276 286 360 431 286 395 348 332 563 151 528 229
20
555 524 481 308 461 192 485 233 581 163 113 345 148 574 437 500 517 558 536 140
20
499 178 192 115 226 334 242 495 502 164 436 458 359 147 459 485 409 296 233 174
20
160 571 338 490 173 574 264 382 384 463 308 132 263 290 449 270 464 127 135 211
20
176 501 329 322 443 522 526 556 569 106 249 485 256 113 191 528 243 245 391 448
20
134 216 132 256 144 154 102 100 327 248 589 567 533 434 408 214 205 530 330 119
20
252 420 454 333 415 205 482 164 597 142 260 211 552 424 136 258 175 564 260 508
20
128 390 119 437 165 168 528 445 526 373 347 360 457 327 382 570 500 145 195 562
20
152 470 428 481 308 236 437 302 332 365 166 382 567 372 118 333 118 301 584 327
20
397 481 469 103 456 236 148 307 317 263 593 446 465 372 136 429 287 457 496 146
20
352 321 204 157 249 314 421 420 573 496 274 181 140 138 302 436 247 305 465 251
20
101 594 329 593 417 447 238 548 508 385 326 407 394 377 421 242 573 483 118 150
20
492 126 426 445 452 479 424 552 286 568 325 325 364 474 553 483 360 128 544 227
20
544 346 496 109 181 581 202 352 481 452 246 242 494 103 495 497 439 516 257 460
20
445 206 165 547 236 561 330 259 519 404 471 487 559 397 402 355 275 143 419 389
20
415 323 350 392 204 419 448 470 417 309 482 538 350 307 108 313 229 271 307 328
20
434 421 206 247 428 293 539 503 348 442 233 174 517 105 394 390 185 507 209 574
20
364 392 149 565 173 464 565 330 381 184 322 241 138 552 430 487 555 550 184 449
20
125 545 242 500 287 582 293 579 534 361 161 119 290 564 215 132 590 541 361 248
20
462 377 202 230 301 178 498 492 122 437 270 128 485 185 533 574 250 415 515 585
20
438 101 335 512 205 131 259 390 225 555 533 456 266 386 129 445 450 556 416 178
20
560 138 203 409 376 134 445 235 200 182 391 455 109 551 268 491 223 598 144 316
20
512 445 376 161 504 550 457 356 596 146 174 201 215 352 221 379 440 465 596 399
20
488 547 354 237 437 489 275 565 286 522 355 353 572 125 591 143 536 355 514 280
20
155 224 542 241 300 387 419 533 165 165 188 297 456 545 332 151 518 126 147 170
20
348 329 122 367 183 524 287 402 520 147 595 503 251 599 557 420 326 269 398 198
20
464 104 457 466 531 255 251 490 555 424 127 514 458 268 233 199 449 334 166 515
20
175 173 314 168 588 464 304 444 120 396 133 337 212 576 130 418 192 499 269 324
20
334 233 560 574 516 271 539 194 472 422 183 307 500 372 315 517 210 136 218 403
20
121 315 541 203 562 354 316 567 402 443 265 237 351 210 469 387 509 578 486 462
20
325 540 328 269 404 220 246 237 475 174 307 220 590 171 356 177 238 197 337 246
20
510 554 465 209 119 499 462 212 285 370 181 274 589 423 449 212 123 116 419 462
20
346 505 211 369 193 124 321 321 412 223 244 182 571 478 406 349 546 417 391 197
20
463 514 212 213 447 405 259 256 512 429 134 514 590 512 247 215 126 432 238 331
20
384 443 349 537 528 482 312 311 345 309 497 151 564 456 489 122 373 114 209 169
20
320 369 564 575 410 169 176 246 518 191 547 464 212 535 442 132 435 341 318 478
20
595 111 272 532 290 427 518 519 396 597 161 350 309 446 397 269 352 485 361 589
20
146 188 186 370 510 265 304 505 321 503 553 537 108 590 360 310 417 512 162 228
20
132 135 528 118 218 390 444 110 327 202 511 263 409 311 215 458 319 311 378 154
20
380 227 492 394 404 360 414 297 102 512 339 110 179 519 532 292 482 583 146 450
20
426 502 241 228 448 465 597 448 291 135 188 556 376 485 187 386 572 287 223 272
20
263 358 477 446 413 423 247 347 584 558 467 469 365 261 395 261 527 298 440 387
20
512 474 351 362 144 154 203 173 401 207 458 473 377 150 415 137 376 514 200 335
20
439 343 548 479 154 410 533 232 205 222 113 411 217 144 529 313 222 537 125 299
20
515 412 421 480 388 481 417 384 469 396 132 311 575 596 447 423 288 286 571 113
20
545 273 528 171 324 415 240 382 168 180 114 188 134 216 392 510 379 482 528 239
20
134 556 498 365 568 103 452 321 529 131 383 210 333 182 126 184 161 390 213 480
20
409 258 232 286 453 456 459 239 425 231 410 350 213 583 125 324 309 282 374 272
20
567 113 475 320 402 419 464 115 553 519 418 223 292 478 389 433 182 500 239 173
20
495 106 459 159 207 528 420 491 176 221 173 530 503 178 147 155 213 479 477 483
20
599 233 337 250 337 190 101 338 323 570 273 460 259 436 438 267 597 144 366 426
20
561 292 365 453 572 121 138 306 582 393 577 138 186 253 470 446 467 355 351 310
20
208 550 408 208 546 466 546 140 411 128 364 279 374 600 358 530 346 282 483 210
20
398 369 512 571 423 543 592 177 434 325 354 381 153 587 525 266 261 499 317 430
20
472 305 140 502 171 337 357 147 478 583 426 258 285 297 459 568 481 539 474 151
20
156 584 123 461 215 118 574 130 297 269 560 547 242 508 369 300 563 495 341 372
20
144 447 422 598 410 479 486 316 265 175 453 100 339 282 162 498 383 335 175 485
20
424 309 107 433 167 582 507 600 207 199 146 597 295 190 505 211 303 475 545 541
20
551 176 260 452 414 492 147 462 589 128 160 462 128 592 488 174 395 117 393 519
20
566 324 127 357 332 347 536 274 144 207 113 323 260 598 176 128 457 190 588 319
20
104 275 316 148 394 263 164 285 378 546 482 590 194 393 501 513 216 181 321 156
20
401 228 567 589 424 421 274 195 166 261 492 525 130 150 288 301 414 135 298 531
20
423 215 122 209 225 533 168 435 515 175 532 355 399 272 593 377 484 587 526 225
20
553 310 468 122 171 272 126 332 412 546 538 314 177 155 574 154 349 580 335 293
20
218 304 471 470 369 241 492 292 522 185 585 451 539 549 357 204 552 403 349 289
20
362 159 280 129 429 315 508 220 539 439 564 472 156 442 538 517 156 439 584 483
20
484 101 492 438 518 176 341 167 449 334 325 390 521 521 109 575 128 405 434 234
20
220 486 294 124 293 124 181 424 190 293 202 375 549 165 384 149 519 289 505 496
20
135 598 457 526 543 242 162 293 190 273 407 141 317 579 172 371 114 459 506 337
20
594 240 191 148 164 231 483 429 425 373 458 204 430 364 293 311 247 153 165 227
20
368 414 131 427 311 530 366 534 155 413 349 249 146 245 356 305 159 138 314 114
20
367 343 170 295 199 557 197 571 317 492 449 568 163 130 431 462 305 442 171 422
20
285 117 178 304 231 571 231 206 267 466 293 221 231 277 396 230 406 582 523 521
20
562 173 578 542 139 248 298 270 477 433 124 191 423 446 535 550 387 526 530 445
20
462 258 378 382 454 487 548 166 390 204 460 381 138 265 564 392 283 525 569 385
20
548 407 111 347 217 169 282 223 245 570 379 552 570 238 385 370 347 327 342 479
20
463 345 378 482 493 221 518 587 505 451 114 582 541 411 235 107 453 189 353 275
20
433 508 190 595 161 271 364 145 357 399 568 167 176 495 201 312 279 281 551 171
20
538 369 549 308 134 179 507 218 495 397 239 375 479 175 169 336 405 229 551 507
20
358 481 528 301 242 325 578 431 248 583 128 444 526 121 472 346 395 414 362 276
20
590 580 461 319 335 359 197 551 530 512 227 410 296 135 488 179 281 341 196 510
20
539 353 489 169 461 259 379 294 398 404 563 389 138 344 256 137 305 373 390 576
20
440 231 110 509 548 460 172 278 206 158 414 124 534 106 127 422 230 593 405 315
20
271 292 435 485 249 414 107 322 525 508 291 379 562 570 329 283 568 360 429 205
20
565 255 581 530 543 225 325 106 218 362 247 245 116 390 473 443 353 154 515 128
20
495 540 306 381 450 187 328 144 311 204 474 237 410 511 527 349 442 380 150 402
20
256 188 294 522 552 311 544 405 546 190 298 370 248 462 453 291 331 109 503 177
20
219 222 237 466 295 102 241 391 269 306 199 149 190 188 131 352 388 115 368 372
20
311 541 285 575 570 422 195 489 110 224 449 240 247 368 142 341 371 257 342 196
20
110 599 489 525 433 155 289 234 174 386 505 407 340 150 161 400 394 433 232 505
20
267 290 166 148 153 163 404 106 587 196 505 599 129 478 349 145 455 569 219 340
20
230 544 374 531 354 488 377 470 276 479 349 420 226 384 394 427 513 221 300 150
20
510 523 108 332 377 408 367 189 586 551 485 141 438 431 570 240 524 540 436 298
20
275 589 142 273 461 331 237 258 241 176 501 422 512 159 497 477 398 227 250 332
20
410 196 435 481 441 498 362 303 338 364 349 459 284 289 310 180 183 129 175 354
20
185 436 240 570 212 112 327 111 507 456 172 301 368 486 182 529 495 479 466 147
20
124 449 378 293 318 254 491 452 404 345 477 449 524 179 338 221 463 286 427 449
20
116 305 481 114 209 531 312 535 214 490 186 563 567 111 181 210 429 176 402 282
20
131 598 521 335 555 453 207 322 421 357 380 486 304 423 359 341 197 240 199 534
20
533 518 481 523 147 319 116 171 481 136 503 516 371 519 501 474 276 126 106 131
20
367 538 598 532 486 205 257 223 576 560 158 356 111 288 452 569 336 587 194 202
20
355 462 502 299 138 581 362 416 349 347 217 581 529 410 209 416 529 464 423 234
20
308 577 337 138 109 573 516 556 448 189 447 254 523 535 560 360 319 324 355 138
20
183 476 194 226 148 221 423 289 504 156 575 201 484 530 248 306 512 133 147 554
20
287 254 316 107 387 234 425 227 208 248 174 479 537 173 489 176 285 380 467 503
20
375 215 543 521 581 198 337 466 564 478 407 457 191 130 324 454 339 137 588 270
20
457 596 419 267 262 439 239 558 153 219 143 435 173 567 392 239 387 352 181 125
20
206 492 275 284 456 517 440 150 127 357 232 329 362 339 518 449 206 568 505 323
20
497 185 273 550 319 131 313 340 478 589 194 503 391 540 406 168 252 378 252 530
20
389 595 331 226 254 538 510 304 171 579 522 128 276 295 115 360 174 334 138 495
20
449 210 187 303 404 445 431 298 164 216 479 263 465 466 384 118 259 406 485 345
20
304 483 440 430 475 216 387 495 557 210 539 283 434 442 243 452 227 582 428 181
20
441 202 313 492 564 103 251 239 157 299 421 283 187 401 498 337 197 481 371 365
20
580 215 354 222 379 428 402 254 124 305 219 330 273 382 223 283 405 486 578 598
