150
20
105 216 451 249 416 512 234 200 568 102 581 272 311 455 168 236 585 179 509 588
20
258 170 319 380 447 542 236 262 175 218 483 579 551 195 472 224 460 274 345 303
20
307 179 531 552 279 273 174 528 368 297 202 488 282 352 559 343 112 387 257 320
20
533 566 188 167 560 332 510 545 124 186 217 302 510 114 260 279 376 417 174 166
20
229 429 197 195 332 502 336 189 154 317 154 132 302 534 291 146 574 238 468 508
20
281 473 198 467 358 349 172 422 127 163 530 285 509 496 454 393 422 283 351 267
20
531 223 238 202 194 145 589 226 441 574 529 280 193 138 107 337 463 176 348 545
20
540 105 193 128 107 269 225 144 397 322 326 356 375 349 135 586 192 204 359 406
20
514 497 589 460 430 270 368 257 469 125 174 592 107 492 323 587 496 177 463 464
20
218 335 294 258 534 396 517 494 443 232 276 308 518 169 226 348 257 329 153 532
20
388 495 255 135 593 474 138 193 485 531 588 357 416 329 387 329 547 451 348 240
20
408 277 319 259 491 391 264 271 343 582 136 271 397 105 313 351 387 151 178 575
20
207 500 306 291 220 220 207 126 553 414 163 260 531 314 138 233 143 151 215 589
20
374 328 203 550 487 139 457 237 518 503 435 112 267 184 492 454 264 459 459 269
20
268 585 375 184 393 171 332 277 115 329 576 328 490 463 194 114 114 248 318 168
20
174 163 351 107 353 408 298 329 565 500 504 195 441 131 275 482 594 292 459 506
20
358 318 512 506 192 261 371 433 174 113 317 583 153 434 246 123 567 230 105 104
20
295 317 383 158 507 417 587 210 144 132 477 106 112 346 117 531 579 214 203 461
20
426 496 521 241 515 412 322 144 305 335 342 260 148 404 234 587 343 468 287 517
20
442 501 151 135 386 334 591 451 211 363 287 308 538 371 109 345 508 306 562 424
20
520 448 590 240 431 587 263 209 138 212 169 128 448 432 237 500 204 220 318 213
20
212 408 315 567 375 133 369 209 321 284 306 127 129 327 144 547 581 407 497 451
20
452 341 512 188 466 385 341 247 270 153 178 455 244 312 573 254 121 261 510 290
20
257 472 200 468 184 585 484 271 474 269 587 199 555 423 326 156 344 412 595 446
20
578 518 219 410 328 546 554 281 425 394 499 264 497 584 108 536 293 181 580 400
20
561 549 177 399 118 465 482 532 191 215 234 571 526 179 181 326 256 327 544 103
20
276 459 532 242 193 218 405 448 460 541 514 311 257 190 223 100 123 307 475 522
20
546 162 128 568 229 527 576 377 106 223 357 393 191 281 268 399 121 220 191 532
20
302 264 557 274 220 336 475 314 379 514 366 273 431 136 385 571 589 359 497 471
20
155 277 405 249 144 441 440 516 468 319 402 393 229 236 412 286 367 233 276 545
20
268 583 156 470 491 109 381 392 595 450 483 175 296 218 523 315 599 288 461 417
20
576 463 447 428 529 101 379 565 116 129 341 450 104 458 277 366 353 335 585 420
20
179 407 379 153 410 525 360 295 511 366 120 385 213 182 544 158 436 472 321 223
20
234 531 347 533 420 381 516 461 168 134 192 564 315 422 468 338 120 182 188 363
20
108 423 583 474 560 503 486 503 104 570 128 382 600 450 401 373 392 133 580 471
20
159 286 334 550 284 318 530 593 402 363 517 491 160 289 550 276 544 273 582 476
20
246 159 436 556 177 309 127 504 370 356 186 249 148 552 429 450 372 395 105 361
20
450 444 457 348 447 400 535 126 568 200 537 269 261 223 526 304 554 454 231 303
20
458 113 223 512 369 148 564 520 461 534 309 558 342 588 424 174 487 560 386 140
20
454 326 359 321 531 435 298 532 403 321 373 284 319 521 457 342 258 209 456 411
20
167 365 148 401 591 214 561 537 221 113 468 313 337 562 393 461 569 360 474 181
20
102 197 300 527 591 552 123 385 118 505 511 337 526 486 384 187 487 395 566 201
20
519 394 481 391 269 358 135 333 443 275 503 353 420 185 162 219 377 592 161 102
20
585 117 349 368 463 428 303 448 526 522 342 484 195 179 527 302 200 134 170 504
20
207 471 339 268 360 171 199 118 116 227 341 482 492 263 419 414 475 304 151 569
20
514 220 490 432 256 464 230 301 313 325 227 345 190 475 397 235 584 119 540 467
20
326 171 177 127 367 152 315 556 355 344 458 256 251 377 302 222 402 287 417 576
20
352 362 457 162 536 593 353 541 540 387 268 188 200 456 480 595 390 457 528 460
20
100 504 130 168 161 555 345 528 468 175 152 555 575 323 337 166 282 160 360 556
20
493 388 393 310 390 220 266 513 217 361 133 413 547 585 411 573 377 157 558 559
20
164 343 361 361 461 128 478 423 290 484 373 300 333 270 454 567 410 452 403 269
20
510 156 248 492 156 470 344 346 190 291 169 387 456 289 535 476 547 393 240 387
20
532 207 455 240 368 541 377 509 572 402 167 408 351 422 199 153 550 141 152 311
20
368 386 232 509 270 423 333 286 242 595 341 349 344 252 197 306 301 529 260 462
20
390 256 203 288 103 221 181 599 118 144 169 289 348 141 260 396 242 118 549 190
20
570 533 596 590 151 222 571 256 371 511 154 571 183 304 181 205 213 400 206 222
20
581 455 271 503 135 136 378 146 507 395 570 289 471 351 156 433 176 201 482 347
20
579 190 186 566 234 138 591 542 544 278 328 546 314 256 164 351 522 381 388 495
20
190 309 570 468 355 254 533 438 168 141 407 513 137 379 557 157 113 138 475 579
20
350 419 189 563 402 531 145 279 398 505 453 448 113 591 240 344 565 343 145 302
20
172 589 535 291 457 530 561 370 318 585 377 104 443 576 276 372 301 309 107 255
20
111 398 375 290 365 238 370 551 409 212 306 506 184 306 122 101 290 312 562 314
20
415 342 173 589 573 562 480 190 496 203 148 390 579 406 271 576 491 395 474 289
20
270 371 314 114 446 576 552 459 530 156 263 145 184 106 412 184 418 392 237 236
20
349 295 281 234 448 296 562 572 347 102 395 474 500 196 305 511 335 582 266 291
20
548 224 124 284 486 321 425 213 107 328 471 216 485 205 355 378 306 591 576 410
20
174 232 335 389 122 402 568 471 380 210 286 348 393 168 505 351 251 574 450 564
20
148 217 400 161 249 159 188 395 111 441 408 500 397 257 219 588 223 550 133 275
20
210 261 126 250 524 277 561 186 391 300 528 426 247 408 191 574 385 240 531 499
20
135 210 195 249 367 531 326 520 471 528 216 209 239 487 475 564 238 527 162 286
20
354 289 304 572 132 222 428 594 570 284 346 372 338 136 432 152 278 445 303 447
20
185 370 224 280 294 424 129 364 411 117 356 530 596 527 366 144 301 274 339 289
20
463 175 157 541 461 369 154 416 421 297 547 247 577 366 597 251 113 382 524 554
20
157 466 303 246 395 477 461 442 400 317 394 105 426 271 383 369 143 245 124 406
20
208 355 178 238 338 379 401 447 423 471 502 294 212 427 509 369 329 313 195 546
20
348 570 508 502 395 549 149 548 482 102 472 546 547 357 298 569 117 319 474 156
20
438 104 243 514 151 527 142 505 243 485 445 310 245 167 405 397 312 484 104 495
20
551 416 595 465 472 253 198 432 441 173 348 489 240 339 122 163 591 468 188 519
20
121 199 427 374 443 232 304 379 426 434 308 209 211 346 360 584 512 230 248 304
20
485 392 121 426 403 328 361 468 488 165 292 524 353 557 482 127 238 474 118 539
20
221 588 517 407 510 288 344 558 402 518 143 369 234 535 367 156 347 465 105 115
20
566 198 133 452 370 538 557 206 570 307 312 408 388 578 366 430 489 112 352 300
20
362 598 285 310 223 279 399 455 554 160 338 254 554 102 165 249 433 430 293 439
20
302 117 334 365 461 481 363 133 195 329 491 565 528 326 411 542 531 150 317 517
20
322 307 440 568 398 367 346 432 395 584 341 298 493 202 330 145 170 447 545 373
20
359 131 421 537 260 514 102 243 341 464 158 588 479 467 146 155 354 353 380 401
20
570 401 256 340 599 164 492 166 174 496 123 377 358 455 541 269 532 244 297 235
20
385 550 176 538 294 501 480 498 292 417 138 379 330 239 195 371 357 445 469 252
20
380 506 564 246 442 158 299 493 334 401 299 445 259 146 480 481 360 248 599 368
20
398 546 336 464 596 473 528 334 556 108 415 239 430 372 413 579 450 376 423 536
20
311 294 139 233 237 526 209 503 404 282 564 460 367 252 319 125 545 470 386 226
20
172 316 555 470 186 464 474 529 106 524 450 595 291 500 366 261 286 310 578 313
20
415 540 530 333 540 506 158 574 560 364 113 437 144 175 413 592 319 325 580 310
20
267 473 548 181 215 545 460 503 197 577 414 547 396 367 351 376 567 538 427 449
20
268 119 360 144 388 251 202 260 483 256 583 466 526 382 227 435 203 252 590 379
20
415 112 116 595 290 209 232 442 108 203 519 388 593 114 387 598 348 132 194 339
20
450 506 150 292 167 352 507 251 260 396 278 445 364 482 507 225 409 475 468 458
20
484 234 272 214 279 169 582 148 438 322 460 336 188 405 477 338 206 177 405 382
20
510 557 315 508 102 242 213 337 504 463 454 326 542 597 471 557 144 474 295 111
20
218 236 370 112 590 152 362 384 542 330 178 498 362 177 534 599 158 539 143 459
20
334 594 371 500 122 540 207 367 312 536 427 437 195 395 525 578 113 202 362 318
20
206 539 180 307 437 262 196 190 191 534 307 131 290 372 359 403 141 545 531 465
20
243 132 493 564 164 567 428 568 419 139 391 517 473 470 327 364 203 340 250 285
20
123 208 226 157 504 165 342 224 243 376 169 470 496 592 272 533 202 480 335 191
20
154 159 274 309 125 582 225 498 173 530 198 433 329 434 418 510 168 225 170 507
20
142 596 420 318 569 171 417 365 408 324 480 224 382 589 295 267 524 109 354 414
20
541 367 570 381 180 207 159 499 593 430 218 407 367 222 563 436 119 470 427 185
20
472 265 217 288 123 138 208 119 347 513 270 446 427 424 465 461 119 421 533 158
20
580 391 166 170 182 383 295 430 219 100 333 573 307 345 450 485 197 118 181 550
20
203 470 513 144 273 322 501 102 472 565 428 282 107 104 579 199 311 264 412 424
20
519 230 243 529 557 574 325 464 351 477 130 537 172 106 526 138 193 243 382 491
20
132 200 381 531 442 271 259 242 513 319 341 464 288 366 201 338 276 141 358 143
20
210 543 556 457 205 210 195 201 311 243 596 329 595 156 211 451 551 383 352 105
20
497 351 176 249 158 199 596 342 244 524 375 199 290 370 191 410 130 574 477 166
20
455 519 147 487 105 393 285 305 237 379 421 286 355 117 524 482 409 479 584 586
20
140 558 548 135 404 184 219 505 122 235 568 569 537 434 542 512 239 549 281 387
20
124 276 493 324 239 330 520 352 447 338 172 304 260 550 567 543 137 281 396 160
20
125 121 186 329 477 311 319 292 560 286 582 593 508 497 571 106 502 387 100 512
20
423 372 568 139 515 130 395 532 279 318 484 321 489 367 487 573 199 268 242 101
20
454 435 459 177 557 456 363 279 297 147 119 142 162 507 451 124 337 547 455 488
20
540 410 249 388 261 148 442 212 338 425 124 209 535 411 236 434 455 504 147 394
20
474 395 423 519 147 526 533 415 557 254 305 412 320 548 146 470 279 107 412 114
20
372 253 177 343 283 103 305 412 248 204 354 570 411 429 430 421 574 596 132 552
20
572 519 462 591 172 481 112 165 525 167 116 434 298 407 282 356 252 581 305 189
20
564 112 485 344 552 588 399 268 562 178 128 213 211 384 217 535 205 359 351 162
20
585 435 224 350 297 137 563 255 398 407 416 262 455 418 340 281 554 421 402 337
20
465 170 491 133 348 563 537 138 487 135 520 521 285 191 298 432 284 279 437 347
20
191 557 516 236 461 276 310 543 441 124 301 595 297 412 227 569 282 175 378 266
20
455 339 357 116 351 530 478 505 135 170 208 396 407 358 319 122 469 599 433 354
20
250 487 295 599 145 473 390 118 286 370 581 188 567 241 499 139 340 237 307 242
20
410 254 586 247 217 345 415 531 304 340 347 132 326 597 330 329 547 576 311 269
20
422 408 286 223 288 530 314 334 284 141 225 187 553 333 438 292 377 327 565 212
20
499 255 278 455 557 209 440 361 211 520 274 187 457 470 434 206 501 145 549 391
20
533 344 502 188 472 313 450 221 455 251 295 316 532 542 527 257 369 482 215 175
20
440 369 205 220 391 155 387 458 581 460 391 412 328 165 413 150 160 299 153 164
20
527 448 242 511 241 598 212 272 241 362 312 468 518 317 276 493 299 102 124 484
20
370 289 130 547 344 576 578 144 134 411 493 298 490 373 235 438 323 471 364 562
20
310 331 126 474 100 268 439 574 596 382 586 360 231 402 361 493 546 197 265 554
20
161 398 282 310 373 283 366 335 574 278 530 221 568 572 250 566 125 316 403 565
20
288 153 149 413 536 124 516 530 255 286 397 149 540 554 308 183 518 138 568 376
20
384 465 534 435 490 507 224 568 114 499 159 123 403 365 225 149 455 283 331 445
20
444 372 393 143 204 156 303 317 185 119 169 211 300 378 277 228 233 330 105 541
20
359 349 348 577 232 462 439 499 515 524 160 479 151 422 484 302 102 392 267 195
20
488 564 298 491 258 573 172 294 566 505 220 257 142 309 527 442 551 373 309 290
20
165 450 217 597 144 287 251 114 577 368 446 524 518 341 277 586 486 179 146 497
20
297 139 219 432 358 401 210 342 558 575 311 315 430 115 243 377 106 142 546 186
20
395 391 393 248 283 395 500 260 278 525 447 371 249 572 401 376 561 525 451 481
20
561 381 492 121 371 259 426 282 443 472 403 240 478 504 590 405 222 370 107 176
20
191 137 286 245 189 447 484 521 117 595 208 325 383 328 462 555 380 316 574 471
20
587 331 274 521 434 263 595 526 461 135 331 473 214 318 350 150 318 559 314 201
