150
20
583 381 470 450 438 181 300 411 104 293 247 431 200 556 365 519 524 294 534 240
20
377 512 190 232 401 236 130 302 181 379 281 260 184 212 324 588 595 266 195 279
20
340 406 289 310 500 518 265 387 230 363 299 362 377 320 480 522 227 440 374 270
20
344 302 101 188 462 443 419 261 332 589 346 139 448 177 266 417 112 269 142 286
20
500 220 530 523 373 187 331 366 399 192 536 242 366 212 128 482 346 583 361 166
20
558 279 544 179 370 580 171 154 162 485 181 261 414 441 265 193 476 218 410 158
20
566 438 240 131 406 480 298 198 470 534 360 366 266 399 513 569 542 459 191 458
20
492 414 158 290 365 207 239 310 480 494 400 449 176 428 483 462 413 551 169 126
20
432 338 232 182 371 342 171 110 433 268 180 114 488 313 228 330 598 154 381 444
20
212 490 600 523 328 263 194 508 385 229 137 559 174 407 216 161 338 446 316 353
20
283 532 374 504 141 125 568 592 203 354 111 421 472 565 106 199 493 249 302 351
20
364 285 181 265 482 474 331 353 171 298 472 350 283 483 371 308 335 240 409 297
20
360 161 124 428 242 195 128 126 296 533 379 204 525 478 183 460 382 543 172 206
20
151 308 470 299 423 174 259 568 541 139 133 362 109 507 543 230 197 301 263 202
20
421 394 476 303 438 444 553 229 107 292 445 177 373 387 549 391 500 312 570 267
20
227 589 590 582 428 101 394 529 262 109 532 368 485 176 526 373 556 355 426 165
20
319 105 101 268 570 239 370 560 177 246 275 467 385 201 248 123 382 384 225 570
20
303 357 476 503 339 119 505 486 420 538 543 530 326 182 561 444 128 202 527 516
20
134 534 423 561 406 299 555 504 543 167 453 132 323 335 551 287 226 449 465 127
20
451 224 139 202 452 309 120 279 354 461 414 361 161 101 180 565 434 116 401 328
20
380 127 232 482 594 224 298 143 178 425 175 586 451 200 291 557 118 355 570 511
20
371 417 199 338 573 105 193 483 212 580 134 207 161 572 338 540 391 136 475 197
20
267 102 308 392 378 202 317 551 556 123 570 300 429 542 229 153 123 487 187 393
20
271 218 508 254 193 507 411 313 442 508 196 121 316 367 341 315 468 584 421 439
20
279 566 526 438 431 490 100 512 519 468 551 338 580 220 410 220 238 352 190 535
20
215 455 326 184 384 529 241 225 150 484 292 153 427 219 542 574 322 586 461 133
20
466 428 158 445 152 120 508 593 168 490 292 482 514 592 258 555 300 185 347 527
20
268 155 204 456 221 309 549 399 342 546 570 254 253 151 230 353 366 419 396 324
20
462 162 153 236 324 434 422 270 149 253 485 251 540 363 511 593 478 550 154 236
20
454 240 277 582 361 566 122 380 285 222 189 501 114 305 114 315 380 310 402 303
20
514 504 551 286 444 463 120 542 271 139 145 154 196 296 307 306 379 325 101 306
20
357 323 191 286 204 157 557 347 146 234 457 259 543 448 368 492 340 456 180 530
20
141 130 572 233 202 365 232 170 309 550 163 454 486 380 370 358 471 242 530 382
20
146 538 596 509 465 231 558 457 219 187 418 267 471 302 548 320 410 521 546 572
20
480 316 161 265 404 489 125 551 362 590 111 469 484 161 428 139 133 440 115 546
20
164 566 573 454 219 334 140 208 346 383 589 261 529 318 455 335 406 137 385 121
20
566 259 242 373 508 435 328 424 484 598 593 579 468 379 542 419 240 560 582 477
20
165 103 302 560 498 404 299 162 310 297 112 262 269 435 495 524 310 586 319 257
20
156 423 316 452 493 568 600 277 353 310 264 553 473 571 160 182 352 194 329 378
20
292 498 375 114 357 399 122 174 180 292 534 102 141 188 213 152 117 562 291 265
20
176 256 257 109 339 184 513 318 421 297 318 124 410 237 253 286 376 232 336 141
20
366 531 318 198 181 486 430 576 350 446 255 586 587 496 192 211 150 138 448 430
20
364 546 462 538 407 397 433 135 175 466 268 232 507 134 282 255 356 399 137 421
20
586 579 390 566 105 242 357 396 334 499 332 346 162 414 297 537 392 543 249 387
20
150 494 238 112 411 492 291 498 501 107 329 391 534 472 597 305 370 411 547 231
20
302 477 464 108 528 379 325 313 457 352 244 336 456 395 357 147 192 251 255 587
20
185 148 130 431 581 236 323 570 415 449 500 304 274 322 322 509 336 157 487 294
20
253 312 100 551 145 350 284 403 508 394 351 469 488 291 313 594 270 527 384 312
20
103 465 390 375 407 334 363 480 500 220 254 354 320 172 371 418 438 392 355 463
20
117 365 414 444 189 134 274 318 196 417 251 106 310 140 316 446 279 121 230 125
20
266 161 296 476 553 401 559 116 567 306 273 499 397 490 316 426 495 355 163 456
20
347 375 452 460 204 119 203 503 382 308 169 410 461 528 566 105 465 390 574 200
20
179 166 487 246 395 522 104 273 327 220 111 521 586 535 592 117 436 350 111 115
20
167 470 590 503 320 388 297 491 596 439 160 233 438 189 534 290 474 396 402 344
20
145 528 149 469 204 145 568 268 101 547 392 205 316 458 261 548 186 105 318 163
20
365 540 150 542 250 563 293 552 509 288 512 189 271 415 326 106 513 341 575 106
20
322 353 454 251 147 474 424 488 354 195 328 410 109 128 174 551 207 259 529 105
20
586 447 211 252 118 178 588 130 594 412 258 102 375 586 599 529 182 571 111 519
20
149 170 279 348 127 374 338 171 520 485 271 283 472 137 436 512 401 503 218 297
20
374 522 135 175 408 211 409 203 336 364 296 234 178 360 512 351 258 155 591 278
20
540 458 453 293 340 574 267 593 557 190 187 520 250 380 383 320 459 567 350 355
20
406 442 382 291 279 489 242 594 189 408 221 131 428 508 328 113 537 406 551 220
20
418 156 121 546 435 316 422 391 255 100 157 283 593 445 510 187 486 593 327 478
20
486 165 390 378 322 330 419 415 498 522 261 296 584 516 355 324 515 118 144 489
20
332 594 378 567 315 400 188 326 425 447 294 357 522 448 323 534 184 399 503 471
20
112 410 553 200 561 139 460 158 435 187 527 226 481 530 210 548 519 132 230 173
20
249 286 200 128 288 204 433 509 527 402 249 522 578 318 191 297 236 292 120 412
20
243 258 535 426 263 367 241 371 193 489 180 100 301 378 429 331 432 406 364 252
20
168 364 360 144 337 326 351 181 448 182 257 415 331 398 594 153 149 371 581 202
20
259 351 147 477 326 286 193 458 473 228 133 482 461 121 409 299 131 165 434 193
20
554 230 505 243 533 371 102 553 413 323 229 481 411 540 303 311 304 215 422 348
20
266 138 246 462 450 239 238 574 446 490 563 169 499 157 492 374 534 319 345 569
20
286 381 165 209 356 140 588 282 477 276 260 122 437 596 131 250 418 425 420 582
20
478 138 399 409 583 164 569 413 579 191 505 337 584 389 280 341 405 200 464 231
20
236 188 572 549 329 159 380 500 173 101 260 350 323 284 480 258 130 253 246 322
20
474 278 213 452 469 173 267 177 258 592 195 152 123 588 287 394 279 250 100 291
20
279 571 122 305 133 328 343 459 172 164 271 345 530 129 583 296 525 187 504 404
20
272 405 553 294 299 124 303 331 180 140 480 489 289 362 538 324 168 188 448 361
20
314 426 506 266 448 244 160 357 116 469 210 270 475 327 176 218 488 465 240 440
20
324 394 170 399 597 248 523 316 321 296 243 456 270 326 128 388 451 127 175 179
20
182 441 158 388 533 544 520 567 208 552 352 256 326 130 227 540 529 236 410 339
20
100 243 145 390 167 114 228 374 543 426 475 303 133 216 446 217 432 496 132 397
20
372 479 199 279 404 505 436 146 179 550 564 242 207 553 554 342 329 266 467 221
20
337 464 194 439 292 451 276 393 298 227 505 140 171 382 280 198 539 163 106 344
20
515 136 499 386 335 395 339 143 360 312 319 381 147 405 209 399 582 112 361 482
20
266 100 190 349 522 190 300 508 519 512 491 534 105 271 594 443 506 479 312 392
20
398 345 483 179 266 310 284 279 387 220 201 323 163 163 183 153 393 161 543 223
20
493 559 243 254 397 223 474 146 560 152 498 564 383 342 188 503 184 240 429 284
20
534 270 180 432 277 260 570 235 160 355 275 510 244 279 493 457 121 545 180 267
20
470 378 563 108 526 432 500 392 382 541 565 280 365 102 441 228 575 251 179 511
20
506 355 109 205 259 239 523 424 202 188 457 204 206 334 205 432 176 250 247 261
20
332 600 366 597 556 513 528 202 295 385 125 360 372 482 304 343 335 377 427 410
20
574 393 294 332 558 193 213 213 292 549 100 148 186 332 252 538 498 480 232 301
20
394 141 541 205 222 242 316 352 284 515 113 197 315 369 515 294 317 464 205 385
20
139 255 488 147 202 150 277 160 133 140 386 205 351 385 445 503 268 300 518 278
20
378 350 551 490 365 565 142 311 482 282 444 474 161 266 287 447 353 288 107 174
20
454 385 581 207 557 208 501 345 232 309 348 166 255 513 592 242 368 383 367 240
20
129 597 291 229 263 556 119 417 195 593 355 556 133 335 122 545 564 203 395 545
20
377 572 204 471 496 168 306 371 580 250 445 343 432 429 179 496 202 198 107 484
20
446 451 434 584 277 443 324 398 569 329 499 312 359 277 317 343 495 535 522 303
20
217 234 378 453 331 259 218 441 557 465 222 237 198 439 476 328 478 533 163 272
20
497 597 447 247 405 239 581 396 427 565 175 343 373 430 358 571 155 135 269 467
20
523 299 163 490 297 274 179 434 221 398 424 594 520 570 245 473 484 600 529 508
20
308 445 312 187 576 594 488 456 166 397 541 224 550 498 494 582 503 263 365 436
20
539 599 289 402 375 292 137 383 232 567 592 423 532 435 335 152 479 578 554 227
20
227 193 520 472 139 119 419 317 499 446 241 111 494 229 519 117 476 337 422 190
20
129 354 358 267 302 210 380 174 341 177 223 102 493 170 267 436 291 153 450 188
20
463 421 496 149 379 179 552 445 490 394 389 133 374 422 510 284 281 585 418 308
20
198 320 413 426 572 587 350 124 104 521 502 291 492 595 425 590 577 150 349 414
20
140 152 280 160 424 584 465 118 187 318 482 559 107 306 575 466 465 256 540 362
20
532 512 532 308 145 384 542 529 334 294 183 221 389 316 388 438 138 554 175 323
20
241 152 263 226 340 364 374 313 263 287 281 282 102 514 343 389 290 228 534 410
20
264 456 220 242 352 121 594 137 507 533 144 135 137 367 181 524 342 171 418 434
20
505 230 480 385 254 592 570 270 159 104 529 223 586 585 399 109 115 571 506 486
20
334 352 375 146 352 124 522 215 597 335 466 416 574 343 156 238 280 408 165 301
20
537 349 275 573 133 389 499 138 272 524 114 227 186 214 467 205 211 189 359 488
20
307 260 211 156 242 139 383 591 329 173 153 541 434 251 577 256 373 106 282 188
20
399 521 391 328 156 221 361 418 252 135 543 349 154 568 481 208 378 536 201 141
20
522 458 400 398 332 500 183 200 108 358 257 405 280 272 130 102 200 119 363 583
20
272 123 333 145 406 360 324 351 227 484 476 206 142 577 542 428 135 261 597 443
20
113 265 131 268 115 514 294 440 512 533 418 485 529 230 472 262 189 592 258 516
20
376 140 418 392 305 531 129 167 403 420 534 419 454 237 299 255 381 457 423 471
20
469 286 251 231 106 276 101 223 166 205 313 279 282 182 582 538 198 565 397 169
20
246 407 319 116 542 522 445 450 578 461 325 221 324 396 300 355 389 229 556 240
20
443 215 306 377 121 112 460 276 236 482 101 253 221 237 156 361 260 223 421 239
20
262 541 596 579 335 366 522 471 424 143 192 184 482 238 511 430 400 433 401 364
20
547 385 456 424 176 353 458 404 249 416 288 131 597 231 379 278 311 355 180 136
20
100 187 484 217 452 481 301 239 183 156 398 373 595 135 328 289 387 540 289 530
20
407 401 570 504 337 397 531 106 222 113 137 442 122 241 133 178 202 270 335 454
20
274 299 370 169 222 328 363 122 487 452 167 358 415 139 424 324 547 481 230 421
20
416 232 276 133 547 313 483 380 496 212 596 110 133 209 429 488 395 227 503 477
20
173 376 483 458 369 116 305 370 535 202 413 519 300 420 399 566 459 537 473 169
20
207 121 257 393 227 334 359 249 219 415 337 160 356 367 421 370 339 402 247 312
20
154 399 236 275 490 291 587 259 540 382 507 414 318 487 555 387 297 546 521 488
20
233 246 396 329 587 544 420 288 145 372 195 407 199 248 168 438 392 521 354 513
20
107 115 144 521 393 323 212 238 576 390 133 260 370 240 426 353 140 550 286 351
20
424 547 306 507 419 436 391 349 416 503 573 176 344 328 316 288 119 291 338 417
20
419 131 511 517 152 553 451 117 479 429 305 250 483 186 324 391 172 257 149 110
20
357 294 384 400 337 108 356 402 209 446 278 457 532 262 546 374 347 569 262 496
20
473 399 208 520 298 221 118 468 554 505 480 399 461 303 417 246 353 255 223 351
20
281 516 106 275 539 510 227 424 496 167 425 520 193 215 110 375 159 203 100 504
20
260 117 190 252 519 575 209 396 304 205 306 210 590 197 356 315 135 334 523 453
20
443 272 478 508 588 167 163 407 120 324 397 133 568 286 452 456 114 432 184 328
20
256 323 157 288 376 305 530 130 534 390 238 600 385 120 485 435 282 282 472 241
20
176 498 111 372 518 556 581 282 424 433 511 493 350 199 308 307 319 543 203 541
20
247 538 327 150 509 415 510 325 506 527 362 250 479 492 183 600 115 446 325 304
20
437 174 277 491 301 415 320 599 240 410 406 437 293 518 259 354 572 265 348 413
20
523 271 273 399 596 384 469 254 416 262 163 107 141 304 114 509 478 390 208 517
20
404 369 366 155 462 131 451 166 305 154 131 303 365 353 525 116 217 420 456 317
20
214 466 331 394 534 464 209 246 371 173 121 133 526 567 582 581 247 316 468 349
