150
20
150 273 321 103 365 339 357 521 210 161 281 298 463 529 271 316 362 504 226 529
20
249 288 437 383 581 446 137 559 594 461 387 205 505 244 357 145 307 487 145 279
20
423 597 439 201 488 507 210 347 267 415 208 311 499 420 412 283 435 436 484 441
20
200 143 479 152 509 285 374 474 226 161 403 254 233 140 523 597 186 128 558 318
20
487 358 588 226 206 403 216 117 560 514 176 226 313 367 377 105 336 529 249 389
20
149 234 496 197 203 132 227 489 416 334 289 206 263 266 202 172 100 219 316 312
20
503 573 124 105 274 587 334 219 429 166 508 162 590 451 417 162 194 231 549 142
20
571 461 495 220 504 570 383 410 388 560 375 262 532 500 549 596 121 417 362 598
20
341 480 436 329 470 363 570 482 470 262 599 490 299 164 598 565 555 455 212 130
20
304 558 195 437 111 362 515 409 110 209 329 122 592 113 444 179 150 383 151 196
20
309 552 457 355 241 433 498 489 227 256 287 565 385 582 465 555 598 165 352 336
20
191 443 488 417 253 492 554 476 370 508 317 116 436 312 473 227 374 336 498 228
20
550 491 299 268 226 266 542 269 381 311 541 237 307 122 258 522 424 346 354 172
20
210 245 577 552 245 425 549 147 116 473 454 192 153 482 144 478 366 364 499 363
20
200 565 204 333 428 534 222 131 304 199 424 549 449 472 229 454 163 416 348 315
20
402 145 288 493 180 283 150 211 592 498 298 358 204 372 582 523 352 129 410 203
20
432 240 584 328 111 394 501 502 596 507 131 110 546 262 156 458 269 412 272 397
20
346 487 408 543 216 477 588 251 332 529 181 542 272 468 143 179 273 201 515 564
20
414 234 113 195 477 461 161 139 373 269 145 140 530 401 135 549 450 219 138 167
20
573 553 310 219 461 342 299 313 351 240 319 164 326 498 242 434 325 117 504 152
20
530 132 545 141 116 563 508 226 364 102 394 366 207 319 101 377 475 382 381 179
20
365 186 538 309 369 549 304 545 429 557 592 382 403 391 328 206 440 449 296 567
20
574 296 341 303 550 547 481 222 394 168 501 427 350 464 403 196 553 560 533 565
20
107 143 228 263 153 330 449 497 183 563 111 351 201 162 338 144 566 178 446 274
20
332 323 296 138 197 211 513 427 223 494 428 412 268 482 155 599 417 307 291 549
20
573 268 139 122 449 239 403 499 355 538 440 361 237 500 370 111 117 313 286 133
20
231 268 477 436 348 116 280 547 558 291 405 385 266 540 363 223 251 244 197 575
20
285 104 481 120 245 302 266 300 413 539 252 422 372 562 249 400 291 579 538 425
20
210 378 211 305 305 489 153 576 387 479 407 522 324 557 596 397 382 188 112 185
20
205 504 306 127 475 127 140 503 583 287 223 280 491 296 546 307 296 264 257 113
20
476 508 494 103 208 437 220 456 139 593 569 106 573 423 316 154 247 440 129 444
20
346 177 264 463 118 524 491 139 419 243 418 396 131 587 385 544 256 163 238 124
20
250 416 478 514 211 476 181 175 110 367 416 450 362 553 286 424 597 416 316 119
20
249 345 296 376 220 437 298 277 521 210 163 191 129 119 307 193 256 249 256 189
20
139 373 410 479 588 167 106 486 431 286 597 421 351 169 180 535 512 200 370 523
20
147 203 205 419 228 400 150 575 595 160 480 308 225 592 270 474 477 151 593 328
20
447 277 117 397 532 477 157 193 554 378 224 492 229 579 201 506 178 353 600 181
20
264 266 117 465 118 107 260 469 248 301 593 459 588 590 272 112 384 250 267 226
20
356 520 522 251 408 458 355 315 122 177 237 362 252 242 394 132 483 373 564 373
20
209 254 311 401 238 185 200 363 165 473 243 208 569 209 352 219 310 187 169 252
20
425 328 562 447 487 261 447 237 216 323 403 426 429 221 351 573 372 536 445 452
20
525 150 262 456 342 425 103 459 460 393 508 394 382 342 219 428 147 589 337 544
20
553 342 586 275 247 427 557 224 539 515 238 117 435 159 402 180 476 123 256 114
20
275 492 420 240 111 268 569 513 442 337 118 129 250 565 289 215 122 382 505 504
20
171 118 202 194 269 435 529 590 107 151 217 312 525 395 285 363 549 577 477 538
20
588 114 526 488 528 557 474 430 203 159 237 464 406 288 406 305 498 224 222 464
20
380 549 377 135 439 400 432 259 559 439 205 131 445 128 109 133 464 250 144 561
20
443 592 536 237 542 533 236 223 421 549 555 366 433 213 413 511 424 517 172 552
20
137 187 196 148 228 400 508 479 534 485 163 410 290 533 416 498 546 213 286 224
20
528 219 577 218 173 112 185 390 508 171 126 362 343 145 149 569 214 108 456 260
20
325 212 554 302 484 593 119 226 203 534 511 274 491 417 136 238 224 451 445 192
20
435 372 346 201 126 356 576 286 490 392 253 323 157 210 477 453 593 157 313 579
20
453 383 314 316 313 243 122 585 189 262 432 390 566 524 388 522 384 585 401 264
20
488 255 416 224 465 559 421 521 279 587 556 220 148 317 164 517 208 587 156 146
20
485 463 301 496 372 346 483 470 275 343 567 551 125 121 303 507 513 372 552 474
20
172 156 109 117 458 574 484 260 157 236 322 137 292 473 373 382 456 500 187 443
20
188 446 269 351 555 314 367 148 554 347 415 137 332 136 585 131 290 229 155 380
20
487 352 389 232 295 270 485 455 377 436 588 185 548 407 539 506 574 221 597 370
20
488 328 202 403 593 153 521 561 541 501 446 260 393 175 381 433 192 394 190 554
20
349 420 428 183 570 125 290 445 185 428 148 296 347 578 412 136 317 373 570 134
20
410 521 574 429 198 139 178 487 140 217 177 467 596 555 289 113 399 141 242 154
20
421 592 362 531 322 174 390 585 453 142 316 533 278 438 493 151 397 202 182 183
20
284 188 245 167 393 243 273 283 559 221 373 579 130 328 110 331 413 365 396 481
20
185 169 408 534 362 272 543 470 108 576 441 307 337 353 173 538 350 455 426 211
20
497 203 347 337 418 525 374 322 357 246 127 178 233 530 322 473 429 238 179 448
20
173 379 337 429 452 239 223 532 434 415 535 519 175 420 493 197 117 523 395 347
20
456 215 158 161 174 409 411 579 149 509 130 402 465 104 482 501 482 462 420 538
20
133 228 174 148 343 201 165 275 494 526 539 197 131 411 404 532 254 515 440 279
20
322 333 179 159 397 214 185 431 157 363 299 498 216 183 296 224 121 387 413 166
20
579 270 322 387 534 277 540 541 247 145 497 302 514 576 243 488 378 456 394 584
20
312 154 503 327 504 376 360 316 478 142 422 102 375 299 407 242 259 354 268 392
20
198 300 566 168 150 318 593 392 540 149 474 342 303 541 390 245 236 239 499 161
20
319 343 413 544 367 312 343 207 534 253 286 312 399 394 166 322 113 151 224 390
20
163 311 434 229 477 144 532 124 102 103 511 504 211 391 148 566 519 163 202 305
20
264 351 304 354 516 300 275 338 439 217 320 253 258 146 497 254 534 429 517 334
20
233 436 128 553 596 156 279 148 378 598 561 251 139 564 534 175 522 565 126 197
20
153 238 515 589 244 432 183 531 594 187 229 273 531 507 542 598 281 578 279 273
20
383 217 294 547 222 566 389 203 582 159 119 575 335 412 462 274 280 156 154 457
20
195 169 536 218 394 318 384 341 503 568 351 558 174 432 423 297 114 550 298 167
20
305 516 568 404 161 481 540 219 322 435 171 177 134 346 482 523 523 512 279 207
20
209 229 522 104 412 588 312 238 191 422 592 430 587 158 453 457 139 550 350 110
20
467 460 369 103 521 274 600 538 408 221 106 489 137 257 544 391 419 246 568 517
20
391 185 113 137 493 129 325 436 593 312 357 346 263 144 243 476 387 560 458 160
20
501 359 284 253 364 352 510 472 374 236 502 404 172 295 315 448 318 360 549 374
20
193 260 462 419 432 585 500 159 138 485 384 516 510 112 471 108 229 413 482 539
20
213 401 479 362 395 453 203 520 560 179 269 344 264 547 303 248 522 106 432 258
20
574 259 287 465 180 294 170 143 188 218 101 339 296 145 402 372 368 443 272 117
20
201 146 525 333 563 103 197 193 202 374 199 312 547 594 472 164 119 491 474 468
20
524 541 443 340 236 471 447 418 260 452 538 537 379 238 456 530 370 464 517 155
20
471 517 155 240 261 542 218 194 162 167 290 290 410 487 498 265 473 530 177 283
20
126 173 411 433 520 497 263 363 275 235 188 341 125 221 557 375 193 114 562 312
20
139 232 325 295 481 101 144 256 158 222 574 161 472 529 166 409 576 444 422 109
20
492 560 409 239 524 258 367 282 456 264 423 551 150 459 474 330 273 252 264 396
20
586 523 124 457 293 246 531 393 455 267 177 308 346 366 416 238 484 175 109 121
20
505 231 140 537 176 552 247 286 326 362 459 422 361 154 303 123 259 400 311 390
20
581 375 458 574 150 552 254 548 276 108 547 596 407 128 396 233 150 387 311 333
20
327 331 365 346 505 260 408 513 348 183 397 249 288 315 267 467 188 515 482 315
20
319 569 217 310 435 392 336 373 243 542 351 502 402 242 214 364 518 133 246 221
20
272 122 528 578 575 234 330 500 267 493 158 403 481 421 159 514 394 288 473 218
20
290 519 394 366 487 357 338 536 558 473 309 121 313 233 114 525 420 310 397 331
20
530 442 320 467 463 106 359 188 415 381 582 390 403 377 413 384 420 327 399 345
20
478 225 161 488 402 429 530 536 228 272 359 129 174 480 503 479 503 593 572 357
20
126 515 108 390 518 455 394 519 188 340 146 558 183 269 140 568 370 179 319 496
20
503 420 255 314 572 432 200 539 291 223 127 103 251 139 418 551 188 490 547 561
20
264 441 314 146 519 370 588 411 477 260 229 573 366 465 208 532 244 276 287 508
20
592 456 533 260 545 139 174 358 430 267 355 115 597 141 564 365 479 111 120 562
20
221 468 232 292 319 324 240 583 551 120 534 522 561 153 302 365 398 114 150 413
20
253 488 370 222 333 256 430 430 169 441 411 569 200 218 168 461 380 197 358 447
20
399 463 508 464 147 345 134 437 163 266 166 106 489 265 107 301 265 463 488 253
20
516 468 123 326 319 481 582 549 193 112 431 241 501 371 470 451 408 252 162 359
20
285 448 188 481 146 376 229 469 320 425 137 481 590 327 568 436 558 599 119 526
20
121 522 179 139 462 303 202 572 190 423 180 269 545 565 155 165 240 565 454 197
20
423 283 129 532 450 564 526 140 117 549 334 129 107 262 524 225 490 594 262 268
20
409 114 454 469 404 158 446 498 276 201 370 102 240 324 447 555 385 451 466 562
20
269 292 416 144 318 576 371 355 462 402 500 361 545 392 416 160 119 273 485 527
20
528 306 156 539 345 307 364 334 152 150 153 524 380 406 168 456 528 244 268 286
20
193 297 374 256 455 413 490 587 246 559 109 553 405 334 184 573 324 118 486 468
20
427 525 146 528 268 265 514 300 299 541 151 586 358 451 365 473 397 182 334 116
20
571 460 424 150 220 235 208 535 171 532 318 414 528 378 390 197 166 230 241 553
20
500 468 232 148 332 197 363 153 165 160 565 378 321 572 540 260 139 374 542 311
20
454 173 318 190 321 310 145 344 415 302 318 559 137 176 410 304 401 484 282 285
20
349 145 167 266 214 453 374 598 326 228 170 571 398 352 499 223 116 218 467 171
20
202 418 458 467 535 159 166 450 272 336 177 107 368 578 478 106 222 523 506 456
20
238 416 168 184 257 488 416 327 224 144 371 554 395 577 226 157 225 352 361 407
20
327 343 175 242 597 397 448 207 367 426 511 227 300 263 600 123 152 593 249 532
20
211 298 354 449 580 315 286 547 467 236 508 195 401 254 440 283 317 281 333 419
20
230 413 156 596 303 102 331 358 344 306 359 399 560 298 107 406 485 301 159 275
20
570 556 584 378 489 169 586 146 123 219 134 542 494 248 170 262 595 242 512 467
20
390 180 347 435 550 487 312 599 519 179 516 249 501 123 341 341 399 218 214 467
20
491 345 471 531 349 111 102 408 358 242 218 550 436 587 378 114 365 548 511 479
20
119 581 299 585 422 274 461 347 541 197 315 366 289 561 133 151 391 298 592 139
20
269 121 494 587 505 212 424 233 247 526 236 420 582 486 343 512 342 413 185 291
20
565 300 389 396 514 510 152 352 502 319 581 118 572 105 584 393 424 370 488 374
20
332 132 129 370 301 371 591 483 465 218 483 376 220 135 508 294 438 120 520 343
20
369 404 507 468 472 480 156 247 522 430 469 392 461 567 441 542 595 234 139 517
20
326 256 379 516 323 539 427 422 473 100 309 365 469 582 124 133 436 222 539 335
20
569 536 594 160 272 325 479 551 426 121 116 404 465 362 427 467 287 157 198 569
20
530 576 323 402 181 574 347 175 337 216 202 246 195 194 564 311 275 349 409 280
20
193 332 484 161 472 498 345 146 204 215 175 157 188 180 564 403 325 257 539 574
20
561 485 350 471 404 550 294 108 370 211 181 354 593 461 196 117 146 300 529 448
20
275 117 187 446 581 442 319 595 231 301 100 396 254 233 555 433 345 478 436 291
20
415 167 247 325 197 212 257 362 299 187 568 249 550 549 208 585 398 469 171 600
20
535 280 221 233 320 507 266 111 514 258 173 480 278 556 166 465 108 256 583 469
20
149 336 543 519 450 101 368 506 149 140 491 496 267 121 441 541 372 192 113 174
20
105 348 243 327 445 142 417 246 374 429 220 138 395 212 551 518 357 409 362 290
20
497 219 212 470 353 458 453 159 124 122 336 340 179 372 287 373 228 503 172 228
20
578 126 418 465 202 128 346 497 391 353 561 332 109 363 559 496 259 596 288 278
20
526 359 193 192 339 164 553 599 209 536 367 546 238 279 521 393 352 128 224 519
20
518 177 377 100 244 502 453 406 472 418 515 423 196 342 444 256 551 220 473 258
20
232 169 174 305 167 285 598 544 587 344 523 285 504 506 264 532 244 510 494 133
