150
20
108 336 134 574 282 371 138 223 365 537 141 331 594 173 226 459 477 303 462 365
20
468 456 498 430 572 539 414 343 515 580 477 264 310 328 253 514 555 532 597 324
20
166 407 383 258 480 569 199 458 515 107 202 549 161 144 302 415 353 545 445 571
20
218 429 337 128 291 479 379 210 243 371 557 240 310 190 222 329 142 242 418 236
20
450 419 530 548 164 241 228 470 332 430 460 511 487 447 271 290 595 524 214 414
20
533 276 500 454 347 464 223 309 369 586 577 360 115 472 238 289 574 231 201 172
20
359 392 223 194 177 278 300 433 182 536 409 402 195 552 551 326 324 494 313 525
20
235 464 501 394 317 425 409 372 284 430 167 597 581 417 331 586 457 462 560 413
20
130 201 172 312 238 435 275 368 201 465 487 553 516 408 499 467 373 200 476 336
20
600 194 384 554 410 226 403 379 355 456 394 115 579 204 483 565 501 102 565 436
20
293 187 582 507 135 564 531 233 543 598 103 191 348 419 193 564 600 181 193 182
20
130 293 211 487 525 272 396 313 443 165 441 578 128 121 137 561 510 244 115 238
20
166 175 124 133 534 235 208 160 413 273 323 288 438 191 385 329 478 100 173 503
20
109 151 341 367 504 197 223 522 286 425 515 156 388 309 385 294 213 242 311 401
20
406 230 104 197 392 236 438 538 280 173 315 466 160 243 527 344 513 433 396 232
20
221 272 172 140 162 544 458 131 184 547 288 209 490 136 429 582 490 423 528 256
20
328 492 486 362 360 387 375 352 156 165 560 148 116 172 232 222 183 136 545 505
20
140 556 383 167 509 372 345 124 362 533 531 358 535 491 451 340 448 259 585 441
20
120 330 127 469 550 392 177 337 143 458 588 543 491 264 288 475 431 142 234 491
20
243 463 514 110 259 462 228 486 379 467 548 554 478 550 139 201 113 376 165 405
20
542 507 325 413 406 426 168 257 345 551 501 188 204 513 381 577 188 582 408 387
20
565 221 354 539 365 229 296 336 103 489 313 214 551 423 575 167 503 412 284 119
20
539 248 322 366 169 114 420 450 168 450 359 100 122 394 365 451 287 549 505 210
20
584 422 446 426 213 442 202 209 428 281 130 217 583 100 263 261 223 469 503 163
20
111 374 272 177 311 241 127 214 148 507 490 308 127 458 280 580 368 202 320 150
20
498 180 516 373 394 568 389 124 291 571 465 330 563 148 575 173 409 572 408 290
20
108 224 274 245 413 318 484 144 454 530 483 415 466 535 297 341 315 339 462 471
20
338 319 403 108 341 544 458 486 153 356 234 429 349 437 458 249 257 600 480 490
20
436 289 130 134 224 217 597 309 267 499 210 444 539 180 429 342 375 114 362 464
20
309 349 517 526 312 155 581 155 210 264 544 444 496 126 410 422 342 299 224 573
20
309 189 450 345 444 599 371 451 442 196 454 488 254 192 462 576 226 495 297 413
20
116 585 275 288 439 443 165 279 249 580 532 137 393 581 218 172 320 459 568 278
20
171 405 290 550 397 411 587 113 502 522 588 297 509 440 311 453 377 288 361 529
20
200 511 356 426 547 324 204 367 541 255 300 598 447 482 584 433 430 316 130 180
20
553 522 190 444 492 227 276 256 315 189 361 504 404 331 394 295 559 114 356 230
20
414 183 557 301 569 435 317 289 312 327 364 151 256 151 194 434 283 170 294 382
20
411 567 368 453 100 144 472 306 504 438 502 225 250 487 567 277 410 410 282 386
20
417 484 149 571 541 111 284 156 457 272 495 556 285 558 222 508 451 565 156 567
20
525 575 315 504 161 574 453 144 432 214 261 317 521 524 326 451 311 576 336 187
20
490 576 265 277 551 375 573 536 263 553 351 234 472 376 409 279 419 282 280 570
20
431 398 355 296 157 362 509 467 576 122 243 278 212 244 487 351 591 208 440 308
20
424 345 227 164 591 274 469 291 405 307 547 388 357 555 527 303 534 112 106 185
20
184 189 322 594 563 530 254 540 539 397 325 537 146 342 393 348 250 222 600 410
20
316 127 194 281 186 546 325 556 281 189 154 226 187 152 273 438 440 211 165 186
20
468 592 349 322 371 368 497 166 498 297 441 581 233 418 273 182 262 273 261 418
20
343 113 505 255 230 145 366 514 380 303 228 386 508 453 442 214 148 355 306 181
20
149 265 538 527 351 325 328 419 396 195 347 598 223 171 256 222 407 425 562 465
20
551 565 476 123 256 333 192 338 369 116 576 469 197 493 107 426 328 303 421 591
20
582 369 542 380 207 403 348 340 171 261 432 297 311 570 508 128 547 353 317 493
20
485 415 261 307 252 438 316 425 366 595 297 125 256 589 307 417 447 205 540 285
20
413 392 253 180 171 102 550 313 494 177 528 485 548 303 438 561 312 144 533 312
20
244 218 238 111 333 280 569 320 527 388 252 164 335 220 423 508 197 341 562 402
20
549 278 548 235 309 297 446 280 161 288 127 451 307 194 521 498 361 438 521 335
20
265 147 189 165 391 495 167 588 424 449 262 216 534 459 145 553 467 334 418 299
20
364 195 270 351 169 133 530 435 407 550 223 124 459 386 369 545 260 269 341 207
20
258 385 173 252 106 367 592 463 557 432 529 256 409 135 138 402 481 270 275 413
20
564 101 501 162 230 351 591 445 471 465 236 373 490 331 396 120 229 430 407 507
20
290 157 408 588 459 149 516 536 574 357 234 362 416 408 406 434 457 473 377 518
20
364 255 285 215 227 588 416 282 248 278 471 232 537 407 404 310 429 549 514 507
20
116 544 117 308 417 177 423 493 294 266 305 574 279 549 540 403 359 492 176 241
20
441 420 290 186 545 451 490 189 526 323 398 575 594 529 553 187 384 472 478 276
20
227 540 490 185 512 552 327 412 432 572 285 290 456 370 239 341 271 151 375 212
20
371 386 465 511 503 345 164 201 281 387 256 378 208 256 356 442 591 468 260 529
20
522 339 176 188 173 312 184 514 421 180 282 289 306 353 140 481 354 220 362 594
20
321 384 577 265 555 430 276 431 344 222 273 593 334 591 440 402 290 215 383 483
20
453 117 100 593 357 212 350 560 238 482 187 500 103 455 428 359 101 294 377 108
20
593 369 251 186 589 197 511 512 575 574 454 239 539 451 568 202 398 117 168 474
20
313 512 492 202 353 320 409 119 509 239 260 124 346 359 510 421 310 390 517 416
20
138 225 238 389 144 583 211 409 154 447 256 395 523 374 140 485 351 377 249 459
20
277 573 248 567 432 269 357 442 468 188 390 373 449 596 522 598 113 152 400 158
20
464 453 205 438 200 368 348 542 331 232 301 220 122 234 351 327 245 104 329 239
20
589 228 407 236 114 279 252 597 422 552 296 495 312 516 435 129 200 401 418 221
20
197 585 297 265 178 385 519 167 581 157 492 374 430 317 384 527 415 179 574 456
20
447 251 340 198 193 193 510 189 532 351 219 133 596 551 522 372 568 512 166 205
20
285 180 583 284 345 359 572 462 576 118 525 585 101 271 559 261 373 305 223 145
20
288 494 454 498 173 338 399 110 600 148 305 438 171 500 324 452 250 161 402 421
20
147 162 175 582 354 318 528 314 210 332 327 200 171 205 574 263 167 205 525 274
20
179 424 143 284 319 523 224 136 472 374 231 590 217 339 184 167 354 577 195 287
20
326 229 278 145 311 126 111 279 589 456 133 328 315 512 242 519 274 233 171 506
20
277 307 199 197 281 416 280 387 438 233 575 487 426 247 197 452 449 156 414 517
20
545 550 549 592 130 460 133 435 148 383 346 475 183 400 304 528 333 306 566 452
20
138 283 371 553 269 158 364 225 138 364 326 131 245 228 151 226 226 293 529 382
20
594 345 379 148 499 126 431 119 279 468 592 284 443 108 407 247 551 134 535 440
20
524 548 375 110 218 122 343 423 194 340 346 437 182 508 292 104 238 377 513 474
20
453 165 101 224 326 315 454 332 448 150 361 555 381 318 276 245 427 583 338 408
20
555 146 217 519 540 556 490 121 341 578 376 305 108 243 266 213 142 153 132 304
20
560 192 264 238 564 202 162 595 356 294 458 197 578 582 331 551 202 301 246 120
20
176 334 401 191 386 162 175 221 543 550 152 108 526 182 413 245 405 346 248 272
20
521 115 394 198 588 376 481 219 500 505 519 550 251 123 412 529 189 220 506 579
20
402 446 186 200 508 479 108 479 414 511 161 223 545 563 222 599 428 362 137 224
20
463 499 179 318 423 288 595 334 285 346 181 230 542 373 146 189 474 538 352 194
20
572 320 234 596 478 530 485 138 427 197 191 163 555 166 363 525 390 450 483 198
20
260 274 351 116 108 466 125 493 264 344 414 323 442 554 262 495 415 558 350 334
20
163 106 502 580 499 195 244 421 104 374 265 308 366 471 500 312 164 576 580 600
20
305 230 155 351 153 525 587 302 204 180 544 106 287 384 379 329 302 444 556 406
20
430 120 368 121 203 258 536 315 101 137 180 364 248 176 204 413 150 388 251 191
20
244 246 232 540 471 167 317 149 397 587 257 240 147 209 574 110 251 426 159 513
20
306 465 425 274 474 497 246 282 169 362 198 564 391 357 506 338 105 330 228 484
20
466 557 537 161 225 125 583 340 180 568 577 108 325 301 546 514 545 109 560 249
20
214 177 220 331 176 284 256 415 589 566 179 293 520 571 378 213 199 287 320 178
20
220 547 128 350 487 218 286 123 209 561 591 215 418 109 146 136 376 156 174 518
20
472 329 377 527 284 100 600 472 301 445 553 282 367 425 323 149 119 115 534 296
20
521 567 240 347 170 279 538 377 110 357 496 317 465 409 571 579 129 415 378 588
20
404 453 211 557 323 122 159 472 321 443 258 408 430 399 495 525 519 456 523 513
20
215 382 525 353 534 534 377 563 413 366 142 250 363 287 212 342 393 223 252 462
20
492 329 104 449 521 345 174 445 519 305 527 389 341 182 382 448 536 248 283 458
20
353 399 120 517 371 296 184 591 454 306 336 575 137 376 153 420 316 113 106 336
20
239 267 356 477 317 570 322 473 352 516 151 516 162 158 437 432 168 144 588 103
20
502 127 412 288 265 246 109 570 483 269 204 227 440 168 270 589 591 582 310 264
20
235 347 323 374 373 310 127 137 397 266 147 164 142 558 319 588 470 368 347 247
20
584 341 578 430 409 392 101 134 246 195 573 227 102 153 591 306 122 199 101 535
20
388 390 594 520 185 236 136 330 404 503 594 336 106 436 184 507 371 465 381 150
20
357 557 172 421 431 126 548 462 497 134 583 211 306 175 364 521 375 201 472 139
20
518 208 452 531 254 342 170 276 282 475 562 455 195 175 150 190 578 145 441 572
20
231 422 478 288 101 441 493 161 461 415 182 509 374 143 304 596 172 483 570 420
20
481 153 491 524 114 301 436 288 372 211 167 282 122 417 239 274 187 331 232 102
20
113 564 244 109 486 136 510 422 462 306 589 560 277 410 116 592 361 181 300 498
20
103 232 524 472 350 233 394 361 258 332 265 214 465 587 589 196 356 287 460 310
20
400 535 458 411 395 228 247 381 575 556 364 469 136 335 330 119 342 597 362 215
20
563 594 424 547 331 109 194 585 136 255 321 374 240 568 584 498 155 465 259 204
20
159 550 235 385 384 448 518 505 507 180 574 283 420 566 398 522 172 497 263 286
20
273 251 523 590 548 319 128 171 326 141 268 124 324 462 576 265 110 536 512 433
20
228 448 276 558 502 110 408 318 349 105 339 544 508 554 105 316 366 314 255 221
20
447 583 497 554 557 386 374 309 485 366 156 165 187 147 477 300 587 419 205 373
20
173 532 577 355 370 227 441 563 122 319 599 350 323 223 592 532 125 524 203 176
20
526 427 390 391 460 535 156 349 415 433 134 446 330 487 247 493 304 171 448 157
20
524 431 519 397 551 501 222 180 387 223 571 560 117 270 494 339 578 457 583 563
20
146 267 403 121 324 295 369 321 137 568 387 467 409 586 306 444 599 440 389 286
20
516 549 414 264 488 504 254 231 453 238 285 124 470 498 494 336 358 382 427 504
20
207 166 360 252 383 251 473 370 428 472 173 134 451 359 387 101 596 142 269 281
20
171 291 206 364 139 222 304 189 571 243 182 266 325 553 563 128 135 516 543 213
20
322 317 364 271 295 499 142 481 181 186 231 439 572 172 448 447 577 458 489 324
20
199 292 532 531 505 278 384 393 543 562 195 597 292 302 578 579 188 194 414 538
20
272 319 100 110 400 575 383 398 217 259 199 584 338 399 402 202 540 443 239 498
20
505 390 162 476 273 145 276 455 427 560 545 577 332 579 562 283 371 151 469 347
20
537 539 514 294 479 412 579 138 295 111 236 360 308 262 384 377 433 401 262 419
20
473 163 592 270 371 203 431 361 144 103 572 166 212 278 151 126 286 481 563 294
20
148 489 135 484 313 297 153 130 436 440 520 295 220 191 416 241 258 375 391 468
20
386 450 142 493 458 399 423 153 586 500 535 240 531 109 568 201 353 304 481 430
20
310 387 578 307 460 361 304 580 119 119 235 556 534 541 442 485 249 410 250 147
20
406 412 495 370 476 217 273 587 593 461 228 464 288 556 254 235 329 150 452 258
20
434 255 539 388 423 565 358 513 352 555 518 297 131 124 566 430 425 314 397 585
20
303 405 484 213 329 549 592 471 120 385 159 497 231 121 291 333 435 537 151 241
20
481 139 509 252 534 256 545 478 242 338 535 470 477 434 221 303 144 593 418 328
20
523 218 210 339 389 575 419 470 581 151 439 156 421 101 500 130 127 467 154 211
20
152 153 593 502 159 304 146 583 517 432 464 461 426 381 469 352 521 466 332 461
20
457 302 219 390 151 352 588 137 257 273 285 325 338 379 397 322 536 595 580 113
20
426 310 119 330 289 273 282 245 386 457 570 283 210 385 520 118 450 224 502 453
20
224 340 299 594 211 262 221 321 219 591 353 356 130 172 303 111 576 302 413 340
20
130 544 463 473 286 184 293 545 488 371 374 467 540 184 129 343 401 214 285 445
