150
20
410 176 569 389 181 142 505 256 336 484 176 388 353 378 139 454 463 368 362 232
20
269 466 186 109 116 490 427 157 255 470 584 131 361 580 560 583 461 230 555 269
20
571 138 573 140 334 206 541 312 219 405 191 584 190 255 472 551 458 598 341 487
20
317 503 500 516 465 486 112 289 225 180 402 173 154 398 570 152 360 400 429 359
20
584 297 379 481 190 264 166 578 567 502 433 214 499 490 444 104 250 388 175 128
20
336 155 470 291 532 115 531 326 349 200 416 349 406 501 537 444 505 444 153 307
20
524 432 285 112 358 466 355 490 312 139 217 467 526 105 323 231 229 125 471 133
20
346 351 286 345 561 591 472 364 136 536 295 210 229 159 145 154 423 593 576 528
20
287 295 170 402 241 218 566 428 515 468 573 438 536 393 151 114 491 338 439 131
20
550 485 481 298 464 573 131 417 128 463 141 110 265 478 471 431 599 407 463 419
20
396 327 521 437 587 121 349 329 242 456 358 548 283 473 495 117 127 265 249 252
20
592 311 566 340 536 501 296 357 137 243 476 547 419 552 226 220 586 548 298 156
20
234 110 498 457 330 466 333 123 331 528 414 586 361 524 258 170 401 400 298 173
20
138 236 210 444 198 543 243 256 572 282 514 223 553 475 225 481 130 320 508 269
20
431 342 312 599 166 200 141 435 207 457 600 451 177 581 342 406 273 582 246 318
20
406 189 362 279 108 323 448 153 544 287 209 114 465 375 337 322 214 107 451 375
20
522 213 155 360 401 335 327 574 485 469 250 528 470 167 184 564 428 394 519 172
20
272 213 200 325 434 477 188 326 302 331 520 544 143 368 296 565 423 145 599 499
20
512 187 495 226 106 370 463 129 271 542 271 506 213 317 163 527 192 581 123 599
20
512 477 520 156 151 454 352 534 458 444 477 359 134 256 536 161 558 380 215 470
20
529 524 141 592 588 201 224 545 258 238 457 371 364 323 105 435 107 471 531 105
20
153 396 379 458 108 426 567 492 161 211 169 256 122 251 246 489 154 278 499 210
20
302 387 226 429 507 580 339 483 334 220 597 243 478 173 499 525 467 406 388 200
20
567 129 114 553 578 168 451 117 178 509 583 400 367 224 441 586 270 329 175 521
20
354 153 169 462 166 123 583 381 319 559 438 412 131 558 526 104 499 222 347 522
20
335 514 202 269 350 243 273 481 562 447 126 562 199 537 150 435 473 454 500 231
20
391 249 166 378 369 196 391 491 424 542 542 561 415 120 599 327 186 546 253 433
20
442 386 453 152 535 558 204 363 281 378 431 542 173 456 364 291 350 366 492 552
20
349 584 522 159 579 545 314 180 278 463 440 433 122 127 466 423 180 506 531 528
20
281 572 133 181 336 309 510 563 343 259 257 554 124 344 535 485 135 271 522 151
20
460 492 586 179 128 287 289 266 228 563 562 279 409 541 166 376 187 378 260 151
20
466 106 530 539 113 243 312 238 455 442 403 238 383 510 327 111 374 111 409 382
20
551 519 540 426 360 332 399 397 165 550 424 525 487 179 451 561 510 244 325 566
20
402 557 455 254 297 430 298 355 350 401 508 581 419 268 442 131 181 480 326 518
20
103 283 524 257 575 578 519 383 283 293 113 509 134 375 548 530 510 591 129 598
20
145 456 178 509 236 107 514 578 302 161 517 449 515 437 458 596 564 491 464 370
20
578 120 256 158 519 422 108 413 505 384 369 218 277 416 492 223 244 419 182 577
20
208 332 288 523 288 488 189 517 308 335 380 303 480 160 556 544 414 154 200 523
20
507 365 161 586 459 298 102 564 354 301 367 392 338 476 337 301 381 223 278 358
20
333 585 532 594 199 322 569 239 448 342 559 486 429 369 515 146 202 180 494 272
20
284 399 587 237 424 264 249 459 280 425 104 288 292 192 166 212 455 564 101 174
20
544 105 114 530 312 503 425 391 307 589 236 350 372 346 464 351 502 445 589 277
20
407 433 557 395 491 188 164 526 465 190 409 390 581 215 218 423 325 485 273 473
20
350 104 198 394 157 544 458 111 285 156 211 406 530 169 225 568 455 450 426 583
20
198 103 295 239 141 438 590 174 139 294 295 396 299 336 315 599 139 283 558 193
20
193 518 358 588 254 534 446 316 177 293 575 351 139 383 584 504 360 186 114 439
20
434 517 493 207 581 520 350 184 328 531 471 363 522 138 435 441 186 233 218 141
20
500 108 245 244 353 233 435 371 248 411 373 220 547 553 385 406 192 592 244 596
20
185 579 436 164 392 519 127 585 242 317 415 119 361 430 204 416 513 376 348 323
20
149 250 288 227 218 214 374 136 494 136 273 292 205 425 518 467 188 537 214 533
20
419 532 562 528 552 384 181 499 479 496 438 376 595 190 280 456 337 187 131 211
20
470 380 545 109 430 519 276 195 206 178 566 325 447 540 344 300 461 378 538 542
20
596 406 597 446 324 582 381 160 228 364 519 448 313 283 245 452 490 507 284 415
20
527 183 598 302 147 190 262 150 564 235 249 496 292 257 376 314 379 544 311 440
20
106 422 477 374 106 441 510 350 109 109 193 499 413 598 171 157 225 354 235 595
20
535 451 174 368 289 543 191 384 372 402 443 277 595 391 182 240 151 281 541 241
20
439 274 430 103 530 443 225 598 132 200 241 545 122 404 433 255 234 490 269 160
20
403 143 172 470 529 265 421 317 373 469 252 291 313 568 136 598 477 110 175 117
20
430 544 425 355 455 376 534 258 463 314 127 471 339 522 156 515 523 197 225 512
20
432 139 482 412 339 382 209 565 328 113 197 541 464 117 473 251 460 451 344 594
20
339 136 600 514 328 370 130 243 143 162 494 483 138 398 557 474 392 147 590 100
20
478 419 189 555 293 152 400 160 210 474 556 149 258 250 185 455 545 176 383 370
20
392 321 472 493 101 311 503 344 119 172 237 395 325 524 165 559 150 531 286 194
20
585 445 473 596 225 202 310 382 565 456 538 178 292 173 354 214 526 173 428 579
20
495 473 253 186 157 411 545 185 524 427 371 440 121 313 398 147 189 348 523 385
20
446 384 505 170 434 189 384 114 373 299 392 349 422 593 429 190 123 115 359 365
20
277 312 328 110 227 351 338 360 555 326 415 358 276 350 472 405 246 496 187 442
20
400 511 194 299 403 320 465 404 301 186 340 260 381 265 502 246 430 351 210 525
20
368 352 368 436 150 371 263 519 445 441 174 307 451 272 476 333 246 299 199 226
20
169 246 373 445 540 300 117 461 441 166 118 136 518 141 337 416 136 178 318 201
20
363 503 187 576 278 280 389 481 330 160 111 224 217 239 305 533 580 261 156 397
20
597 560 211 177 183 335 220 560 514 291 371 600 493 381 322 274 472 460 132 575
20
472 552 298 550 518 533 574 128 387 482 435 172 244 425 570 303 182 530 577 543
20
359 462 309 582 243 160 259 549 425 162 462 139 575 469 405 399 455 448 468 364
20
105 246 315 313 256 122 144 435 486 477 473 286 503 433 155 274 463 597 273 259
20
203 529 597 168 508 447 182 560 265 192 112 496 333 548 172 513 318 485 548 445
20
149 574 526 411 260 411 281 506 431 480 212 231 576 474 558 437 506 575 138 322
20
159 396 150 407 114 123 394 362 304 275 388 344 456 357 267 304 525 170 407 205
20
151 542 451 303 369 166 267 140 268 228 532 254 208 342 304 128 480 171 273 299
20
511 210 251 399 531 582 433 468 379 415 543 303 434 146 489 153 346 352 478 416
20
494 174 122 474 261 436 570 262 310 152 446 372 538 408 402 136 464 218 158 116
20
497 320 515 208 267 357 431 350 595 125 287 378 320 224 294 348 597 465 495 207
20
362 521 272 324 528 429 582 199 579 235 594 317 396 348 387 550 523 366 585 447
20
145 551 524 296 146 563 329 452 532 390 527 549 199 564 574 246 480 562 251 545
20
295 286 434 450 297 488 264 546 385 395 407 189 421 344 103 167 178 225 488 444
20
562 347 355 467 144 403 336 357 518 181 100 503 578 259 322 151 144 482 390 410
20
308 141 117 179 362 213 427 366 246 322 323 232 507 375 394 514 404 415 248 317
20
537 446 568 306 544 488 589 564 566 593 182 175 128 468 286 392 466 500 250 146
20
114 232 311 396 454 282 386 138 475 232 145 228 500 102 278 278 597 432 393 355
20
415 555 200 368 580 420 364 580 125 339 209 123 486 417 592 105 230 295 376 374
20
437 448 142 201 275 584 294 216 158 393 504 270 575 287 574 143 455 554 114 391
20
282 299 517 322 588 156 560 360 358 333 241 519 325 359 214 335 425 344 214 454
20
145 241 270 473 533 371 469 242 415 554 202 300 211 126 573 167 331 439 573 304
20
560 373 541 484 173 413 146 462 420 410 426 294 600 379 212 102 409 148 173 234
20
228 281 122 373 246 140 510 354 219 565 173 223 240 359 583 173 512 322 198 400
20
401 523 432 307 401 110 106 459 562 140 406 503 234 228 249 441 462 535 216 550
20
428 120 347 327 501 105 377 597 503 231 494 434 148 445 356 133 279 436 594 569
20
239 162 143 269 428 168 415 126 368 385 394 516 166 594 303 548 281 563 572 287
20
248 169 171 393 464 112 228 594 258 499 473 586 303 396 465 548 437 498 163 258
20
222 101 182 214 577 500 220 119 369 209 387 324 167 250 452 549 398 586 493 287
20
467 172 245 157 408 113 449 297 305 184 465 218 399 521 202 150 550 112 535 514
20
388 579 359 596 535 406 420 243 119 245 135 428 581 556 154 336 232 182 426 109
20
419 112 438 456 149 233 210 353 328 457 588 101 444 248 252 519 344 568 343 486
20
471 583 131 207 580 546 576 135 465 189 263 346 321 446 252 527 200 587 335 404
20
594 276 417 462 293 306 323 163 441 503 518 231 416 559 274 221 136 464 595 594
20
132 311 539 419 523 561 380 251 600 277 225 115 219 409 253 223 452 272 591 324
20
137 487 359 371 387 385 149 128 431 507 487 409 344 113 190 195 249 289 124 532
20
459 194 360 391 336 509 579 513 590 471 302 355 251 119 598 130 262 211 512 367
20
530 359 515 411 399 249 558 201 267 150 234 178 279 291 302 569 160 483 266 494
20
141 218 578 258 194 548 513 532 136 541 581 265 108 363 346 288 548 260 161 265
20
319 103 344 532 188 362 227 434 378 327 385 578 220 438 357 176 478 454 593 266
20
398 315 219 503 285 248 364 407 219 458 222 350 461 424 448 267 241 161 134 548
20
381 337 444 346 138 365 303 252 145 145 328 336 135 130 294 281 264 304 468 299
20
175 512 328 293 364 567 258 197 411 501 307 347 345 400 416 462 350 584 285 153
20
113 382 134 440 298 173 510 118 585 549 266 295 240 290 457 356 515 453 330 377
20
550 396 289 465 215 426 202 361 465 167 380 140 475 414 590 404 567 436 536 169
20
299 317 286 228 188 234 408 479 580 121 380 533 355 289 591 363 585 324 238 110
20
326 112 321 139 407 366 140 311 424 245 478 131 390 314 172 518 368 552 401 172
20
291 462 111 571 435 295 109 158 159 584 273 428 222 261 171 311 516 352 538 186
20
356 126 485 260 106 429 508 224 148 149 545 124 441 185 374 335 560 297 512 338
20
302 418 368 100 185 539 352 424 205 396 339 449 285 443 287 262 197 555 266 106
20
126 474 597 236 317 135 489 234 278 264 190 559 568 164 363 160 396 134 163 378
20
533 146 122 255 481 195 337 475 524 100 200 444 229 360 284 294 363 219 355 511
20
122 293 489 440 446 520 257 270 183 205 527 344 462 394 252 142 386 451 183 297
20
578 195 155 310 454 190 143 391 196 525 434 241 120 371 142 474 289 321 575 303
20
172 200 437 109 369 121 235 162 286 304 297 493 552 542 100 261 507 512 440 599
20
192 436 549 560 436 121 332 159 438 499 554 578 261 529 276 348 119 437 205 413
20
302 214 408 209 205 529 300 205 543 122 355 497 331 235 480 178 420 537 281 229
20
198 526 166 202 473 175 162 337 390 372 186 260 558 210 194 152 451 400 542 486
20
309 423 160 249 135 376 503 329 510 100 256 328 387 409 298 123 492 280 308 376
20
302 286 538 316 450 577 129 150 586 297 307 240 468 388 299 460 571 299 266 155
20
195 165 386 331 297 182 507 194 111 402 256 430 549 156 285 209 585 130 207 350
20
366 230 329 357 470 185 154 374 552 118 119 288 166 278 249 376 428 347 438 120
20
389 214 521 489 392 470 119 589 161 520 483 322 337 271 226 114 108 277 481 160
20
213 471 252 408 486 295 180 402 320 339 345 258 546 153 186 175 475 284 323 315
20
392 464 424 329 532 394 175 397 519 380 361 174 471 423 477 556 416 586 466 200
20
296 451 162 422 214 285 217 371 282 570 570 335 264 379 373 216 377 399 263 275
20
355 520 421 138 188 144 170 179 162 520 142 290 120 514 491 289 453 314 255 245
20
563 578 495 351 113 341 230 218 528 445 429 108 588 412 569 224 252 330 406 311
20
310 425 378 308 366 330 542 143 480 366 179 367 481 176 202 474 520 585 505 314
20
595 109 534 578 473 311 175 154 589 195 367 171 180 452 205 308 572 546 259 587
20
313 451 298 187 493 442 239 403 330 272 299 467 118 587 314 351 346 349 168 498
20
416 562 530 123 448 284 425 258 468 164 220 490 293 384 339 159 209 104 255 157
20
140 164 563 487 211 427 356 424 572 415 260 364 273 251 174 323 429 293 232 387
20
398 464 467 524 434 239 334 124 179 251 304 126 170 124 100 285 101 290 171 437
20
519 297 235 139 323 312 387 230 379 509 198 147 150 396 577 270 162 157 481 294
20
349 289 505 339 420 575 477 217 144 340 368 157 533 131 337 513 259 179 433 232
20
147 403 416 159 179 142 119 395 506 158 235 424 211 495 312 543 307 456 340 373
20
430 132 362 388 509 512 463 300 455 405 496 412 261 407 375 347 445 222 145 523
20
118 207 212 204 525 341 167 352 148 153 430 434 548 433 478 319 189 152 498 597
