150
20
227 593 347 397 499 137 126 403 183 589 587 460 102 276 152 561 107 238 555 460
20
158 134 249 247 193 210 355 129 586 255 511 363 291 533 164 398 153 561 198 406
20
488 529 286 540 595 197 325 185 470 354 297 377 598 430 488 202 545 503 427 324
20
251 184 172 422 554 574 507 311 338 525 393 568 375 553 184 437 558 540 214 193
20
453 319 181 484 435 148 115 364 203 354 573 534 104 327 194 565 103 566 505 352
20
404 526 561 162 588 590 121 434 557 407 189 292 432 255 588 314 378 271 318 580
20
333 381 357 343 152 399 596 360 385 578 232 149 413 518 409 104 289 254 140 424
20
593 508 198 110 385 571 587 423 314 204 352 198 396 585 571 436 102 577 245 305
20
390 211 531 547 328 304 534 243 511 288 140 547 270 249 117 233 275 360 250 249
20
528 109 594 113 389 342 284 403 559 115 337 241 554 497 257 596 452 192 505 459
20
350 326 488 370 473 234 305 165 534 147 188 172 293 277 172 462 126 362 318 578
20
287 497 504 484 565 284 291 188 376 462 341 198 563 430 427 327 125 108 259 461
20
128 513 499 101 566 117 429 177 426 392 462 123 217 519 109 322 375 424 460 319
20
259 496 231 363 417 407 385 323 240 418 237 555 309 341 268 490 210 415 180 456
20
155 190 104 101 550 528 326 429 187 507 106 398 121 504 190 221 227 189 400 275
20
209 487 591 490 579 428 148 324 143 169 366 243 209 546 132 300 205 480 544 569
20
492 402 462 210 110 559 111 472 314 466 541 119 183 224 266 427 111 159 236 123
20
370 581 161 316 147 414 468 227 253 330 326 247 591 387 443 225 541 480 582 578
20
411 412 600 310 520 197 397 493 449 164 540 402 509 417 345 170 522 507 576 341
20
123 110 278 299 389 283 464 479 478 387 288 345 468 303 493 250 424 390 563 289
20
372 155 228 404 332 523 241 388 422 118 367 208 260 222 490 387 524 163 336 257
20
523 372 262 428 348 260 242 261 385 554 371 573 279 592 578 516 560 413 304 583
20
450 265 100 215 463 532 167 537 572 148 211 102 167 422 126 427 326 113 347 165
20
536 467 143 477 425 250 222 376 205 444 328 488 195 384 113 443 320 181 205 304
20
127 566 122 319 416 110 592 164 397 501 100 116 198 258 263 288 240 224 240 347
20
192 574 242 374 389 296 379 427 450 409 132 347 365 300 558 334 587 240 236 155
20
145 219 247 343 429 139 594 443 483 158 138 315 283 389 259 379 280 459 212 575
20
458 577 255 250 295 176 581 548 462 225 123 118 155 155 280 410 519 347 222 215
20
455 250 237 221 306 509 387 495 547 404 390 508 575 382 382 312 266 288 491 501
20
310 287 399 110 473 560 531 551 565 103 213 562 241 592 263 422 132 115 499 222
20
260 347 201 421 102 397 254 138 542 340 533 255 111 252 192 563 204 548 352 225
20
176 268 541 197 379 273 538 484 571 460 186 466 519 215 109 433 212 492 464 373
20
214 115 408 281 148 295 261 389 442 122 470 552 545 456 565 437 357 481 212 176
20
374 277 444 510 126 467 443 550 535 369 477 571 433 268 507 201 400 214 480 143
20
284 393 104 296 229 219 329 343 261 463 231 184 180 191 144 572 128 369 544 140
20
426 159 489 414 172 431 131 116 461 464 561 309 484 429 573 498 108 478 108 386
20
349 398 538 445 434 311 220 502 364 595 498 221 134 310 562 238 230 245 251 583
20
419 303 218 490 155 182 462 568 408 408 423 512 449 277 285 483 500 239 580 270
20
551 551 297 210 504 496 278 466 275 259 597 362 387 311 263 490 569 568 565 430
20
427 140 530 474 493 427 491 233 524 344 172 356 588 212 460 352 194 505 517 294
20
385 294 529 443 551 537 511 596 577 252 208 181 189 293 389 391 346 411 347 513
20
355 555 237 483 547 539 586 458 599 222 565 315 375 230 346 185 444 255 228 432
20
501 381 426 412 387 282 329 500 316 557 305 596 356 290 387 358 195 527 427 407
20
397 104 202 118 421 218 260 248 373 277 294 316 593 340 201 102 449 180 493 559
20
115 551 405 539 430 313 390 568 375 368 560 473 513 272 300 473 485 354 111 118
20
570 419 402 343 401 488 362 396 357 360 499 439 437 397 517 240 493 488 173 369
20
224 148 219 452 460 360 396 306 589 132 367 562 205 513 484 571 535 215 223 588
20
276 597 271 549 169 442 572 113 327 287 206 459 261 164 450 505 454 472 498 567
20
352 138 436 304 125 132 146 551 550 478 400 509 448 382 254 304 300 406 149 241
20
100 432 206 383 561 448 452 596 464 188 105 407 568 309 586 473 598 157 197 582
20
227 250 345 274 408 282 218 282 363 432 270 543 212 464 319 150 536 252 469 326
20
168 580 466 514 527 243 525 470 255 514 188 280 355 232 561 239 214 121 198 551
20
599 540 475 344 130 138 517 108 248 588 454 198 567 591 284 477 388 477 430 564
20
343 120 426 527 452 228 365 458 319 331 564 482 593 589 280 579 497 218 259 149
20
582 272 128 352 598 358 111 195 530 546 496 380 445 121 415 483 412 332 159 337
20
235 439 542 274 513 471 534 401 205 332 218 565 285 529 312 440 585 205 235 425
20
355 425 480 370 457 105 497 351 175 270 342 236 439 552 281 426 549 136 301 484
20
194 348 438 554 286 323 166 420 109 362 588 450 495 478 440 436 452 433 557 201
20
170 161 532 297 259 265 316 513 292 189 259 110 104 567 583 591 384 389 530 292
20
384 600 480 123 557 478 114 492 230 539 309 452 457 511 575 516 331 577 135 556
20
157 434 411 337 575 270 572 354 523 403 199 222 332 203 515 164 530 433 599 505
20
114 119 454 134 489 504 321 258 273 285 177 217 386 447 564 182 514 249 417 161
20
483 114 403 293 449 228 199 544 469 355 155 497 103 111 597 514 163 554 116 174
20
174 125 433 486 216 257 198 246 281 196 541 450 556 407 254 105 460 467 218 534
20
485 378 500 327 596 328 417 165 361 228 272 112 156 133 442 245 562 118 259 367
20
221 527 387 220 387 501 417 234 425 250 300 102 184 128 402 339 466 408 110 573
20
526 351 314 153 589 427 167 526 331 422 461 220 384 157 535 489 514 178 577 435
20
104 435 337 564 478 377 274 185 369 360 144 223 465 563 526 376 280 519 555 140
20
190 440 518 126 273 286 274 109 241 527 264 149 211 430 411 230 368 572 225 282
20
565 282 308 272 368 275 303 407 145 493 277 542 515 502 585 382 232 426 482 554
20
485 158 239 218 394 548 472 557 537 344 336 184 594 459 542 176 529 384 473 464
20
410 361 214 582 463 569 226 290 434 140 434 469 373 482 130 228 304 257 572 162
20
312 210 419 295 600 143 249 292 234 454 309 485 381 558 491 206 275 299 187 241
20
135 110 281 120 411 554 169 120 342 158 544 347 173 295 595 108 333 342 132 567
20
214 266 524 532 174 323 401 413 293 435 269 324 233 106 362 470 155 468 364 280
20
171 303 471 557 471 122 440 309 152 232 372 227 578 106 130 196 125 501 490 358
20
103 358 258 590 591 558 349 506 241 492 518 161 142 255 562 593 255 566 489 433
20
364 197 579 248 135 192 600 121 365 433 139 531 519 252 242 554 104 568 191 505
20
217 308 163 389 461 183 450 180 245 536 165 492 438 524 215 586 445 573 284 168
20
144 557 435 226 341 313 595 294 279 557 365 212 471 543 563 162 356 522 384 485
20
574 449 533 401 363 519 449 358 518 377 309 244 287 176 299 196 132 231 430 313
20
220 549 211 126 405 516 472 313 520 145 280 223 389 477 412 219 540 373 479 450
20
218 294 556 381 564 404 457 362 140 395 243 204 519 535 561 264 180 581 303 105
20
303 544 147 469 457 101 320 451 143 374 153 600 287 471 248 144 532 264 306 287
20
592 349 541 150 271 343 280 596 279 317 156 498 495 156 466 551 572 137 159 189
20
431 489 593 237 551 145 189 579 541 386 521 130 408 202 345 382 576 203 345 127
20
309 600 542 223 100 277 137 106 274 389 565 168 575 487 587 260 252 314 148 196
20
506 447 582 435 203 418 472 183 548 115 561 408 457 515 421 393 519 387 297 117
20
282 227 367 319 359 320 177 277 390 395 303 403 346 239 125 462 531 191 510 529
20
200 235 534 409 560 264 202 253 409 479 303 584 512 457 364 178 100 154 428 567
20
356 283 508 392 457 351 341 508 213 382 529 100 155 211 371 365 108 249 135 524
20
360 159 333 205 267 357 575 436 166 443 349 238 596 541 179 368 443 599 301 241
20
599 196 516 467 185 297 402 129 314 172 321 237 330 441 328 438 544 152 546 366
20
204 193 280 246 550 426 138 332 143 209 501 563 143 448 466 122 158 145 433 258
20
222 257 232 535 272 427 521 425 158 320 183 264 284 201 459 596 417 384 216 225
20
100 235 454 126 511 522 410 360 438 216 528 102 412 540 326 362 277 323 406 484
20
405 164 299 341 212 356 411 552 509 518 383 207 220 320 282 147 359 252 189 145
20
339 258 270 386 374 184 264 159 527 564 226 416 248 394 470 304 463 342 165 193
20
477 381 192 583 383 261 455 348 160 584 144 107 190 373 536 430 161 255 416 344
20
538 505 217 151 158 317 208 288 336 525 510 563 488 294 293 363 518 296 567 314
20
355 345 191 220 197 502 358 539 115 119 174 410 382 268 526 145 527 521 512 183
20
336 200 436 266 485 138 536 584 105 196 401 416 377 182 468 137 159 141 412 173
20
207 276 238 389 405 450 243 259 555 533 298 305 264 174 151 332 590 218 526 219
20
490 577 390 114 135 375 346 148 445 195 596 394 274 500 451 276 320 406 546 525
20
202 453 186 292 491 577 339 119 154 138 287 312 155 525 172 113 203 138 595 473
20
357 454 296 160 380 598 394 250 128 293 592 226 461 221 183 579 467 217 387 575
20
263 224 527 367 387 153 583 424 151 332 394 257 122 165 382 404 197 499 349 185
20
280 355 465 123 292 146 514 538 484 349 301 550 542 233 437 209 492 526 207 372
20
201 509 488 571 167 149 434 519 547 146 212 435 184 524 121 296 397 160 405 218
20
296 462 196 230 165 186 281 175 417 413 351 163 363 486 327 516 269 251 120 519
20
360 327 477 534 291 186 176 565 579 267 281 228 360 519 173 448 593 513 325 568
20
127 276 473 309 400 180 362 473 385 229 138 533 254 516 168 346 129 270 438 180
20
259 586 419 272 104 407 297 345 338 132 419 464 230 482 585 187 329 473 500 221
20
583 242 513 346 245 182 175 112 547 395 359 551 334 182 161 498 336 156 441 278
20
503 391 169 188 324 455 576 522 440 323 228 519 592 280 559 276 360 142 528 550
20
514 354 242 344 398 241 494 405 110 205 421 543 340 103 181 239 531 357 485 562
20
311 449 312 285 355 317 506 242 380 488 291 289 166 209 503 453 369 239 293 288
20
471 208 191 438 553 520 263 100 442 150 519 597 186 559 339 101 343 590 257 175
20
206 545 565 241 543 440 417 299 403 357 411 237 381 514 265 452 209 533 495 389
20
575 516 421 182 329 183 368 158 219 168 569 206 339 250 370 503 343 205 424 395
20
334 240 388 522 387 156 271 302 152 107 105 568 306 249 419 199 218 505 487 511
20
495 139 557 290 599 303 539 323 510 259 372 155 160 395 545 354 242 327 202 431
20
363 152 295 329 472 372 221 120 255 328 102 236 286 569 444 225 442 135 462 353
20
260 130 500 567 418 117 111 586 483 531 492 375 100 499 550 128 198 199 538 216
20
181 392 261 483 589 170 463 145 179 266 388 316 488 583 393 113 314 156 519 184
20
193 390 225 598 370 252 191 446 540 221 378 201 210 578 454 294 153 195 469 369
20
117 420 234 568 579 233 130 136 172 340 313 383 423 290 566 586 219 573 547 181
20
578 282 248 460 129 218 580 448 191 272 378 520 566 270 572 136 216 268 537 123
20
263 140 309 323 299 456 548 518 394 213 164 420 536 133 338 520 438 242 235 216
20
491 238 267 232 532 437 561 104 431 278 123 273 125 491 356 401 525 206 145 124
20
356 230 170 101 445 178 474 144 515 548 123 336 290 174 180 296 251 438 219 212
20
308 229 274 191 240 577 127 278 193 174 428 330 151 381 195 256 381 223 222 263
20
167 450 116 228 211 425 187 272 182 477 137 539 408 303 438 423 483 457 348 462
20
551 572 342 313 417 233 502 421 365 146 105 191 164 575 150 195 293 527 449 402
20
100 245 548 383 106 512 285 527 168 458 294 395 463 215 322 407 305 596 453 550
20
593 521 434 142 419 510 569 240 209 164 274 246 441 557 488 307 378 138 244 533
20
184 497 159 600 428 375 106 521 587 412 248 474 179 565 233 540 338 363 248 491
20
151 537 159 209 165 518 227 105 233 478 557 481 321 415 372 239 289 410 335 560
20
192 133 220 281 203 302 295 126 368 569 518 558 383 353 137 226 415 220 412 452
20
545 499 568 156 188 395 314 190 490 254 474 167 393 188 252 398 526 374 122 494
20
253 180 314 384 502 489 323 503 477 193 216 379 216 598 320 525 313 549 154 543
20
574 576 394 468 294 395 504 350 170 196 518 448 491 188 139 157 251 104 431 474
20
439 330 412 113 474 325 347 144 458 341 358 454 295 440 423 292 598 317 460 411
20
441 399 457 361 297 470 351 488 455 553 452 596 120 277 145 454 592 385 543 395
20
293 257 398 403 116 157 295 550 453 315 151 440 420 154 417 538 346 216 170 396
20
290 277 284 259 216 301 120 597 410 341 546 290 165 102 524 442 326 487 352 186
20
142 104 591 423 216 291 111 384 159 586 146 430 261 244 202 392 286 492 463 410
20
231 215 386 116 259 441 522 386 254 302 491 176 520 200 305 581 273 546 176 521
20
375 207 169 421 263 222 577 168 194 128 524 276 314 285 413 223 395 528 233 506
20
519 349 169 243 551 568 411 357 569 147 596 159 166 407 565 288 173 129 221 362
