150
20
276 346 258 242 505 293 249 146 355 438 492 540 440 109 162 250 232 225 357 100
20
401 213 285 148 510 534 396 133 471 241 439 240 242 566 115 313 528 126 579 231
20
394 233 469 569 155 200 458 562 503 281 275 551 359 399 258 123 204 502 133 172
20
575 202 286 521 593 161 373 459 552 393 323 483 571 597 131 566 330 529 420 413
20
225 154 109 550 566 276 417 166 244 351 108 276 356 541 392 312 299 377 491 153
20
524 345 520 407 339 412 182 114 567 204 142 404 579 298 293 277 569 241 228 309
20
435 427 246 330 352 250 396 384 148 497 169 573 472 555 336 231 516 276 477 538
20
514 233 577 145 447 363 351 146 206 218 493 257 411 228 600 418 201 463 459 116
20
278 582 561 119 435 266 344 303 271 536 293 468 585 534 338 319 456 471 569 534
20
405 512 141 366 568 525 525 192 133 557 538 330 389 423 565 276 113 116 455 439
20
388 126 160 592 109 383 446 215 486 275 489 510 474 153 198 359 210 293 407 548
20
177 235 132 109 188 297 485 318 571 207 277 591 424 312 237 128 409 494 549 491
20
287 178 488 586 462 166 468 568 431 143 141 560 300 400 136 411 150 266 502 325
20
336 366 534 398 178 324 282 171 154 216 431 173 585 528 469 108 170 557 496 108
20
322 509 550 207 579 283 359 496 475 349 283 126 420 203 164 431 434 327 174 329
20
195 143 191 480 124 487 263 524 590 368 234 129 520 192 451 261 579 240 523 457
20
413 384 564 132 271 490 222 145 448 514 596 478 532 158 425 110 421 448 441 265
20
377 308 151 172 452 133 184 268 429 322 488 573 554 261 428 383 519 375 203 545
20
512 503 144 374 535 155 282 506 331 304 392 208 444 452 413 131 407 392 102 592
20
347 357 147 383 342 399 537 189 413 272 395 367 272 275 136 155 517 569 233 512
20
277 599 437 429 393 521 397 314 208 336 224 339 542 303 469 423 354 307 212 128
20
344 313 427 388 409 480 373 456 324 497 318 214 591 509 247 321 544 185 360 525
20
453 485 275 176 301 493 480 326 457 509 116 148 257 175 396 532 378 455 298 432
20
142 576 519 326 209 572 596 162 550 549 559 524 309 571 506 547 190 128 173 273
20
415 173 347 465 444 236 277 294 324 484 247 585 468 488 444 418 549 343 409 572
20
360 374 470 300 533 249 240 452 425 271 537 451 453 257 227 139 597 447 197 303
20
215 281 391 549 296 186 450 204 313 587 140 343 585 116 135 177 296 369 212 223
20
178 303 454 600 363 329 119 580 350 129 569 189 560 196 422 302 402 591 166 347
20
515 558 409 406 164 175 206 365 584 355 153 427 516 117 428 258 409 278 216 580
20
419 353 136 163 376 139 478 240 563 432 445 504 505 433 433 296 563 401 161 147
20
588 393 492 479 243 390 255 112 400 305 302 166 426 189 132 442 210 396 261 532
20
111 133 405 143 278 153 243 184 456 224 588 334 570 204 227 566 349 257 507 430
20
188 517 161 574 527 496 288 161 350 517 332 243 309 386 412 423 421 284 406 403
20
234 235 183 334 186 128 339 186 434 393 211 283 333 263 438 100 187 407 277 281
20
315 391 225 549 460 285 502 484 303 311 553 146 265 185 228 166 384 134 309 349
20
201 348 222 577 464 187 357 104 155 512 167 315 117 453 566 528 341 224 555 292
20
449 252 284 306 257 484 526 350 344 181 587 126 354 393 444 455 175 558 346 191
20
123 426 436 463 578 398 452 540 256 181 394 384 433 161 180 147 144 131 437 409
20
438 486 387 238 593 386 573 290 183 163 340 332 304 508 203 154 408 302 134 447
20
521 194 164 538 348 200 238 154 404 522 456 479 494 566 569 259 426 206 307 327
20
317 331 268 459 550 377 481 362 381 363 440 261 155 279 169 453 206 514 362 303
20
495 328 269 406 368 278 231 342 266 519 594 589 160 112 370 142 130 428 288 592
20
554 323 153 546 574 299 308 353 311 245 369 312 513 225 346 185 391 467 193 470
20
470 495 493 160 521 583 128 512 319 129 264 342 597 537 294 199 507 199 406 442
20
113 259 483 425 207 145 495 386 221 577 598 237 295 487 137 114 587 295 525 120
20
144 574 519 404 382 182 276 392 580 266 166 204 182 541 257 244 218 153 578 138
20
464 359 368 125 135 508 452 291 269 218 288 290 345 346 419 110 559 476 360 400
20
411 200 431 438 219 260 399 179 252 329 116 572 302 240 548 510 486 173 423 455
20
268 388 269 595 478 273 237 513 347 358 531 279 371 455 255 223 171 297 381 595
20
391 117 313 345 379 143 562 337 258 578 504 206 373 228 322 456 453 220 317 345
20
461 466 256 538 517 442 284 214 232 210 166 283 518 183 339 163 335 276 113 480
20
131 273 477 291 500 366 211 174 554 394 345 255 173 464 114 247 556 420 194 193
20
264 165 402 519 522 545 481 383 548 488 441 346 338 210 542 354 351 540 309 304
20
318 536 122 111 341 165 469 428 561 224 199 480 528 185 289 384 400 560 509 411
20
458 238 600 543 231 507 275 205 373 171 350 477 272 331 314 521 191 494 549 549
20
597 363 250 362 139 474 108 307 222 223 257 520 562 556 360 514 194 246 464 464
20
305 549 464 152 257 600 232 323 520 280 183 550 596 494 314 591 393 243 421 428
20
520 296 513 168 313 214 299 170 204 444 328 480 396 552 133 426 397 452 323 474
20
362 585 440 566 496 211 145 243 492 249 384 473 502 513 147 317 164 327 162 490
20
202 453 458 346 499 101 308 196 437 463 597 498 154 591 109 484 467 577 503 376
20
340 513 554 203 347 287 380 496 403 589 458 557 141 115 253 478 160 171 300 360
20
536 144 522 571 496 494 156 222 275 256 390 335 268 276 438 118 289 147 535 540
20
264 223 572 476 211 385 567 560 593 454 513 124 276 235 533 158 263 184 169 225
20
467 273 593 343 327 333 382 455 447 479 387 590 493 338 225 173 557 430 194 427
20
398 383 490 404 302 200 443 511 588 183 497 428 353 589 298 445 387 442 103 586
20
578 104 502 508 222 558 513 159 113 208 290 152 291 529 378 252 445 413 344 178
20
594 340 276 490 363 525 512 350 597 163 519 455 583 509 436 397 102 320 552 219
20
385 462 180 313 271 378 513 356 135 207 221 209 465 526 550 133 512 356 520 140
20
196 233 219 329 101 440 599 312 513 220 579 258 289 317 101 150 111 185 141 537
20
305 153 573 152 584 196 351 445 519 279 390 145 310 553 337 389 335 253 396 107
20
368 457 548 224 214 150 272 513 552 347 279 503 131 588 514 493 186 298 458 586
20
565 164 323 230 515 508 558 513 148 292 401 312 354 352 439 426 466 318 185 302
20
467 334 333 491 253 537 412 543 588 560 522 307 312 445 170 263 475 194 560 185
20
275 212 229 252 450 410 381 245 489 283 260 177 218 241 118 351 494 325 392 428
20
339 278 577 533 213 147 505 554 357 570 451 188 381 471 260 411 288 425 275 397
20
323 569 103 599 571 199 294 220 210 108 164 541 537 393 181 541 294 391 525 236
20
457 372 242 386 118 442 441 305 389 153 140 397 479 364 242 202 133 376 271 274
20
144 173 300 228 228 515 343 210 192 470 500 349 210 504 362 267 340 209 357 479
20
593 290 502 464 501 496 299 381 174 589 480 364 462 549 311 505 266 202 179 235
20
163 501 424 572 500 161 292 595 338 566 504 153 379 538 332 283 239 231 528 474
20
338 420 367 527 489 456 587 577 367 348 377 285 569 538 147 107 253 194 598 278
20
374 152 153 511 303 286 366 447 428 391 305 458 438 172 529 219 593 269 179 220
20
547 439 134 525 433 496 466 180 551 499 557 347 485 575 208 113 246 554 220 246
20
207 507 293 578 222 136 548 107 470 446 283 580 262 235 162 239 336 304 394 331
20
204 419 269 414 123 382 431 533 193 295 303 126 507 131 575 455 117 214 450 177
20
586 394 164 459 342 408 192 279 202 126 189 166 373 118 351 404 211 400 568 242
20
466 271 121 323 333 419 208 174 588 301 419 300 435 316 160 574 566 329 170 136
20
515 144 261 253 130 562 156 518 137 365 217 329 196 351 549 365 292 209 578 399
20
594 183 549 352 105 290 346 396 447 193 236 544 433 118 465 328 519 578 240 183
20
497 186 196 574 443 103 291 559 451 277 291 213 313 419 580 420 122 499 525 241
20
294 546 507 552 474 150 372 203 549 278 217 282 180 308 558 138 227 430 169 328
20
532 452 558 161 470 409 575 430 236 490 440 329 554 110 581 187 499 542 267 520
20
355 192 409 510 106 459 574 551 393 301 213 543 108 495 550 253 234 207 248 246
20
585 306 454 388 111 500 445 112 148 350 234 519 450 535 392 380 366 395 206 388
20
113 561 164 370 257 443 102 588 368 268 378 304 521 262 329 170 406 300 125 518
20
597 537 246 146 143 336 551 333 251 585 111 443 479 372 332 276 365 111 301 212
20
575 453 214 264 598 289 471 266 443 527 338 503 314 353 342 441 237 130 132 282
20
463 588 556 309 560 168 204 319 345 417 384 565 262 199 428 320 166 363 255 145
20
149 226 267 261 233 419 491 332 234 204 102 319 103 206 349 174 382 459 209 353
20
106 284 367 475 418 112 523 236 377 135 545 364 403 369 381 266 520 211 300 198
20
531 123 574 545 464 586 351 405 408 211 509 495 370 584 415 596 185 487 287 357
20
150 146 546 192 270 526 294 389 365 332 377 205 298 515 292 157 110 386 542 419
20
154 199 185 290 331 522 285 123 483 432 518 484 241 150 506 340 247 133 471 281
20
341 428 292 269 215 453 200 221 414 201 138 426 200 484 132 123 414 531 100 515
20
469 456 118 354 314 449 558 185 421 553 245 394 359 483 366 459 593 479 188 182
20
481 409 215 488 194 254 332 167 492 497 364 225 193 570 213 415 279 118 526 347
20
396 551 543 128 189 508 221 252 313 225 450 268 384 504 257 128 138 518 268 516
20
517 132 262 346 283 540 113 576 585 197 400 579 470 318 427 245 386 552 331 523
20
373 514 201 140 197 320 361 319 335 390 103 491 521 112 242 528 309 433 461 324
20
157 408 363 356 216 463 263 492 319 487 164 407 554 439 120 570 164 129 504 571
20
528 596 310 128 198 280 438 289 523 238 385 328 430 422 222 145 226 428 224 587
20
276 226 257 246 246 367 548 285 202 126 289 316 311 151 533 165 146 276 476 316
20
354 249 570 189 332 386 163 414 362 395 319 286 321 189 569 594 288 106 383 277
20
551 204 254 264 527 560 429 433 308 418 486 167 258 255 260 426 483 477 551 245
20
260 145 340 553 357 450 504 360 165 310 528 284 473 384 437 334 209 387 118 174
20
266 482 459 201 349 399 433 452 153 510 226 420 194 231 474 384 587 236 537 557
20
276 225 429 366 450 120 305 364 176 588 106 600 460 421 220 450 589 492 357 464
20
578 537 205 125 291 448 187 332 283 310 310 175 560 394 160 175 356 276 496 252
20
277 405 458 328 481 479 176 147 462 460 285 518 553 127 589 453 476 437 295 168
20
508 433 432 308 432 313 179 154 387 145 538 181 237 480 565 129 122 423 551 196
20
276 335 554 169 416 431 124 345 535 393 359 106 287 132 177 480 369 397 214 126
20
178 448 504 440 158 562 164 332 517 233 276 470 105 419 564 419 338 158 357 539
20
115 454 491 440 141 148 474 217 177 471 253 336 434 145 217 337 469 541 251 230
20
228 581 599 392 418 496 337 554 149 282 520 521 214 177 131 383 313 360 331 331
20
321 503 580 487 365 273 148 200 162 490 178 401 220 239 316 165 507 310 337 223
20
256 515 176 297 482 230 201 270 135 495 369 138 461 595 528 448 501 102 531 554
20
179 308 173 298 489 320 206 268 299 461 447 181 353 352 229 216 225 133 109 467
20
554 118 394 562 367 199 522 288 499 193 458 389 556 341 473 286 111 195 223 597
20
142 439 499 200 111 366 535 428 266 523 160 253 381 411 496 197 108 372 341 168
20
387 466 598 587 474 299 244 419 404 151 133 314 541 131 228 271 580 121 267 290
20
557 112 140 192 117 496 188 455 182 487 481 455 374 239 268 283 250 112 189 106
20
499 252 540 597 136 484 514 331 208 325 147 411 139 219 472 429 533 543 422 459
20
284 556 209 435 170 578 339 522 487 173 294 334 312 480 441 211 124 161 192 380
20
432 500 541 368 499 510 208 461 495 280 575 581 217 190 523 427 388 534 140 509
20
256 185 338 425 204 155 105 264 455 349 558 521 297 411 467 496 597 598 339 333
20
191 123 556 395 231 418 210 302 199 581 486 244 481 235 218 594 562 119 549 362
20
113 207 333 196 483 505 125 464 130 459 230 161 253 101 170 598 352 154 201 446
20
483 440 572 579 215 552 325 368 394 220 120 328 389 203 181 582 277 177 590 452
20
447 252 563 583 517 274 230 417 107 409 293 247 372 351 403 225 386 496 318 205
20
124 270 574 223 368 497 191 433 172 223 582 243 104 363 203 435 153 265 117 393
20
549 311 313 287 194 252 282 255 189 518 249 379 523 321 514 266 134 289 440 323
20
307 451 228 398 377 412 567 549 344 258 403 415 548 391 247 264 545 227 491 391
20
338 155 429 185 290 251 512 501 115 318 244 353 180 335 409 189 465 245 353 541
20
582 112 181 363 473 305 336 132 218 396 305 452 592 420 283 370 397 155 583 110
20
527 236 141 304 544 415 480 512 395 419 413 143 338 466 259 471 110 374 439 236
20
340 212 476 441 582 383 498 150 487 179 431 403 532 433 234 398 502 217 125 338
20
487 352 152 169 459 435 219 307 190 461 191 130 332 323 222 490 397 319 367 538
20
207 360 306 236 121 418 335 184 183 487 309 583 330 318 526 310 369 210 419 286
20
179 129 583 457 394 304 529 127 568 173 269 577 489 431 460 236 409 557 473 491
20
435 148 592 470 149 563 310 194 408 576 228 552 163 450 484 534 481 182 295 171
