150
20
252 580 132 301 255 362 134 417 232 119 238 486 289 491 451 107 231 199 464 548
20
558 449 594 547 114 213 514 460 244 441 598 268 140 229 577 594 155 168 452 410
20
174 557 374 600 572 105 486 230 517 322 206 510 230 545 319 368 301 239 432 509
20
184 374 270 544 421 135 371 165 278 540 388 591 534 368 353 326 401 572 578 457
20
274 228 259 540 413 381 586 266 419 276 554 418 251 436 451 157 347 509 438 531
20
385 285 272 422 361 515 408 533 420 111 222 371 214 341 238 253 454 228 426 225
20
160 528 184 444 484 233 237 233 158 513 267 465 332 506 531 511 305 168 569 391
20
329 214 122 564 188 162 393 133 372 310 191 356 306 273 181 152 276 474 195 171
20
255 542 483 180 580 178 498 456 483 332 550 282 571 513 523 431 292 265 368 561
20
503 355 356 129 331 210 104 381 521 447 153 323 507 300 227 557 172 570 483 377
20
316 392 371 576 353 530 539 104 464 459 353 259 536 331 400 350 163 455 437 417
20
259 520 546 339 189 517 483 259 515 152 599 130 106 558 523 340 294 175 531 518
20
580 458 316 458 466 126 290 500 485 222 586 546 512 588 559 397 423 493 195 336
20
345 588 450 254 599 413 373 164 405 240 384 332 464 295 314 161 165 117 565 262
20
332 400 353 374 314 584 333 536 306 431 410 469 453 215 208 119 449 128 255 540
20
413 386 449 194 585 568 417 243 569 542 388 171 403 284 385 252 405 409 261 429
20
409 535 485 380 355 527 307 589 143 354 284 412 471 367 364 578 418 444 281 460
20
544 241 256 346 136 213 453 175 295 534 201 420 275 545 195 417 566 546 249 520
20
410 294 490 241 312 202 180 446 138 441 532 328 400 343 203 388 124 573 162 265
20
152 176 536 338 417 455 398 491 338 261 288 421 234 507 416 578 432 192 246 562
20
175 599 501 321 532 294 584 285 386 174 239 171 118 419 285 175 283 477 385 356
20
434 453 481 185 202 110 556 189 116 361 354 594 184 433 284 571 553 149 229 335
20
513 131 575 449 486 462 562 290 481 129 318 118 349 571 435 208 382 526 288 207
20
180 318 170 162 358 339 310 229 268 431 449 320 589 484 334 540 181 384 541 195
20
401 395 259 433 543 501 482 213 119 142 415 321 577 375 187 166 457 262 280 281
20
587 149 486 365 388 534 598 183 492 197 251 491 556 380 242 284 372 190 347 153
20
328 225 244 397 175 353 444 347 486 201 230 210 376 571 440 433 475 438 398 577
20
581 399 329 516 378 470 321 296 316 295 118 440 377 526 329 545 406 596 283 236
20
567 242 340 454 482 362 537 593 392 423 560 317 521 195 456 312 342 138 192 396
20
277 510 329 520 202 294 151 152 543 526 130 257 582 531 388 230 543 194 284 150
20
238 551 567 478 495 428 317 591 184 446 212 499 563 549 172 517 480 546 479 299
20
482 574 206 162 328 276 249 365 376 296 319 205 439 350 207 122 367 331 328 572
20
277 545 217 531 573 375 120 398 309 171 365 213 519 208 299 247 160 207 509 508
20
432 157 404 285 380 541 133 196 125 124 307 548 124 577 595 557 316 415 442 440
20
575 172 389 434 465 121 314 188 108 380 430 207 414 476 459 524 218 345 114 461
20
537 290 246 464 545 527 404 455 345 288 191 153 399 515 346 477 504 225 375 216
20
353 528 243 449 159 142 439 404 516 391 291 597 216 504 178 373 510 300 172 337
20
440 464 100 171 321 117 174 243 335 168 536 261 272 287 489 434 283 545 289 170
20
422 322 191 564 174 462 203 598 117 151 133 471 532 105 291 470 179 132 105 378
20
369 436 171 414 324 168 407 150 573 128 320 307 182 161 412 572 170 190 557 267
20
152 200 458 131 348 544 553 255 443 525 359 512 488 396 363 328 323 114 523 126
20
217 274 427 234 283 214 101 112 498 129 498 474 554 266 513 367 115 534 213 418
20
288 173 349 275 517 174 390 245 476 205 490 153 283 384 113 299 155 554 378 478
20
311 371 435 313 308 295 150 104 457 263 309 469 236 259 401 519 350 526 417 588
20
109 128 156 177 296 397 413 374 335 321 529 347 349 430 536 585 300 160 154 356
20
389 581 274 332 133 317 295 165 529 115 121 316 575 227 456 131 598 422 203 228
20
595 392 259 391 541 209 256 389 361 323 367 382 460 569 270 108 305 591 343 199
20
326 153 216 257 584 148 592 164 276 560 464 380 386 173 218 160 165 398 581 459
20
454 259 134 576 577 459 396 518 336 151 191 362 292 423 252 288 309 214 213 223
20
550 133 438 522 292 516 170 497 591 306 323 184 106 426 119 382 199 358 505 138
20
529 574 515 560 409 159 539 564 429 413 153 439 290 559 409 534 239 229 546 284
20
330 188 353 393 510 315 120 120 393 153 474 385 314 231 441 387 277 299 523 370
20
148 153 171 457 138 509 110 365 589 119 290 528 183 138 447 413 482 284 301 292
20
135 405 312 201 533 497 314 452 482 299 564 194 484 281 479 530 211 122 427 241
20
180 207 364 172 360 222 440 124 174 445 163 480 439 213 277 522 595 104 113 553
20
341 392 291 483 402 102 514 212 587 591 154 537 393 362 484 276 203 263 564 454
20
133 393 435 249 114 243 352 112 492 155 230 180 375 445 283 261 227 600 356 462
20
164 164 587 336 293 202 456 547 183 532 191 568 118 165 351 540 302 268 212 204
20
364 118 570 241 482 393 434 593 358 563 434 380 107 369 246 424 233 578 425 463
20
230 167 507 291 206 549 189 275 196 441 242 154 600 318 124 454 408 332 200 563
20
206 568 268 276 506 237 141 265 136 476 355 206 175 173 360 381 279 413 462 314
20
221 341 469 520 345 432 167 327 200 342 112 597 298 288 292 450 579 360 316 361
20
392 442 474 525 219 481 402 247 566 581 496 181 462 239 478 535 529 355 153 427
20
595 485 514 492 450 190 285 158 258 460 140 342 568 141 377 327 248 289 190 440
20
453 165 325 253 161 340 412 404 543 521 525 353 372 201 251 239 414 258 271 504
20
526 491 497 438 419 424 433 282 251 235 538 367 442 252 540 430 583 251 383 508
20
115 579 149 270 340 553 600 512 211 380 372 517 529 234 438 301 450 587 459 571
20
416 294 483 213 199 494 304 556 192 251 234 361 468 583 137 544 556 302 178 595
20
333 297 419 234 516 401 103 306 397 441 479 247 246 564 154 138 521 154 255 148
20
217 443 386 110 393 593 468 135 511 282 145 361 515 381 274 401 578 454 486 200
20
159 542 264 486 128 491 498 376 562 214 129 509 563 111 214 557 522 509 449 424
20
406 564 231 458 346 286 577 490 207 403 517 508 393 589 451 216 131 457 524 582
20
169 439 526 467 562 516 159 274 401 173 381 386 413 513 373 594 467 222 506 451
20
421 238 167 170 409 153 574 250 352 451 555 330 258 152 134 192 349 408 473 160
20
108 278 130 285 387 490 229 532 389 363 461 220 576 585 357 344 373 327 443 528
20
514 493 491 267 114 110 571 204 175 409 376 123 580 347 506 439 559 170 589 536
20
197 331 563 548 357 290 249 518 174 320 183 469 152 227 226 126 285 198 471 239
20
483 594 200 143 592 209 531 224 536 362 510 263 265 191 520 370 576 478 251 416
20
357 435 261 138 398 580 418 268 541 548 590 188 287 184 241 309 404 174 398 176
20
535 190 533 238 279 219 297 166 396 535 515 152 568 574 513 597 285 150 350 134
20
243 296 512 471 283 537 387 575 188 298 316 259 256 435 106 133 291 592 536 534
20
479 478 584 582 235 563 186 409 577 496 224 513 440 537 263 259 203 370 172 574
20
181 192 485 325 381 241 427 198 408 565 193 584 520 577 448 557 481 477 185 176
20
220 325 338 153 553 313 503 597 375 385 208 382 225 371 359 509 101 364 103 111
20
573 120 419 139 557 412 370 159 599 179 247 579 424 199 216 511 354 166 361 315
20
291 424 442 153 142 143 129 195 267 502 348 137 290 210 423 388 256 454 290 520
20
412 592 121 539 436 401 393 141 280 236 535 324 477 411 304 167 112 368 290 358
20
406 148 237 163 162 105 105 459 439 593 227 354 302 228 516 234 523 363 221 569
20
525 220 428 423 467 316 258 480 132 578 166 493 155 448 433 133 506 249 319 321
20
384 453 416 580 331 180 237 432 104 428 544 333 236 581 306 409 120 589 368 308
20
452 578 487 582 522 354 465 388 454 502 282 449 202 221 101 184 208 559 586 481
20
494 303 554 122 296 341 513 486 550 261 170 274 322 216 504 301 442 542 199 283
20
323 136 237 572 291 482 212 444 409 110 109 561 257 287 325 587 296 522 271 491
20
357 184 264 358 331 155 478 168 572 593 289 577 535 364 270 500 163 410 291 301
20
102 189 549 487 425 392 580 454 550 216 152 295 275 182 432 418 293 155 367 452
20
309 428 497 536 219 233 157 215 298 535 144 553 411 322 450 236 334 554 358 308
20
228 297 139 284 599 408 555 199 408 256 402 480 502 391 474 546 267 536 296 282
20
185 317 428 203 147 225 507 121 399 243 216 117 452 570 461 555 355 371 213 351
20
478 425 428 438 176 334 365 229 321 145 545 363 409 345 347 137 165 144 475 211
20
159 114 580 108 600 453 217 264 565 566 141 110 302 155 296 234 559 197 281 208
20
410 123 346 197 553 312 415 440 131 136 525 500 476 357 362 464 546 237 423 447
20
183 254 281 468 158 233 383 258 493 219 543 586 296 274 391 434 159 299 586 172
20
301 371 107 417 371 392 368 200 505 145 357 503 348 152 235 303 469 378 572 389
20
421 490 446 276 200 284 211 470 490 467 483 345 474 379 289 418 469 504 295 295
20
218 580 346 434 583 527 391 177 325 266 571 216 544 161 247 454 216 146 403 485
20
492 438 360 318 124 147 237 126 215 143 476 552 120 309 107 587 407 357 444 566
20
307 522 441 547 243 198 363 171 493 466 576 541 218 265 378 459 393 154 391 578
20
237 593 395 359 308 135 414 113 171 529 496 417 106 510 352 408 549 424 340 596
20
580 463 448 295 382 428 160 334 468 282 490 188 302 248 243 270 154 325 107 326
20
439 569 152 251 143 346 504 504 366 425 443 501 328 286 486 344 491 400 150 589
20
341 371 216 522 109 354 392 506 574 312 369 496 205 255 535 333 346 320 342 494
20
111 297 179 102 489 269 478 356 299 345 592 322 259 344 530 254 356 275 135 381
20
164 200 340 316 449 220 145 391 299 578 468 395 319 100 312 233 444 390 105 187
20
350 102 380 560 171 120 262 112 240 417 270 214 276 145 420 161 303 561 466 424
20
372 323 426 573 386 592 422 397 245 461 485 474 560 196 158 461 197 471 368 381
20
544 297 460 307 297 199 172 385 291 385 177 134 101 271 468 192 511 355 124 452
20
593 296 353 452 219 548 517 575 310 211 335 568 349 493 121 136 549 107 597 517
20
363 142 519 508 300 348 255 312 451 332 531 379 131 539 532 396 117 257 324 430
20
203 331 171 512 125 445 261 583 546 141 538 389 196 395 534 450 495 351 102 517
20
311 188 393 100 280 552 250 318 408 452 282 370 397 188 522 338 554 108 101 463
20
577 241 319 321 105 244 390 112 204 536 125 401 373 565 382 495 211 384 229 234
20
243 204 129 231 541 108 541 597 306 439 344 599 417 533 148 531 595 533 335 228
20
437 297 447 220 332 510 235 450 513 122 476 480 342 167 397 374 178 118 144 289
20
565 513 190 313 440 190 419 365 330 185 198 477 256 366 401 117 237 400 405 406
20
165 476 101 138 382 473 384 167 336 133 222 440 355 472 540 288 266 548 535 458
20
256 577 450 283 371 462 571 426 364 373 497 131 431 493 270 335 182 319 336 595
20
259 599 267 119 355 400 223 400 246 571 129 195 310 547 268 100 518 218 251 385
20
502 377 164 366 209 304 484 504 592 219 194 199 406 163 489 473 360 500 159 504
20
115 386 275 380 325 558 407 195 549 326 511 445 418 594 206 468 464 403 455 168
20
288 541 312 402 574 306 304 554 195 171 382 220 258 360 122 150 269 148 261 372
20
371 277 159 257 573 508 186 322 138 252 509 492 258 487 560 265 412 243 243 425
20
503 531 269 544 554 195 262 198 543 377 299 405 429 411 369 253 392 316 493 310
20
284 144 112 258 239 352 522 395 425 542 449 298 504 291 102 355 333 309 356 472
20
296 411 519 381 439 585 507 482 585 121 443 399 559 582 264 279 325 524 583 543
20
236 412 368 110 232 441 310 451 319 158 597 413 159 273 477 518 407 421 507 501
20
287 395 563 221 599 209 187 263 422 414 443 446 316 197 457 497 340 286 246 106
20
580 305 233 327 395 135 122 361 237 348 199 205 207 503 285 436 593 124 410 394
20
445 134 183 477 529 143 321 486 220 290 127 381 506 440 415 585 340 414 511 210
20
436 125 264 219 508 303 412 544 118 284 272 232 225 298 196 501 201 334 205 472
20
191 201 143 525 337 277 304 331 277 318 490 206 161 526 483 250 256 327 402 421
20
374 169 250 287 240 463 164 111 254 487 310 483 387 119 345 273 419 243 261 126
20
212 516 480 237 393 199 498 174 116 586 598 252 102 296 569 409 509 332 113 566
20
413 185 456 486 143 535 259 413 159 275 451 541 294 282 275 219 336 278 283 516
20
521 319 409 540 445 418 455 223 405 538 266 128 170 552 500 498 588 247 261 367
20
207 327 237 562 347 111 420 585 563 437 250 346 181 186 252 564 191 311 311 128
20
248 270 398 351 144 563 262 514 591 124 172 348 226 326 336 541 456 236 507 282
20
213 208 498 440 146 166 124 579 463 515 422 252 534 192 365 460 416 109 264 395
20
195 133 281 374 195 181 278 121 192 406 229 433 362 195 586 178 582 580 409 138
20
320 122 569 541 291 270 119 289 420 582 517 434 451 515 443 532 179 513 594 477
20
352 322 154 529 461 126 251 595 559 163 445 464 220 557 157 556 150 232 352 325
