150
20
111 591 306 412 400 568 395 237 455 270 518 509 173 283 322 549 297 348 170 293
20
243 428 503 168 496 189 466 570 181 251 232 207 233 499 246 475 198 525 169 119
20
584 115 488 349 441 580 128 483 228 394 194 493 204 546 500 431 103 586 116 151
20
520 156 306 375 319 165 222 194 183 106 177 340 325 215 354 185 330 121 350 333
20
409 416 109 278 118 153 450 132 109 435 243 230 202 598 559 525 512 272 387 391
20
367 186 421 290 571 216 427 271 552 520 548 129 150 155 509 314 298 244 483 589
20
597 230 445 346 393 383 192 400 222 217 244 227 433 238 354 157 355 586 432 311
20
354 452 121 293 489 285 212 322 247 500 478 194 333 390 507 332 224 373 361 211
20
336 410 370 286 241 273 562 121 443 430 426 174 180 453 107 235 503 556 469 205
20
283 133 431 315 104 122 452 181 346 385 307 431 249 311 207 482 163 234 370 299
20
218 270 153 293 328 600 573 395 589 592 349 171 151 576 252 498 557 253 431 352
20
579 352 393 212 554 216 336 136 179 216 369 458 465 332 182 156 425 522 143 306
20
271 359 449 283 269 230 415 577 544 207 388 477 516 152 422 473 232 506 438 381
20
376 296 593 352 138 401 200 482 367 590 203 257 589 392 220 210 463 396 378 460
20
353 158 577 546 474 410 283 341 196 258 402 106 143 387 364 264 273 236 438 338
20
184 196 208 394 391 221 222 432 486 102 431 277 506 111 569 598 226 348 386 345
20
567 562 321 519 117 450 493 371 121 244 389 351 239 527 462 419 336 172 321 402
20
197 188 184 306 576 509 382 453 100 450 349 539 208 482 599 444 506 581 344 141
20
271 335 589 456 307 564 575 126 236 397 288 303 510 463 564 238 353 225 392 366
20
441 513 197 435 459 420 213 489 573 423 346 227 253 141 208 582 221 145 278 193
20
493 159 238 251 393 339 357 105 354 572 572 264 257 270 344 307 295 593 345 481
20
260 206 118 511 382 384 445 381 568 589 315 109 263 301 528 289 420 346 568 461
20
453 111 563 361 281 473 126 124 236 350 183 222 512 235 422 383 211 229 242 454
20
218 168 120 113 417 474 129 265 109 564 490 390 564 242 419 370 520 123 567 194
20
277 577 171 233 106 417 314 118 587 291 489 127 243 467 393 300 555 430 344 536
20
291 495 158 443 169 266 272 298 551 557 449 108 237 161 254 400 411 215 520 359
20
550 202 167 233 583 583 431 483 442 276 518 317 349 336 374 231 561 320 261 160
20
383 331 228 292 505 176 378 182 369 265 260 159 378 359 275 166 428 141 463 106
20
557 283 238 418 193 291 141 112 129 519 208 457 582 516 433 354 397 301 440 381
20
179 510 250 398 265 430 473 381 478 357 391 164 439 122 372 397 398 292 546 317
20
261 191 301 429 431 369 540 341 343 531 259 221 447 147 203 239 494 293 544 402
20
384 485 290 522 382 489 574 162 491 362 261 422 360 127 449 447 203 277 157 517
20
540 362 324 279 405 107 317 130 374 286 578 449 237 287 485 442 128 150 440 265
20
562 595 570 272 148 181 389 554 148 237 281 302 383 519 315 156 427 262 244 142
20
497 299 593 253 327 505 510 370 253 322 177 542 346 277 552 363 275 184 154 573
20
506 210 124 167 167 218 543 181 492 188 370 515 565 334 230 150 448 390 560 119
20
185 337 421 484 543 578 594 317 326 132 515 434 244 545 308 491 386 344 356 169
20
285 147 252 141 467 142 517 226 533 130 405 526 151 261 442 168 318 105 133 266
20
234 303 422 173 194 364 124 167 163 239 224 319 317 117 373 440 465 425 115 216
20
203 124 540 223 111 476 394 399 336 110 513 170 216 211 374 154 439 538 220 126
20
513 519 153 329 389 529 117 493 367 268 374 597 469 207 409 566 543 588 546 508
20
276 273 516 571 190 293 409 576 412 262 309 172 175 278 240 246 434 340 342 313
20
541 556 169 317 326 508 312 223 493 313 212 103 166 272 137 181 382 570 443 188
20
242 387 221 426 373 120 200 137 588 194 185 422 504 207 478 562 162 189 311 155
20
101 441 317 372 375 554 573 548 495 403 326 470 152 113 266 159 216 283 433 544
20
190 490 143 542 450 448 343 357 119 181 126 356 471 562 474 534 230 503 126 489
20
259 585 164 297 464 577 369 163 405 413 452 430 314 162 280 402 369 262 106 392
20
516 594 332 215 176 332 305 555 391 562 545 251 491 190 307 408 515 160 203 558
20
338 583 134 308 598 600 143 447 172 199 326 401 221 595 431 544 229 473 457 129
20
555 457 165 491 581 224 223 170 169 218 284 310 205 277 109 152 187 300 466 529
20
233 388 201 135 255 391 346 561 551 126 569 460 454 258 451 107 185 414 499 285
20
257 180 142 150 347 423 123 290 582 149 561 203 359 436 297 592 375 334 402 447
20
561 256 472 204 539 488 351 553 192 491 457 248 319 104 405 169 192 518 566 319
20
206 370 284 487 205 193 129 444 589 103 146 333 550 398 187 264 243 426 276 487
20
562 408 139 558 265 372 125 164 418 587 471 209 144 334 578 517 458 300 271 216
20
191 329 355 256 466 385 249 200 233 388 484 587 106 292 506 117 578 375 362 395
20
309 147 492 577 382 155 120 535 554 180 492 517 390 200 456 297 503 311 593 445
20
415 572 413 323 421 574 310 469 439 537 411 348 301 259 384 351 266 208 311 379
20
325 190 106 329 166 491 249 532 213 159 539 319 586 460 510 368 566 490 208 188
20
154 172 122 151 297 156 493 465 484 517 475 386 167 358 277 497 490 268 367 168
20
175 584 391 567 101 476 261 450 291 453 395 229 139 103 116 493 242 108 172 136
20
242 378 211 161 361 398 408 222 456 527 567 596 203 173 153 499 295 458 113 299
20
289 527 525 126 148 224 317 432 417 193 316 317 264 434 555 228 137 485 187 462
20
499 574 216 382 231 344 402 576 230 305 195 289 286 225 263 449 372 183 412 100
20
239 175 324 312 428 274 262 103 196 251 320 387 256 359 302 584 118 407 387 565
20
226 442 260 331 213 208 175 547 119 312 214 397 268 297 280 556 440 243 581 229
20
375 186 390 360 173 532 249 533 323 493 396 295 333 416 402 285 186 400 285 254
20
465 298 460 107 407 261 326 120 412 228 253 324 259 509 520 260 293 120 179 221
20
593 510 584 327 237 167 161 444 185 302 542 425 449 155 180 399 569 415 216 265
20
101 373 575 587 413 178 569 263 513 141 399 381 435 555 571 411 426 376 348 540
20
491 305 123 506 114 434 341 238 392 112 218 436 383 521 198 494 228 142 229 411
20
535 592 172 564 282 244 442 568 403 229 295 330 239 548 485 455 252 249 103 480
20
161 119 244 524 514 442 260 495 375 131 292 106 253 291 538 374 498 553 361 488
20
591 566 420 271 522 555 167 262 584 381 565 215 383 570 255 444 188 116 358 517
20
428 347 161 258 310 133 520 170 411 432 591 489 310 367 361 313 565 406 409 346
20
106 388 428 197 497 283 200 333 218 439 392 233 478 546 269 396 491 169 230 294
20
386 583 593 365 562 350 105 163 536 271 174 111 533 369 259 126 489 525 159 576
20
366 314 359 135 225 218 579 129 382 339 555 586 517 595 406 397 444 328 158 249
20
349 206 582 197 257 557 387 497 571 570 248 175 202 179 268 131 234 292 145 104
20
399 110 439 150 400 560 265 544 463 566 428 590 440 588 409 202 365 499 277 325
20
258 275 268 156 492 332 599 210 431 259 330 521 181 353 537 165 172 254 229 464
20
255 166 327 437 225 151 465 408 557 145 580 366 148 416 404 128 556 431 154 136
20
537 214 468 580 161 254 596 575 263 483 437 172 106 178 149 280 111 570 431 371
20
456 395 250 267 227 332 337 514 374 139 164 368 164 240 580 441 473 594 521 297
20
184 229 513 409 169 244 240 409 128 178 461 147 288 451 265 186 438 503 322 361
20
198 279 247 120 435 229 600 441 357 271 525 225 302 585 383 133 465 400 289 179
20
541 439 423 134 399 210 255 451 308 244 276 599 155 120 328 166 455 448 170 358
20
162 331 200 262 428 474 249 549 534 324 496 532 103 146 449 112 246 162 386 271
20
368 565 498 450 453 164 527 246 153 379 438 595 183 569 596 154 591 239 592 470
20
190 186 571 532 562 287 240 588 451 512 269 351 454 312 536 454 577 172 533 558
20
323 212 148 346 554 149 254 259 421 549 349 363 248 542 123 258 595 159 500 143
20
104 124 404 508 238 513 533 416 530 120 203 240 461 314 310 347 508 173 270 320
20
224 441 332 466 320 201 168 549 561 393 290 300 137 152 303 125 477 408 339 136
20
461 145 197 596 409 280 414 259 446 168 166 329 186 224 326 216 552 493 454 341
20
558 157 459 501 289 323 173 361 230 250 119 470 272 248 156 485 201 429 374 293
20
224 342 584 306 281 528 370 530 231 151 201 437 572 152 502 273 291 483 460 596
20
374 510 158 447 236 521 247 237 245 155 264 272 388 391 485 585 194 222 445 461
20
591 252 492 188 185 153 281 581 339 417 201 221 489 202 398 366 151 175 446 495
20
485 543 555 468 419 482 231 233 503 120 436 269 589 493 436 197 434 422 551 461
20
255 373 528 216 258 386 494 315 553 373 221 584 486 407 197 284 242 178 321 535
20
146 539 303 487 490 500 592 547 149 211 500 457 178 487 474 294 344 403 277 592
20
485 370 385 167 434 115 252 373 289 118 447 489 130 521 507 333 507 332 468 140
20
147 384 155 364 531 127 239 246 391 282 297 286 428 314 551 227 515 575 334 593
20
219 234 122 459 567 588 452 224 164 120 187 594 374 138 356 131 397 374 471 215
20
269 600 503 131 173 170 149 339 160 368 234 361 276 223 320 218 203 274 274 114
20
553 123 289 291 361 208 456 474 430 305 157 489 320 343 379 418 358 510 575 538
20
519 153 481 217 467 215 184 469 407 207 484 495 306 426 287 304 196 324 504 245
20
118 421 252 135 117 141 214 162 254 143 578 319 509 512 383 373 436 518 381 461
20
404 544 545 549 403 227 500 345 207 549 331 426 241 267 191 107 572 460 337 336
20
554 379 476 461 563 318 195 227 501 499 479 376 239 265 554 547 597 373 343 398
20
406 549 169 379 342 586 499 197 224 276 300 139 272 296 206 500 261 502 257 133
20
230 541 528 522 208 100 257 405 368 551 151 380 467 138 375 190 545 523 209 146
20
305 139 176 207 365 534 404 308 283 387 206 395 437 341 242 326 197 187 250 328
20
221 446 108 281 292 340 438 558 336 217 310 507 551 461 504 408 490 532 313 247
20
512 368 465 290 255 213 318 261 156 130 441 594 298 579 333 144 484 463 189 231
20
509 376 557 119 382 462 230 478 517 139 469 226 263 564 284 273 100 221 138 458
20
469 346 220 471 324 408 532 216 260 371 395 190 561 293 316 220 494 291 460 337
20
589 296 235 507 373 339 237 428 117 502 499 422 592 433 294 121 160 426 550 370
20
244 596 152 317 526 504 188 349 565 468 275 138 415 210 119 298 170 190 435 328
20
185 541 353 492 362 416 548 435 347 444 570 220 549 373 463 482 490 355 441 373
20
409 176 589 284 242 217 128 148 212 128 415 223 569 452 245 458 451 115 582 339
20
558 508 182 392 128 281 599 306 588 211 359 593 142 141 454 128 592 429 186 470
20
389 394 310 216 401 413 134 347 585 439 586 502 418 452 553 164 305 468 265 586
20
335 135 164 482 398 197 216 268 283 191 471 513 222 355 154 128 129 184 219 407
20
478 529 114 492 126 411 412 514 531 190 447 558 267 537 234 595 163 438 372 310
20
550 445 580 597 428 589 434 552 423 407 553 329 195 376 471 205 412 126 567 113
20
281 289 357 185 184 307 445 166 432 397 582 441 532 474 509 529 472 509 345 450
20
179 188 273 148 368 527 229 394 215 539 250 291 486 512 586 231 415 214 376 290
20
363 560 257 183 477 241 414 288 539 255 338 501 593 590 428 593 105 185 106 403
20
397 343 321 115 127 122 588 507 224 397 426 500 351 455 151 277 193 138 304 512
20
483 525 164 524 596 204 211 359 132 345 538 475 187 171 433 301 425 583 115 344
20
132 298 436 348 141 153 238 491 308 385 522 388 267 137 580 223 463 502 494 365
20
128 327 160 150 134 526 359 390 540 208 147 467 504 230 550 543 553 579 301 464
20
572 337 327 144 175 278 264 141 327 494 337 291 120 449 396 372 400 180 342 288
20
536 294 144 182 364 111 143 489 216 242 501 505 209 371 205 398 414 429 356 479
20
492 463 497 166 266 477 113 309 194 147 493 524 427 436 339 177 401 312 452 453
20
194 559 381 301 376 218 353 370 587 407 584 569 182 257 178 435 488 119 288 201
20
576 363 448 363 228 428 301 121 460 412 381 139 208 511 350 144 424 176 553 303
20
278 301 151 115 224 157 453 415 341 580 524 482 106 227 279 370 511 420 398 557
20
338 392 369 219 186 453 334 309 568 129 355 199 335 204 370 418 290 586 583 425
20
423 110 103 428 178 352 444 482 141 285 538 448 210 427 300 406 514 318 304 184
20
563 269 365 169 424 158 203 515 287 416 192 213 151 190 558 445 474 454 133 114
20
547 533 499 304 132 211 522 158 401 148 275 285 270 375 446 359 374 523 442 429
20
391 203 177 579 579 318 276 598 359 296 262 525 221 492 186 401 187 556 174 321
20
186 384 362 540 302 380 361 368 172 152 558 255 325 367 189 264 222 534 358 168
20
228 369 568 132 345 483 370 227 103 163 303 374 531 132 551 161 427 131 575 593
20
147 513 507 415 250 148 391 482 307 306 277 490 509 596 352 414 116 582 154 389
20
160 542 357 515 453 140 236 534 146 333 552 270 447 453 447 521 303 211 388 545
20
437 258 280 212 149 286 246 533 369 248 500 592 133 455 179 242 472 178 408 581
20
519 178 143 503 261 211 199 520 538 131 133 203 255 388 427 293 419 492 555 588
