150
20
329 341 305 379 527 162 490 373 515 499 164 252 499 420 337 111 558 283 140 106
20
473 111 568 424 167 310 571 134 174 504 533 433 241 554 342 312 249 336 399 314
20
327 397 151 492 560 314 572 382 271 204 327 212 248 491 304 278 104 191 334 413
20
245 371 483 205 320 212 374 411 437 277 441 368 161 390 349 492 168 436 488 395
20
120 489 329 240 441 577 444 212 347 128 376 146 414 245 500 476 201 281 128 332
20
270 234 439 540 334 308 491 501 529 518 291 235 238 190 369 473 144 178 200 543
20
119 229 440 148 174 347 172 513 466 494 117 497 146 365 262 540 275 272 523 155
20
223 359 229 545 529 133 143 438 290 575 313 433 298 298 106 496 516 444 370 201
20
451 558 559 594 483 309 492 551 373 131 354 151 257 317 336 389 318 188 387 132
20
300 595 487 335 470 116 276 365 206 453 131 392 173 200 189 254 170 515 278 393
20
145 324 538 183 441 520 552 409 355 598 482 149 381 487 520 579 580 449 445 285
20
416 150 137 584 222 403 315 224 145 117 168 442 462 305 530 399 531 320 279 454
20
533 293 339 284 162 512 372 550 101 335 397 104 395 144 103 569 376 512 237 219
20
258 343 557 205 397 435 546 546 460 431 450 569 159 367 574 283 136 206 522 125
20
555 120 192 554 423 561 587 339 563 236 447 174 501 192 405 406 424 501 519 241
20
107 229 242 262 445 109 320 220 364 442 484 556 568 426 378 473 507 462 369 589
20
297 247 389 176 356 539 571 387 429 425 211 193 304 593 175 217 442 345 342 244
20
470 394 287 329 267 163 379 424 119 211 326 326 494 404 238 137 159 461 267 488
20
307 137 196 510 360 426 157 142 491 471 331 154 581 308 524 121 169 239 206 122
20
523 521 377 420 374 147 269 306 461 333 492 242 401 245 125 496 350 352 570 546
20
369 546 406 137 224 388 257 564 300 164 419 527 241 585 546 447 459 342 334 380
20
323 559 531 500 242 362 171 456 412 246 322 548 343 289 126 600 598 505 122 392
20
217 429 413 303 535 424 457 109 231 557 400 579 518 363 256 579 341 167 155 502
20
211 513 506 495 297 574 325 164 594 158 423 245 307 362 330 162 134 551 392 198
20
339 120 395 277 357 130 461 433 291 529 562 482 406 175 400 159 308 551 247 251
20
512 309 165 590 289 375 343 256 192 159 209 420 181 249 286 455 270 296 379 405
20
180 338 329 328 379 452 295 512 138 318 261 192 554 208 148 142 414 362 298 118
20
565 516 109 273 176 263 373 163 233 449 275 247 370 465 563 190 210 446 301 304
20
541 326 322 243 370 288 320 402 337 567 330 165 304 219 573 112 186 467 291 555
20
272 551 184 240 215 281 186 405 563 104 121 415 427 173 305 166 160 542 186 155
20
188 362 447 570 124 196 499 424 257 311 514 110 466 116 173 469 486 576 592 465
20
371 283 346 516 390 373 283 196 289 146 582 530 521 117 261 254 238 511 495 491
20
534 522 292 217 385 361 287 470 145 338 385 371 329 388 220 117 466 402 332 479
20
365 137 364 277 399 105 210 246 526 577 591 360 216 266 564 469 175 436 102 232
20
377 119 566 305 469 142 370 572 378 328 510 115 246 533 250 440 402 294 562 248
20
117 406 219 482 559 276 150 387 552 162 363 214 598 412 280 416 220 353 330 271
20
366 195 308 177 545 161 248 415 280 200 120 337 361 424 246 203 186 219 193 185
20
279 558 230 549 164 279 167 334 250 198 552 278 310 538 214 266 329 413 188 229
20
510 481 489 320 549 270 372 439 428 493 451 159 572 398 550 266 246 479 301 376
20
493 292 162 179 270 454 507 155 322 571 426 237 451 473 501 470 513 257 367 316
20
297 159 289 523 494 103 163 324 459 481 205 318 337 186 296 507 195 386 171 565
20
589 164 352 533 254 335 578 352 166 570 475 326 528 426 497 131 435 527 357 244
20
312 426 580 357 348 415 385 187 314 114 333 570 545 402 362 479 413 542 427 535
20
444 289 525 297 506 558 263 379 237 171 564 476 460 347 354 502 358 571 266 400
20
523 523 205 123 406 119 417 138 339 417 278 389 146 122 524 256 456 101 431 150
20
350 442 453 213 190 357 451 178 328 344 177 165 573 322 229 259 423 378 269 172
20
134 591 581 387 353 417 588 283 446 361 499 282 402 132 164 302 173 125 178 227
20
242 166 413 577 589 314 543 472 445 567 220 422 185 264 228 131 308 103 535 430
20
512 432 308 340 562 551 113 252 551 304 511 310 536 310 364 552 215 191 145 167
20
175 263 161 452 536 551 295 310 185 271 190 272 445 305 271 538 220 278 199 589
20
374 343 183 507 388 443 323 579 598 146 410 322 532 426 305 192 264 470 398 511
20
200 302 577 205 532 104 508 522 276 480 326 239 357 394 465 107 210 424 424 347
20
465 208 470 345 281 286 277 543 403 195 450 241 291 524 432 243 342 286 146 456
20
459 569 166 592 208 106 361 580 373 105 503 288 502 583 420 572 528 384 166 420
20
547 403 280 316 396 207 415 299 565 192 514 379 585 478 142 556 255 216 539 344
20
400 424 439 416 225 406 349 579 271 441 149 480 511 204 446 173 415 326 282 542
20
153 108 438 577 267 538 295 476 476 530 315 267 567 183 181 545 461 460 431 425
20
207 353 506 458 400 338 572 348 155 527 224 168 283 567 159 484 265 231 550 596
20
113 594 154 577 342 354 286 317 117 571 543 111 229 368 344 351 107 185 407 346
20
594 311 344 271 532 388 557 267 305 520 340 579 227 379 556 298 500 242 488 464
20
245 144 239 277 397 345 554 442 440 565 267 304 569 247 241 191 199 517 350 474
20
380 399 187 391 511 278 247 409 112 306 350 313 583 157 420 437 287 467 294 449
20
148 414 250 153 511 581 416 577 467 490 271 479 546 470 178 198 333 545 471 435
20
321 460 572 331 330 238 535 485 170 210 565 310 134 598 154 135 236 155 170 222
20
570 428 538 423 476 362 124 195 442 164 334 503 150 327 362 242 229 224 456 600
20
247 235 185 341 163 416 109 589 181 199 205 375 566 264 205 543 304 163 232 495
20
282 156 397 432 176 550 338 538 420 247 129 293 100 116 116 197 487 532 186 275
20
138 438 164 308 583 184 364 220 154 535 233 485 149 555 161 246 546 121 405 293
20
334 346 563 502 418 134 228 512 374 305 287 402 273 205 219 389 527 191 455 422
20
578 510 391 220 204 574 351 340 392 130 154 443 160 151 519 197 299 140 596 305
20
111 114 470 426 368 540 417 127 344 335 398 149 563 223 477 490 508 551 227 409
20
486 442 180 296 517 199 553 298 509 589 596 459 225 344 343 185 562 252 383 542
20
155 551 555 551 436 257 423 325 369 455 306 127 359 578 548 573 202 463 410 372
20
227 310 553 555 259 417 512 277 131 271 189 583 100 205 500 418 442 555 298 304
20
430 522 279 225 355 125 440 142 417 312 301 397 393 441 112 597 131 261 592 509
20
353 598 105 468 228 308 595 491 152 110 440 190 484 596 189 397 493 285 124 460
20
320 283 462 149 466 431 533 335 198 187 432 201 378 308 480 150 187 277 522 225
20
552 347 464 220 484 296 316 327 484 208 133 393 449 395 175 436 525 333 432 421
20
107 234 551 125 190 303 488 310 270 568 212 172 207 231 490 427 394 565 564 123
20
510 525 131 302 281 431 500 275 418 516 154 187 590 474 168 135 439 266 515 132
20
175 273 235 579 593 556 327 108 495 366 452 464 348 200 511 322 255 414 520 135
20
206 458 280 389 162 579 353 271 313 324 565 164 253 361 234 206 503 340 420 425
20
540 305 434 466 131 156 420 264 490 282 595 542 530 443 581 255 425 359 292 494
20
303 290 598 336 262 539 181 194 266 518 522 521 532 434 469 332 567 298 394 284
20
209 311 550 429 505 182 333 185 535 528 447 124 118 358 244 324 412 513 543 157
20
506 490 418 166 230 576 115 543 193 590 593 123 300 451 386 562 505 429 515 486
20
543 441 433 558 186 212 599 574 215 599 162 221 249 111 430 408 583 266 465 112
20
268 470 172 408 485 222 263 202 106 140 346 501 506 431 389 110 483 238 597 418
20
252 405 169 172 124 438 293 430 240 142 104 587 508 281 370 114 386 315 392 516
20
402 224 370 138 229 600 106 470 290 258 561 216 195 223 344 594 453 205 377 306
20
369 562 208 499 538 264 571 202 144 260 372 413 514 572 370 460 227 488 399 201
20
595 542 552 107 310 471 258 109 483 361 361 228 461 413 590 528 470 523 375 238
20
572 243 536 557 411 309 469 120 114 119 124 198 364 415 541 506 481 250 134 362
20
314 251 188 149 523 392 313 491 133 365 338 568 386 448 160 341 358 453 597 117
20
446 374 360 576 319 443 445 444 483 433 243 325 591 484 315 146 108 407 393 169
20
411 133 304 562 600 585 276 313 321 168 118 262 523 308 521 126 323 463 272 449
20
514 181 296 144 539 197 423 265 262 375 404 491 205 294 463 540 222 316 446 314
20
148 214 457 401 184 101 394 136 365 468 365 598 131 311 433 489 544 237 176 518
20
526 139 478 526 342 521 196 211 408 154 524 161 402 404 164 232 134 234 464 568
20
537 528 162 462 523 191 422 402 395 133 160 226 327 359 528 194 228 542 574 477
20
415 413 222 470 520 358 503 197 370 150 509 196 361 381 435 335 441 359 292 521
20
560 150 359 155 437 292 404 229 317 385 167 434 471 205 317 526 161 472 410 374
20
594 576 190 314 360 140 415 446 384 238 260 553 216 426 592 383 136 562 453 306
20
260 552 387 368 327 302 226 569 598 308 351 471 376 443 340 370 420 138 223 235
20
321 504 249 294 303 259 344 328 279 487 318 546 314 420 150 546 459 195 232 556
20
458 239 231 540 116 566 146 520 459 503 264 226 547 471 495 219 480 342 470 303
20
503 233 385 285 306 392 334 509 236 285 375 274 114 490 459 281 562 411 455 299
20
585 118 300 520 290 444 519 393 597 216 356 292 252 180 443 192 117 285 504 313
20
375 556 443 528 472 326 324 130 127 230 210 230 330 435 301 380 310 181 487 116
20
148 406 388 310 269 560 328 577 433 167 357 383 572 543 393 239 319 193 205 304
20
446 347 541 346 434 528 305 401 133 378 123 401 344 369 274 496 537 378 250 312
20
187 558 598 464 467 481 212 471 380 238 203 209 435 434 555 539 286 491 543 469
20
254 368 461 424 385 326 576 120 176 170 158 163 504 337 255 558 334 256 231 123
20
167 396 350 260 558 107 232 212 225 472 274 400 345 245 529 421 154 276 167 568
20
216 466 194 117 198 460 214 494 407 426 440 382 578 562 315 594 303 552 280 547
20
424 188 506 504 592 130 255 310 199 120 536 368 445 154 192 189 306 155 101 254
20
300 182 474 548 380 559 261 135 587 330 225 218 599 102 497 203 461 467 315 524
20
352 442 359 184 393 312 295 421 284 102 326 124 550 511 369 444 465 367 590 419
20
531 577 169 459 497 383 234 334 456 291 444 129 439 426 425 502 444 563 564 253
20
382 348 505 256 588 332 138 417 229 217 185 362 137 525 363 213 344 364 442 225
20
440 455 127 433 161 174 361 167 250 384 490 437 468 395 320 522 248 121 246 401
20
513 338 527 351 523 536 449 176 478 198 252 387 494 591 127 173 457 190 242 496
20
565 288 218 137 552 265 265 316 267 158 225 232 202 572 232 211 238 202 584 579
20
105 407 437 592 331 405 177 481 524 169 582 456 280 202 539 262 437 179 344 203
20
509 494 283 145 552 345 264 276 534 395 387 568 150 333 176 579 443 461 126 545
20
172 343 352 240 403 532 467 353 511 500 259 146 440 153 303 243 588 459 432 202
20
540 138 305 312 128 301 536 313 372 145 118 449 273 102 206 456 173 565 512 386
20
291 347 121 155 311 312 473 112 202 122 137 184 340 153 167 126 186 553 472 530
20
245 565 100 291 114 187 556 503 188 282 200 147 301 207 115 536 240 156 282 336
20
409 468 162 534 379 421 287 526 573 398 502 136 438 114 514 465 363 117 499 265
20
567 362 285 588 384 292 455 206 295 112 269 435 408 116 528 460 141 387 122 356
20
451 348 293 355 553 342 365 309 224 568 265 406 216 400 318 472 531 155 209 411
20
308 279 260 279 516 286 182 186 283 517 266 343 407 267 324 518 532 350 405 156
20
112 383 543 106 107 149 353 499 186 376 541 102 512 563 235 400 322 137 508 360
20
201 545 241 188 492 453 105 407 599 378 289 202 448 541 172 345 263 360 241 142
20
363 288 436 278 184 142 502 492 471 265 358 191 525 508 533 346 205 512 558 169
20
549 389 548 137 279 378 368 135 521 599 241 294 428 470 117 493 250 418 280 290
20
381 288 110 278 110 360 241 390 478 359 253 391 279 278 297 472 101 178 368 515
20
287 120 410 577 358 277 582 123 402 221 304 488 356 202 531 286 256 346 155 492
20
362 437 222 130 463 103 209 410 113 570 454 383 427 170 509 182 116 255 252 418
20
331 198 286 463 177 167 564 294 276 600 447 206 587 536 210 379 245 150 115 353
20
323 525 272 137 138 442 367 255 362 553 374 565 549 362 341 166 532 228 599 231
20
152 407 310 160 551 454 415 289 493 203 591 253 223 279 362 321 266 593 410 214
20
232 203 315 194 585 258 226 385 264 216 281 342 413 474 580 542 507 325 261 490
20
482 387 241 247 197 516 164 592 497 468 108 526 475 316 121 460 304 134 371 566
20
116 528 247 349 415 187 100 488 594 319 386 106 521 482 236 438 272 452 266 534
20
290 199 229 524 341 349 369 411 568 428 401 233 574 347 504 122 112 176 420 598
20
373 121 213 472 461 226 597 389 329 306 226 383 490 516 273 551 566 216 169 406
20
219 597 582 111 542 125 289 255 139 590 485 266 378 298 391 467 533 461 307 438
20
168 445 417 478 500 496 541 229 491 349 329 286 125 512 485 567 384 409 388 597
