150
20
365 461 210 395 200 586 253 349 582 152 487 494 273 545 587 270 572 357 367 161
20
436 130 333 462 279 487 466 355 332 431 569 553 367 119 560 385 523 556 317 231
20
332 446 273 183 172 551 464 573 266 401 527 133 405 569 232 387 317 300 385 489
20
236 477 589 309 463 178 594 273 221 221 271 387 266 290 539 534 577 419 550 597
20
536 543 261 563 318 506 103 483 467 410 117 262 257 374 496 352 103 452 282 314
20
389 434 145 248 501 366 136 452 425 305 590 402 494 234 296 347 104 433 293 255
20
502 514 222 149 350 469 255 314 458 181 327 393 501 454 477 434 324 579 434 163
20
597 434 582 133 201 444 501 581 150 513 395 433 437 485 284 206 223 548 252 281
20
294 169 367 350 583 547 321 103 449 338 355 112 533 551 256 111 260 510 283 547
20
462 296 484 304 406 286 242 509 372 134 247 284 314 317 124 427 172 523 499 537
20
126 472 323 489 142 388 382 251 587 288 368 595 266 493 424 306 507 509 537 214
20
150 366 560 415 394 248 223 273 492 417 345 292 387 588 259 586 215 243 368 378
20
395 267 141 395 147 284 324 352 368 269 384 212 261 212 296 580 453 450 435 171
20
206 129 522 224 554 170 536 154 484 297 363 459 463 536 436 400 420 484 426 546
20
427 417 369 352 189 598 125 453 483 372 107 522 543 311 439 232 520 121 562 291
20
252 350 578 344 474 311 580 406 443 429 122 288 454 161 479 535 225 419 203 547
20
461 244 312 594 542 196 483 186 581 466 562 237 492 323 548 404 478 507 178 529
20
347 337 242 354 596 320 473 292 117 394 591 159 323 120 441 495 568 570 393 177
20
127 447 312 443 212 339 295 439 596 384 283 598 149 527 229 390 282 111 186 469
20
599 482 185 192 523 194 233 430 552 455 191 592 287 378 495 464 150 558 158 192
20
214 567 288 587 223 547 415 491 231 549 492 298 441 215 573 465 109 372 246 228
20
260 588 422 167 564 430 200 125 382 297 134 572 486 265 171 549 103 256 295 343
20
383 139 553 449 265 265 467 388 477 111 445 317 580 135 308 279 571 345 551 314
20
415 430 161 121 529 246 123 113 434 226 135 134 245 516 321 511 193 286 589 330
20
279 245 510 370 214 468 235 171 274 560 505 436 158 331 504 446 314 403 248 297
20
218 432 591 447 583 375 201 159 222 408 512 204 526 386 376 253 193 209 547 363
20
247 580 278 276 140 200 307 196 301 354 193 240 479 565 566 560 225 436 510 564
20
406 181 267 475 204 384 104 235 133 118 414 508 213 541 147 386 556 260 398 337
20
168 585 447 197 256 104 245 350 254 362 340 263 198 362 534 583 369 406 398 346
20
160 321 364 352 353 246 439 165 226 174 565 449 496 302 159 342 225 442 575 476
20
151 209 411 549 471 532 472 352 295 194 301 160 584 409 305 574 278 514 297 449
20
237 474 392 207 358 117 506 262 288 222 552 555 165 182 346 518 525 347 574 535
20
509 137 282 426 375 362 299 299 270 285 476 505 242 300 232 506 175 350 563 427
20
587 171 503 418 416 513 222 120 176 440 465 397 215 515 474 490 261 556 453 179
20
122 324 218 482 322 491 539 474 436 147 591 475 320 524 357 363 276 312 384 116
20
278 258 564 515 496 200 128 499 489 588 160 346 156 424 530 158 296 584 158 261
20
233 555 541 448 489 143 359 212 477 455 521 100 286 293 286 579 229 405 323 319
20
414 316 307 365 558 327 309 110 249 366 483 198 133 277 228 409 508 430 216 245
20
556 552 361 137 315 308 559 195 374 150 194 302 319 240 332 445 290 255 382 569
20
540 411 287 394 243 279 319 307 182 526 122 499 436 538 556 247 587 215 148 275
20
439 496 483 504 276 509 518 277 319 417 127 408 485 223 224 554 193 437 412 298
20
194 199 238 369 427 326 143 494 308 226 565 373 235 260 380 419 520 489 188 424
20
482 475 278 367 303 299 513 285 357 276 214 111 252 595 504 453 266 282 400 411
20
524 521 552 480 581 338 234 452 207 476 378 189 433 151 187 200 402 206 566 244
20
124 380 517 235 108 324 433 593 398 389 354 204 248 551 232 477 414 192 130 221
20
123 559 446 232 317 410 557 154 484 121 465 380 520 119 566 278 227 346 361 362
20
577 570 108 117 149 539 164 132 393 105 519 326 161 518 303 154 546 356 588 104
20
198 458 586 347 591 260 467 583 460 106 324 383 395 228 408 274 259 226 155 352
20
312 171 307 456 487 374 133 160 442 141 232 564 467 146 596 260 208 111 579 380
20
406 156 133 595 442 218 331 219 574 188 587 398 237 215 287 429 567 451 578 110
20
161 528 344 279 228 495 504 305 238 426 145 130 165 144 305 440 289 395 600 398
20
213 152 450 412 484 214 138 194 308 261 455 574 412 358 120 236 579 444 152 504
20
307 273 596 275 147 409 553 544 511 514 523 367 440 474 516 212 184 584 291 175
20
192 532 319 227 205 348 268 185 325 241 116 212 470 365 451 590 493 399 149 312
20
488 268 524 288 151 389 261 271 117 199 491 201 574 522 233 501 193 390 179 265
20
220 244 116 451 441 166 123 347 120 335 466 365 277 209 485 513 187 216 170 354
20
343 110 584 279 286 411 159 427 580 122 415 381 356 278 388 394 579 332 116 583
20
253 314 432 453 133 555 589 320 419 145 567 344 461 121 246 308 554 331 563 194
20
397 118 156 492 456 116 472 441 181 511 417 472 383 213 594 517 408 225 476 308
20
549 346 159 297 246 541 493 165 271 464 403 265 266 180 173 558 130 196 525 220
20
395 324 394 570 159 159 562 377 412 320 222 555 252 214 410 531 379 594 257 575
20
454 285 583 318 573 314 232 575 451 375 296 319 577 445 326 414 276 397 579 441
20
237 417 162 190 225 559 415 514 384 116 312 463 256 370 248 501 164 557 167 590
20
519 211 493 447 547 408 332 545 290 213 155 477 425 110 174 527 278 583 492 554
20
316 248 216 536 362 308 265 579 396 518 590 266 119 392 516 225 108 554 533 255
20
203 151 169 178 575 567 215 407 282 486 156 530 386 424 172 542 573 328 315 482
20
461 560 368 190 352 243 333 589 569 516 541 475 296 138 139 256 159 116 134 416
20
271 582 453 212 225 260 136 353 401 138 201 408 358 249 348 139 514 505 437 362
20
334 550 244 452 514 505 308 586 595 493 245 519 130 416 181 576 476 169 578 433
20
389 270 463 261 254 137 349 453 323 487 131 583 595 473 100 180 148 234 596 297
20
304 366 212 527 120 185 377 368 455 425 234 505 460 440 554 195 252 495 270 567
20
149 263 308 174 419 541 251 457 283 171 303 216 598 174 473 349 204 518 304 512
20
373 267 349 158 185 474 453 567 416 114 139 350 210 467 193 391 374 586 453 404
20
326 432 560 157 397 196 471 225 394 465 597 399 320 389 473 381 320 441 482 333
20
390 581 130 383 147 282 591 412 514 125 155 134 466 483 362 252 478 307 486 514
20
282 513 144 169 159 448 375 510 346 401 478 183 120 215 363 171 220 240 280 432
20
493 404 592 180 216 452 411 336 342 264 318 140 446 412 446 391 273 169 317 108
20
402 468 226 551 307 309 146 283 287 544 457 238 124 449 257 210 171 189 404 311
20
279 321 112 289 102 477 249 380 284 328 133 137 355 270 245 199 221 290 468 421
20
462 442 386 527 562 334 238 543 428 259 255 444 517 138 259 520 522 455 418 389
20
580 237 293 295 452 592 169 177 405 297 315 404 233 481 114 486 440 377 142 452
20
505 209 494 448 427 555 393 362 339 100 157 407 545 212 416 154 359 476 481 119
20
176 489 276 224 262 164 536 176 100 207 123 382 430 123 262 210 333 183 167 564
20
438 183 320 375 285 329 302 266 431 355 451 342 160 191 514 218 349 165 528 561
20
531 585 368 338 446 429 165 365 554 530 262 250 596 271 570 140 586 199 588 596
20
101 472 293 100 179 550 558 244 515 534 240 447 493 323 328 197 170 491 574 500
20
208 126 556 117 362 337 157 455 498 576 543 334 138 466 258 513 463 356 190 290
20
203 366 585 356 221 476 141 333 408 457 461 425 180 415 541 479 446 255 108 369
20
352 144 521 537 293 421 594 295 471 337 177 371 594 156 254 558 514 376 477 212
20
344 461 341 435 546 574 301 380 564 239 419 513 354 432 334 354 154 497 360 210
20
375 295 197 185 559 528 523 113 298 401 594 265 443 260 558 238 591 123 144 351
20
466 271 103 210 542 399 161 357 243 167 473 320 147 102 478 439 131 594 561 281
20
314 113 269 180 299 109 171 188 103 275 233 566 600 422 370 227 171 487 101 598
20
374 536 470 578 566 557 124 439 541 592 575 104 509 305 595 130 122 273 128 534
20
162 471 569 300 210 471 537 356 408 511 598 332 416 361 400 228 142 119 262 140
20
211 296 151 248 508 597 173 384 207 159 206 330 126 512 442 366 315 499 546 412
20
326 436 276 174 383 395 111 212 220 357 188 141 114 380 341 112 252 555 391 218
20
480 290 326 418 225 565 433 584 574 338 124 463 406 350 480 429 155 203 583 457
20
278 138 591 505 530 599 374 590 104 125 354 507 203 440 572 250 412 242 579 119
20
258 521 272 564 389 259 182 230 338 479 381 223 171 538 549 233 587 341 599 600
20
115 554 208 308 193 306 549 239 251 138 449 537 136 284 176 516 123 383 588 283
20
451 462 376 368 277 108 236 145 140 366 263 225 284 590 594 460 319 183 552 397
20
187 450 380 477 223 105 492 305 109 569 352 350 285 570 542 191 111 116 314 547
20
364 159 361 405 188 479 359 373 477 384 157 275 358 504 560 142 405 420 554 561
20
174 186 355 543 244 104 474 133 273 538 479 173 569 174 229 463 422 491 365 542
20
536 417 358 352 340 246 322 160 410 463 589 343 274 354 538 149 371 138 560 392
20
468 326 548 274 413 529 458 245 592 576 280 246 324 429 499 380 269 118 123 198
20
298 571 135 227 297 242 334 520 302 365 340 322 327 540 387 539 549 277 504 594
20
375 297 482 524 587 542 509 208 144 141 565 342 362 147 509 486 111 386 501 349
20
286 129 197 151 109 235 598 170 224 324 267 484 172 499 350 307 515 201 284 488
20
247 485 494 363 465 476 480 240 429 266 218 422 530 241 114 451 221 495 178 472
20
153 116 135 159 412 435 100 347 559 302 187 512 355 468 370 534 391 158 235 378
20
317 455 240 278 125 555 429 284 333 313 107 350 356 600 459 230 154 149 486 387
20
243 206 128 211 359 109 579 471 249 221 126 121 243 526 190 396 562 253 423 132
20
513 563 336 501 545 353 252 570 122 553 169 366 589 359 285 417 576 591 275 570
20
548 588 546 151 217 244 120 284 393 398 263 412 256 359 383 241 345 510 409 444
20
218 550 362 482 338 271 292 411 119 467 183 469 571 239 515 381 141 310 306 356
20
218 284 585 250 480 148 298 367 234 529 266 187 324 352 334 220 159 201 252 110
20
237 302 423 452 224 232 500 330 189 571 435 516 142 353 324 223 422 467 319 442
20
176 381 524 201 590 105 459 133 161 525 538 483 412 250 193 148 482 388 138 470
20
344 414 281 219 586 150 402 227 527 115 228 387 492 124 168 190 203 396 188 534
20
345 488 527 463 452 502 494 429 299 166 535 455 285 540 571 392 222 376 313 563
20
254 508 449 178 596 517 143 187 576 285 110 510 215 192 343 285 378 129 535 200
20
545 284 213 237 287 101 568 161 490 598 400 214 429 406 350 385 567 316 533 366
20
158 528 493 549 272 377 477 412 196 122 135 539 304 286 580 530 122 479 590 138
20
368 144 518 587 478 214 280 312 476 319 461 546 451 305 471 139 441 119 415 572
20
274 254 596 576 420 539 181 318 296 405 238 286 190 502 110 483 309 114 343 248
20
185 277 161 253 422 407 352 283 476 192 348 310 536 129 195 499 385 202 564 240
20
203 417 127 451 386 244 487 326 188 453 467 455 313 209 401 371 321 249 119 121
20
218 133 269 466 128 293 247 157 443 283 196 599 555 166 553 541 574 536 228 370
20
123 361 509 440 143 578 260 172 419 263 261 333 471 588 192 303 257 349 397 515
20
379 141 585 228 560 209 340 488 350 395 278 408 133 196 543 309 448 278 594 528
20
351 216 560 469 198 261 486 358 209 360 273 434 471 455 125 194 154 303 476 255
20
390 256 482 119 281 572 218 143 364 595 361 364 353 467 386 305 399 510 508 580
20
451 302 557 574 538 536 425 321 505 294 306 347 503 241 538 369 240 595 452 316
20
295 466 270 252 187 526 493 294 500 536 243 435 481 260 158 495 497 104 544 340
20
317 536 294 589 259 199 241 326 230 408 130 258 532 482 293 199 385 415 455 217
20
484 444 352 552 457 370 105 318 510 429 127 216 549 451 468 418 488 212 220 130
20
364 287 133 309 395 549 376 449 348 136 316 392 510 507 421 502 177 278 172 527
20
353 363 177 135 469 383 327 589 499 233 352 552 427 431 531 145 212 197 578 400
20
508 418 486 561 134 533 278 106 313 254 470 123 572 206 429 450 464 208 569 415
20
314 483 255 547 319 474 303 437 466 392 269 124 344 397 155 522 595 385 449 467
20
553 337 191 542 363 290 524 281 348 333 476 600 260 510 140 598 175 354 551 145
20
373 489 284 274 340 294 220 359 455 286 299 329 273 405 278 234 340 532 345 399
20
525 206 289 545 570 573 167 338 104 291 366 515 363 412 371 442 442 375 151 248
20
363 433 495 110 467 183 116 586 117 544 594 294 349 600 123 250 498 446 393 517
20
300 217 294 269 454 248 596 426 584 226 231 589 139 315 524 411 234 415 122 263
20
234 348 162 593 267 563 270 268 352 455 485 505 134 494 475 525 482 368 173 235
20
566 359 206 271 348 160 587 347 411 552 110 218 308 128 520 396 535 332 251 135
20
503 377 585 569 307 193 561 149 156 315 197 530 387 364 442 365 283 443 222 520
