150
20
208 356 347 548 304 191 543 104 377 135 518 217 515 135 238 428 304 356 524 145
20
382 315 167 434 423 406 416 179 470 301 222 563 326 558 416 569 410 340 232 248
20
493 366 299 320 491 376 495 574 478 165 377 516 596 192 189 534 378 162 481 427
20
419 106 527 510 122 344 152 362 165 461 443 343 516 120 206 585 115 460 513 172
20
475 351 495 270 403 331 314 469 234 230 203 532 360 384 404 126 369 264 356 205
20
123 341 143 124 221 213 431 491 339 532 403 399 164 544 561 154 490 561 176 464
20
159 523 357 206 186 159 350 137 522 221 518 512 236 271 157 505 192 588 349 590
20
452 271 179 325 315 324 235 576 564 285 162 149 371 115 388 158 554 115 236 531
20
280 266 290 322 513 565 457 305 190 162 193 249 561 370 141 169 384 240 486 241
20
533 545 105 588 589 391 411 222 400 341 462 291 318 527 442 417 509 103 163 382
20
402 205 501 283 418 543 417 403 224 223 509 473 196 180 531 236 137 564 345 590
20
462 485 594 478 542 308 309 396 265 444 245 349 570 285 213 322 333 332 354 483
20
399 216 146 536 593 313 317 272 231 366 246 221 262 104 386 123 389 189 356 265
20
563 592 527 404 106 555 298 222 205 310 111 514 339 282 279 486 509 309 122 540
20
257 156 596 285 436 332 109 497 170 557 105 471 344 308 509 170 249 252 125 235
20
171 315 117 483 550 184 419 521 443 146 304 553 590 457 318 201 534 317 317 596
20
400 168 216 289 529 409 501 389 540 162 281 414 254 405 210 528 105 411 483 226
20
137 484 285 303 451 140 284 599 167 293 222 225 198 541 314 231 469 482 181 174
20
164 144 185 228 118 225 151 177 160 228 587 550 510 246 591 214 542 210 381 149
20
303 251 457 346 571 501 373 216 562 414 519 290 207 363 512 250 502 331 118 286
20
534 177 380 396 272 255 427 149 277 291 342 304 242 474 410 170 126 509 265 322
20
519 360 260 175 157 539 499 286 315 413 107 147 549 107 439 493 280 323 361 306
20
356 198 454 367 218 289 543 448 398 394 238 125 562 330 322 352 248 467 470 431
20
478 387 438 374 341 432 264 544 520 384 266 434 510 387 592 523 196 221 112 100
20
479 138 420 560 381 304 399 160 111 474 289 402 207 133 277 137 559 253 270 492
20
490 222 252 258 131 285 192 399 504 368 140 327 302 585 136 207 243 382 257 210
20
158 493 289 416 585 513 276 222 109 568 203 528 107 294 308 177 357 391 522 421
20
137 287 322 299 354 280 304 376 436 195 344 224 226 522 320 444 576 482 313 569
20
355 179 484 109 210 222 499 354 489 536 298 436 335 128 563 253 250 271 352 462
20
296 494 437 508 405 275 443 413 308 379 328 235 170 371 111 540 374 583 239 525
20
393 238 526 422 415 210 467 134 240 166 148 333 240 204 336 315 574 598 572 418
20
527 300 548 179 169 123 175 405 554 407 127 538 393 355 134 434 177 227 425 494
20
464 282 135 245 227 472 298 355 276 223 182 146 375 229 409 555 490 509 262 168
20
224 367 563 407 260 154 124 240 109 396 216 423 139 595 334 331 472 573 569 333
20
466 361 339 183 461 243 446 153 148 282 204 338 197 453 481 345 267 245 157 562
20
381 397 437 391 540 554 147 335 330 201 315 417 455 578 238 239 251 381 446 111
20
472 318 529 455 292 345 588 213 314 268 571 548 327 438 140 536 588 433 560 113
20
403 343 193 261 580 555 463 188 479 508 466 236 136 120 426 450 434 447 425 363
20
256 461 401 374 459 523 155 240 480 315 262 229 138 327 341 361 113 420 198 110
20
472 123 522 429 108 102 238 557 224 323 380 556 365 493 568 169 470 136 364 119
20
402 398 558 149 365 501 311 524 301 188 229 275 575 143 407 124 512 190 102 267
20
396 408 293 408 385 343 246 467 130 276 439 547 435 116 546 585 421 321 425 355
20
204 228 258 546 504 326 108 473 424 583 578 214 577 292 247 547 431 569 181 345
20
467 442 317 339 272 434 114 204 536 595 314 332 299 109 381 596 479 142 421 452
20
476 301 114 305 499 491 111 328 132 333 497 287 594 210 192 177 192 599 568 263
20
523 402 547 530 447 584 187 328 548 260 429 154 572 377 148 193 493 395 517 402
20
568 129 441 288 384 472 546 387 527 230 479 381 140 492 459 282 337 376 209 203
20
140 311 423 292 222 252 539 262 226 459 555 559 341 128 383 205 168 210 537 293
20
162 150 287 294 175 221 135 280 523 190 405 351 291 338 178 269 391 224 479 106
20
280 429 278 371 506 129 448 115 529 152 304 426 542 454 593 465 147 322 322 464
20
162 149 558 143 178 557 589 507 426 367 159 307 266 187 287 401 202 260 581 218
20
395 191 327 476 535 447 333 388 215 449 455 506 120 447 300 197 209 137 284 167
20
109 379 207 552 260 594 477 475 375 140 433 215 121 288 587 225 390 570 148 407
20
517 248 228 290 421 164 405 401 317 339 183 241 138 323 519 150 291 176 600 442
20
503 391 520 414 572 305 153 285 111 533 577 148 568 269 160 369 409 269 544 304
20
146 323 558 429 137 459 166 196 434 169 249 249 465 326 565 150 582 550 476 343
20
312 305 280 215 238 474 151 571 282 229 191 363 574 157 140 508 240 218 127 397
20
585 170 270 354 306 540 170 357 289 585 592 550 481 119 393 312 412 179 231 193
20
484 143 406 151 389 422 406 407 320 185 415 122 553 568 225 147 335 183 347 120
20
574 281 435 511 524 515 130 574 558 368 378 471 497 235 274 194 511 262 137 184
20
158 139 270 115 161 445 168 477 113 532 443 320 151 543 565 321 286 432 394 262
20
536 523 115 390 265 535 186 326 490 313 480 321 244 184 207 321 502 353 438 369
20
301 193 351 514 484 344 345 231 468 304 139 229 316 172 283 226 547 596 449 324
20
134 490 183 331 294 382 214 292 256 468 497 439 450 461 304 156 142 594 133 416
20
506 547 597 546 357 307 579 410 318 579 419 388 142 125 133 478 339 289 439 103
20
175 140 501 474 260 203 515 161 419 461 491 553 119 481 364 304 237 482 100 202
20
167 164 561 477 384 332 113 600 379 133 180 278 220 386 176 198 464 266 418 432
20
388 492 232 502 432 422 207 391 149 479 187 230 330 201 511 127 293 173 165 435
20
354 497 558 248 266 580 321 203 565 191 153 344 424 100 150 559 523 142 577 325
20
515 137 447 461 457 224 118 460 363 343 566 229 504 484 266 206 480 349 207 258
20
380 458 420 184 234 386 275 367 371 419 177 233 219 195 428 153 512 276 221 294
20
390 341 375 186 178 469 174 445 103 230 468 488 482 258 138 397 154 215 255 366
20
284 126 560 403 273 394 574 462 182 289 506 267 338 299 303 597 105 529 220 106
20
202 374 242 553 111 168 294 558 238 146 106 479 134 539 343 106 181 404 163 212
20
426 214 528 522 115 317 452 114 100 548 416 391 541 332 484 598 334 338 562 485
20
219 336 358 340 321 400 330 364 411 182 164 247 346 577 347 368 259 319 446 295
20
408 450 309 126 214 211 234 190 279 135 431 221 461 117 125 552 330 199 121 583
20
250 509 150 111 153 182 175 389 307 344 547 350 371 167 580 112 584 371 598 393
20
332 233 563 480 335 312 598 459 372 229 263 385 424 139 287 119 215 267 191 349
20
584 161 588 181 199 381 105 198 404 331 431 233 292 438 398 332 349 422 265 308
20
436 338 257 379 531 291 314 272 349 334 344 512 267 119 600 559 518 217 509 380
20
478 101 470 216 248 575 502 327 210 485 224 339 392 168 509 136 439 158 201 276
20
586 411 396 374 324 458 273 120 340 577 407 389 117 182 317 397 400 315 483 236
20
596 553 491 314 468 415 465 592 233 213 540 386 536 183 531 223 277 168 365 230
20
506 365 581 122 358 286 574 554 384 254 565 510 304 476 289 402 532 398 397 474
20
540 350 495 214 144 278 513 446 518 532 450 445 298 105 275 364 320 318 242 557
20
340 428 220 171 284 127 213 181 175 332 517 469 350 334 123 351 407 415 456 551
20
471 171 439 132 407 192 382 345 128 395 113 330 535 487 577 496 198 146 134 539
20
389 418 460 214 367 190 587 405 184 151 557 587 345 265 479 396 596 169 498 324
20
283 449 480 482 258 478 201 366 197 235 541 553 316 186 290 563 362 279 306 244
20
156 537 405 346 222 524 119 494 333 413 226 517 141 431 307 318 288 193 407 491
20
392 275 457 283 374 297 185 113 182 433 245 110 501 381 158 214 349 307 503 308
20
219 589 372 242 549 248 491 446 309 305 208 428 523 476 168 277 366 492 111 410
20
166 201 431 405 488 439 318 530 174 231 522 474 351 132 462 175 310 417 525 495
20
231 476 340 486 588 417 447 216 296 170 148 107 377 114 230 110 149 440 320 545
20
447 473 463 370 570 196 597 534 156 505 295 219 315 406 562 276 336 397 364 316
20
112 381 495 289 597 480 586 479 583 216 374 485 527 569 374 102 189 312 413 374
20
562 292 314 383 245 457 355 108 483 446 324 205 275 486 240 146 172 217 261 383
20
440 333 520 374 196 344 544 144 536 307 245 458 432 378 521 221 257 359 194 269
20
137 234 384 562 342 240 177 422 203 462 489 291 241 486 295 317 529 326 464 237
20
229 535 446 228 559 135 120 553 362 465 561 589 468 100 369 151 171 493 379 289
20
338 250 154 122 516 371 472 172 331 272 442 432 108 273 411 140 371 409 374 309
20
523 385 314 483 250 222 219 423 187 281 194 180 255 341 227 433 517 307 582 379
20
548 513 413 359 406 189 261 385 252 449 129 431 457 223 416 372 217 280 325 515
20
571 109 298 151 111 106 589 313 420 353 158 312 224 296 371 256 579 377 318 186
20
219 158 412 131 282 162 329 600 482 582 287 479 211 568 593 103 382 326 278 539
20
115 359 383 146 410 311 541 501 131 302 537 504 140 273 594 450 503 188 122 564
20
494 490 581 240 487 377 335 486 328 344 363 275 473 450 137 367 257 364 134 259
20
213 288 426 467 106 456 229 348 352 119 420 212 498 515 130 569 305 219 309 191
20
576 507 400 459 563 491 333 362 593 424 491 446 112 128 175 217 189 578 259 574
20
121 252 489 297 537 409 189 217 382 486 352 579 569 173 397 223 143 225 359 243
20
187 419 256 361 573 112 247 300 311 477 188 530 567 417 268 589 498 334 557 412
20
485 321 413 215 398 308 111 211 420 446 164 256 213 502 232 371 478 496 555 431
20
319 518 144 596 488 232 569 244 479 153 525 175 507 536 425 456 374 324 357 134
20
312 135 558 579 373 500 503 556 360 503 577 199 332 106 250 260 482 468 551 447
20
320 565 279 135 404 529 398 314 225 135 533 267 390 247 429 182 214 416 425 301
20
354 510 426 200 470 351 131 163 360 240 136 290 473 369 197 591 135 540 287 174
20
569 369 162 451 595 578 127 536 383 307 532 450 434 598 407 340 265 191 512 369
20
500 246 109 437 224 599 314 557 209 497 300 311 433 289 376 143 222 504 502 239
20
535 237 480 494 219 593 354 269 311 364 375 545 464 141 203 450 576 139 565 151
20
223 434 490 122 487 540 358 545 286 257 519 256 405 171 210 349 354 372 401 336
20
408 215 435 351 519 355 540 141 115 176 531 144 144 593 562 359 121 532 121 400
20
427 475 119 428 487 396 547 400 298 124 169 193 513 486 427 155 192 103 175 551
20
110 329 165 451 591 317 268 559 567 116 527 187 492 587 203 426 105 231 108 244
20
125 287 546 336 580 347 288 598 522 446 234 203 486 141 541 328 583 379 550 463
20
182 469 199 192 465 412 550 508 288 244 242 229 520 552 512 183 326 218 270 244
20
595 217 510 141 579 192 545 262 295 159 106 390 414 324 413 567 116 278 204 357
20
403 328 385 447 318 447 244 483 597 484 501 382 510 339 352 280 264 445 376 308
20
114 198 143 399 164 220 349 543 301 466 442 266 355 454 314 528 505 442 452 341
20
407 109 478 360 369 127 279 117 159 366 217 531 297 516 465 248 287 124 327 591
20
478 213 313 176 316 593 567 172 539 525 435 348 134 469 240 258 369 276 201 200
20
412 252 194 386 380 524 436 300 216 429 246 335 581 377 214 297 123 245 562 154
20
340 362 271 146 324 166 473 266 431 218 557 200 331 430 296 591 192 600 128 572
20
503 449 342 191 164 358 292 318 466 397 196 286 341 360 465 308 101 390 283 312
20
411 371 233 572 523 118 427 330 292 181 155 457 361 416 521 351 522 103 399 402
20
166 278 522 542 464 522 221 556 476 576 569 461 561 550 200 187 170 490 415 287
20
255 430 398 512 294 441 409 595 256 386 562 514 249 590 254 542 203 419 277 400
20
107 203 272 210 520 157 330 325 500 568 186 102 294 148 546 174 458 342 294 365
20
297 253 312 443 363 436 247 589 438 282 433 113 286 529 535 121 351 253 583 335
20
386 551 186 460 282 142 432 261 405 343 165 317 232 342 147 117 174 395 227 216
20
174 233 497 238 419 397 263 173 473 435 276 370 502 500 147 280 423 358 321 528
20
484 371 112 458 460 264 248 192 447 382 553 273 269 228 212 414 457 221 274 471
20
220 266 426 411 375 152 229 214 459 505 450 155 397 428 385 317 285 548 237 216
20
204 306 412 582 400 142 355 298 174 169 288 119 340 127 195 534 589 229 328 407
20
571 299 401 455 182 588 589 374 402 318 530 305 534 574 164 575 305 145 354 117
20
234 532 488 307 127 591 253 403 361 546 581 256 142 566 561 389 370 528 356 162
20
283 338 170 167 590 360 511 349 139 535 509 511 177 248 374 449 101 215 578 154
20
179 357 591 210 449 171 482 586 124 235 480 425 414 226 557 310 261 508 363 284
20
131 248 550 472 120 393 534 271 568 136 149 332 239 526 455 186 564 523 396 591
20
596 211 520 354 510 543 240 546 348 484 277 279 566 554 506 540 401 235 267 412
