150
20
404 298 397 202 242 550 497 393 196 199 445 195 156 111 295 278 327 250 527 409
20
176 221 194 336 533 228 115 203 310 203 140 213 344 187 159 198 256 499 440 157
20
194 547 262 234 244 108 473 591 138 473 535 192 197 552 167 178 281 510 398 336
20
510 393 141 274 218 175 530 194 539 105 298 383 104 493 232 408 282 544 277 103
20
231 276 430 374 466 222 463 386 250 393 409 234 576 159 560 273 547 522 196 197
20
114 457 454 561 243 272 125 444 138 318 419 253 184 550 201 414 214 114 473 285
20
117 190 195 318 371 314 578 560 509 132 193 197 403 537 213 310 558 416 114 130
20
267 476 189 381 458 276 353 406 173 370 269 276 460 165 513 462 422 306 503 538
20
210 486 477 456 547 412 190 123 553 508 287 323 591 363 237 112 483 508 517 461
20
102 156 542 344 222 146 381 487 106 483 565 353 534 481 572 410 385 436 585 375
20
274 564 190 600 579 184 204 475 590 198 146 397 223 134 239 183 361 427 163 462
20
146 409 496 445 337 348 286 323 567 477 270 270 153 430 189 472 423 440 285 309
20
290 579 346 321 156 409 229 580 586 440 356 324 285 567 522 473 388 396 331 519
20
508 332 568 298 208 520 271 152 532 278 222 456 554 586 458 258 313 277 249 369
20
503 571 526 549 501 308 457 270 198 329 450 222 540 337 171 547 401 181 120 481
20
483 458 268 173 341 289 590 590 343 545 566 520 309 174 414 401 255 512 342 180
20
413 113 424 599 219 549 555 436 502 387 431 205 191 351 577 399 243 162 238 113
20
107 342 278 502 563 271 455 477 476 528 154 344 481 456 412 124 458 490 218 412
20
519 450 521 451 442 592 549 457 433 582 544 489 478 280 150 451 355 272 240 418
20
182 514 492 357 244 158 143 457 127 374 173 126 179 453 482 140 210 567 106 568
20
527 409 284 122 176 593 481 306 186 119 222 395 569 133 338 230 307 333 303 137
20
188 503 231 552 390 278 536 450 154 106 367 111 295 476 569 326 264 244 147 498
20
431 497 575 183 488 135 161 338 446 372 584 105 198 162 350 508 146 555 165 408
20
154 521 139 250 330 259 407 301 433 150 396 521 581 556 470 559 249 541 279 121
20
331 235 424 570 560 212 121 323 249 538 590 520 393 429 514 367 447 319 168 301
20
116 408 472 478 157 540 261 345 548 221 268 282 324 464 187 454 510 575 485 123
20
182 221 239 550 203 426 336 265 302 253 381 301 141 363 407 239 528 385 519 249
20
437 265 179 260 212 207 476 526 174 166 509 434 117 367 298 307 442 521 255 566
20
208 317 311 460 366 166 260 227 503 243 389 326 153 281 390 200 175 319 365 127
20
418 532 302 329 220 574 455 515 203 156 511 309 234 395 214 313 286 527 472 541
20
185 400 247 271 328 554 492 412 537 553 200 402 414 498 121 414 404 173 245 118
20
530 364 347 383 169 489 386 297 103 104 416 188 465 300 373 388 171 103 565 356
20
144 117 475 415 477 416 395 581 234 311 277 424 228 474 323 442 561 434 400 370
20
431 532 257 270 115 284 557 362 486 578 238 545 348 146 390 421 483 215 512 104
20
469 214 115 373 458 141 429 213 126 161 344 297 567 342 464 517 338 222 267 299
20
192 479 522 381 345 333 384 506 346 510 397 164 547 562 126 217 493 104 525 512
20
469 114 291 195 333 481 125 173 381 144 189 526 383 489 486 379 578 374 358 345
20
600 231 394 171 479 162 595 203 263 479 410 592 245 404 529 549 276 187 508 477
20
247 146 425 138 419 336 568 257 538 514 586 207 137 253 227 600 479 271 473 104
20
183 305 531 129 157 202 534 233 186 494 332 221 526 389 456 436 291 119 323 582
20
253 246 161 292 305 559 570 228 522 229 421 417 237 488 527 310 452 115 118 252
20
100 120 230 175 358 233 583 165 128 129 293 453 129 343 165 539 461 561 451 420
20
151 542 282 501 189 399 222 214 140 430 211 352 464 498 232 548 213 232 171 553
20
180 159 262 422 189 283 544 486 214 313 175 503 338 422 600 557 510 284 445 372
20
474 252 568 428 273 400 572 591 597 104 321 211 354 113 396 403 118 565 171 229
20
512 144 102 559 437 458 339 505 591 386 538 492 271 475 554 344 137 412 554 150
20
451 589 576 530 354 211 435 557 463 292 204 371 339 358 117 181 344 245 142 269
20
152 371 572 526 357 361 436 464 311 262 343 321 472 268 153 173 587 380 239 452
20
113 191 496 138 466 335 390 200 213 204 425 376 294 219 311 129 580 387 374 342
20
434 556 467 262 169 296 360 162 114 273 448 444 305 389 209 392 580 389 308 140
20
568 341 348 262 249 373 364 228 199 454 450 467 370 148 436 490 290 485 196 124
20
563 487 593 308 539 531 300 495 134 322 289 273 553 412 309 447 389 571 196 241
20
327 107 137 535 293 268 315 350 249 219 386 587 585 458 351 118 346 298 363 342
20
297 253 350 160 354 548 206 339 234 299 154 169 585 302 126 572 475 199 311 489
20
484 274 450 518 366 225 338 490 160 103 395 121 312 386 180 251 296 121 597 569
20
241 410 488 280 500 385 297 249 340 213 355 220 204 535 136 242 247 416 530 599
20
249 163 228 468 196 230 281 432 349 481 171 105 445 476 533 545 298 460 204 510
20
544 116 377 279 591 217 464 430 469 267 297 587 165 273 230 270 538 568 351 378
20
163 568 175 264 343 446 164 375 302 173 231 548 451 190 323 502 154 243 417 344
20
132 146 270 126 303 536 260 123 431 210 199 207 185 402 194 549 438 575 384 443
20
475 552 340 445 362 407 365 467 531 555 149 271 124 277 461 428 258 306 227 597
20
364 238 542 558 197 520 166 309 449 422 398 104 234 594 421 129 386 452 509 175
20
321 366 459 258 149 216 489 338 275 440 469 130 279 367 184 175 307 287 300 566
20
138 317 328 264 166 530 545 383 413 247 198 516 199 468 247 599 500 431 144 557
20
390 583 528 441 323 132 562 356 326 271 358 590 545 105 546 517 403 351 196 475
20
486 319 260 139 270 234 566 290 598 272 390 539 428 503 177 392 421 397 193 279
20
446 548 115 206 589 361 231 214 549 493 382 334 199 513 566 103 365 600 423 279
20
595 406 429 481 297 235 241 134 517 278 449 427 362 200 310 202 587 469 512 573
20
289 166 357 438 541 571 360 229 559 534 508 548 219 297 378 442 339 153 300 225
20
303 276 206 262 188 498 117 485 302 259 214 393 388 377 228 294 101 387 205 297
20
440 223 594 165 368 423 235 592 444 241 226 594 513 312 562 257 174 178 338 206
20
296 165 449 515 443 504 291 564 565 509 524 366 157 310 383 397 146 380 140 226
20
120 243 447 499 588 595 280 576 590 536 197 265 408 565 424 381 165 294 175 340
20
490 238 465 346 208 346 481 383 331 320 217 580 340 303 326 147 423 587 165 571
20
245 316 125 402 163 345 551 376 394 446 219 349 168 355 254 597 322 401 215 331
20
427 200 120 334 300 377 388 509 496 323 114 218 594 360 409 387 251 358 365 353
20
363 298 357 556 214 216 115 289 196 160 353 453 444 110 155 535 238 354 295 594
20
221 323 446 221 570 144 105 374 535 420 204 539 235 296 352 134 576 465 259 590
20
176 204 483 366 496 428 173 170 598 444 218 460 298 534 539 303 140 474 125 192
20
581 138 200 377 139 459 492 297 193 150 201 555 448 246 412 554 246 581 577 580
20
164 578 582 459 145 130 122 181 419 289 200 288 543 211 530 406 589 158 256 327
20
197 582 378 358 574 218 185 365 244 360 125 560 470 149 589 328 448 231 223 516
20
311 104 348 138 375 511 342 151 381 180 151 131 260 301 355 385 289 449 188 207
20
165 124 118 361 364 551 103 384 233 461 135 227 327 265 403 422 539 253 161 168
20
474 214 583 313 429 387 100 383 342 293 252 154 545 286 474 486 193 181 345 324
20
193 523 125 219 470 507 154 389 144 533 112 308 485 550 190 257 431 195 424 282
20
351 333 365 421 437 399 505 250 320 357 305 446 505 234 183 390 249 532 264 543
20
430 258 309 266 165 175 218 240 441 508 415 591 229 496 289 258 444 409 174 371
20
472 596 144 241 173 450 595 598 482 127 414 159 246 278 306 451 315 265 100 319
20
511 502 567 276 404 347 295 437 383 278 289 588 123 349 144 186 207 401 480 270
20
442 157 358 284 159 392 585 331 458 517 546 413 380 155 338 354 208 206 180 489
20
545 572 586 498 269 100 215 527 510 288 550 434 316 474 247 494 502 112 544 365
20
375 239 231 414 565 135 381 209 253 419 574 535 204 144 350 546 417 578 246 520
20
494 484 363 598 137 157 214 401 115 213 254 367 176 521 414 169 393 501 340 397
20
260 298 452 367 264 500 568 520 118 475 515 242 117 188 543 534 366 192 163 566
20
213 524 510 389 502 278 530 287 123 588 180 486 458 287 322 418 529 407 316 304
20
569 418 582 279 238 530 582 237 414 258 559 437 317 204 356 188 271 472 265 251
20
277 176 154 586 240 216 325 301 366 342 366 310 569 104 161 490 521 284 563 441
20
423 231 333 519 446 511 222 280 532 317 565 524 302 414 256 196 159 438 193 319
20
298 414 502 417 466 466 417 298 134 163 263 394 337 535 247 263 192 339 171 421
20
302 394 277 597 292 268 340 578 528 465 553 594 318 477 395 310 582 160 481 121
20
514 438 413 511 572 170 418 337 317 349 483 377 160 145 493 352 246 524 459 357
20
304 280 485 377 157 524 516 175 293 444 220 514 548 537 261 297 158 505 218 533
20
423 456 483 415 136 598 366 265 554 333 314 467 124 575 101 599 315 504 212 590
20
214 484 556 598 264 591 560 122 229 564 399 237 218 299 228 419 476 321 270 388
20
356 351 448 315 367 503 230 592 310 438 561 470 491 443 354 322 547 342 385 313
20
182 558 376 494 361 277 309 193 445 480 314 361 296 462 494 449 209 373 186 191
20
269 414 310 340 272 365 265 242 479 205 170 448 127 351 250 303 418 217 144 216
20
208 495 432 417 438 407 221 417 483 173 475 389 496 476 444 274 225 330 388 175
20
321 406 241 173 344 519 363 130 282 248 576 109 431 597 444 565 451 552 259 457
20
600 368 323 400 447 209 123 411 567 253 524 349 248 317 573 228 412 381 192 270
20
455 500 359 403 282 536 403 388 114 307 504 528 593 368 565 393 271 578 426 328
20
579 262 475 268 471 432 382 395 304 447 420 343 418 551 153 554 536 314 126 447
20
310 287 463 519 351 247 500 465 600 485 146 452 575 397 310 359 436 283 493 368
20
587 445 492 228 463 497 561 483 179 368 515 504 327 470 506 155 108 340 515 457
20
128 558 427 296 184 447 190 162 168 276 411 169 307 459 185 563 518 355 448 509
20
177 545 325 448 538 254 212 346 343 277 444 498 492 170 568 599 574 269 517 525
20
278 531 213 130 462 437 239 372 402 291 497 555 363 345 309 240 184 459 241 417
20
293 322 164 245 213 477 288 302 418 381 598 541 397 170 191 515 464 498 286 308
20
556 109 414 237 341 347 344 322 491 324 542 504 448 496 219 591 507 510 583 517
20
201 568 237 534 358 126 426 593 241 246 528 186 224 463 302 474 120 292 401 559
20
346 305 251 242 421 179 102 444 524 451 215 353 441 379 445 312 200 322 266 110
20
591 348 538 237 503 335 505 365 481 192 519 584 344 153 272 431 286 338 250 425
20
254 405 307 326 101 513 572 103 412 509 253 142 308 529 382 503 405 339 261 533
20
507 369 267 548 151 213 121 297 400 317 534 443 480 433 109 125 325 211 193 124
20
510 353 441 193 156 394 352 546 348 536 537 251 101 326 418 297 596 199 542 246
20
487 281 372 465 136 359 261 368 540 310 371 318 272 107 471 272 123 228 572 368
20
275 174 462 439 579 170 423 313 289 549 176 573 111 346 553 181 136 297 525 313
20
281 557 461 522 237 216 114 564 336 166 357 535 126 590 398 291 280 301 569 186
20
389 357 377 122 307 416 199 574 425 320 183 408 278 490 559 394 128 109 167 471
20
294 317 120 142 484 550 449 143 346 178 416 463 423 535 108 396 415 505 467 580
20
463 294 435 234 596 309 140 492 366 405 201 430 360 542 314 593 450 299 105 526
20
413 184 560 547 360 190 113 574 333 206 220 489 279 284 439 384 222 166 406 270
20
588 381 396 100 161 447 283 137 591 368 254 282 335 177 538 406 316 166 185 357
20
418 225 539 445 446 363 144 292 300 449 562 442 427 529 493 167 510 488 262 428
20
554 600 490 182 395 436 548 584 272 554 534 446 143 529 511 423 419 343 132 500
20
466 481 411 421 145 118 117 525 327 182 354 582 596 276 257 457 405 304 238 454
20
105 452 345 108 400 247 559 430 457 337 190 459 135 161 254 453 380 142 129 166
20
207 399 402 204 339 334 166 527 455 294 310 504 462 492 514 573 169 330 215 546
20
565 318 523 532 594 174 541 427 230 433 459 389 198 139 571 516 433 414 268 238
20
112 197 160 510 573 240 207 300 559 532 252 297 160 195 385 112 479 262 556 450
20
428 276 107 204 116 284 526 470 143 170 143 307 339 146 258 534 149 166 534 133
20
133 334 343 471 438 163 328 305 234 458 341 284 307 507 424 272 479 598 487 409
20
445 447 192 434 508 383 480 199 189 122 572 143 571 587 400 594 276 355 181 520
20
244 479 448 256 582 427 503 216 213 431 482 251 499 575 368 279 454 414 597 365
20
416 292 498 356 276 469 363 243 501 440 485 399 469 538 480 325 556 600 115 582
20
359 252 354 273 535 240 328 252 362 457 157 556 101 376 278 273 275 151 149 418
20
220 392 360 415 481 484 139 534 378 370 166 334 219 220 438 368 334 133 148 307
20
249 229 192 201 499 212 303 464 246 441 369 436 136 316 310 398 269 165 345 317
20
107 100 225 295 327 441 123 312 301 141 147 497 477 372 299 165 470 471 551 254
