150
20
380 168 119 159 505 414 456 342 127 212 523 491 492 431 305 232 327 496 498 181
20
338 267 477 242 129 246 155 526 565 275 261 399 467 190 494 533 383 296 180 573
20
518 213 217 541 362 554 109 573 407 237 488 544 339 303 183 457 359 450 104 276
20
490 312 364 445 263 247 234 398 367 404 528 117 192 143 170 252 545 394 148 362
20
209 399 181 337 551 387 368 272 549 150 174 472 163 276 399 152 420 324 134 224
20
164 119 147 132 584 345 218 206 200 478 454 457 383 524 593 377 350 399 547 403
20
123 373 164 155 176 185 179 301 570 497 292 590 102 264 107 142 440 449 590 412
20
320 169 143 344 336 107 595 440 491 205 442 325 358 436 576 349 107 445 576 466
20
335 411 333 556 536 569 262 377 104 492 302 157 455 305 207 554 292 222 458 600
20
379 393 367 261 195 593 429 366 148 420 306 300 268 459 182 230 470 505 585 431
20
137 335 547 465 369 553 566 103 438 417 527 264 192 115 142 385 244 293 272 583
20
223 363 342 447 196 591 246 359 218 143 290 260 318 336 536 437 326 376 424 567
20
544 543 211 122 114 443 259 299 279 300 243 451 535 412 598 414 212 507 178 425
20
194 128 200 512 496 254 356 348 315 221 105 227 469 406 527 443 224 583 332 235
20
153 461 305 351 232 380 124 230 367 373 451 293 473 456 518 345 241 245 176 505
20
319 484 585 421 367 130 289 505 262 486 284 258 478 221 135 403 397 522 307 442
20
155 474 594 374 341 485 221 259 298 246 242 360 586 215 578 207 589 168 496 466
20
486 374 180 301 464 382 169 357 234 451 232 450 575 197 300 552 433 401 557 259
20
515 537 518 482 281 336 405 392 292 498 580 149 128 370 460 453 203 239 574 593
20
560 115 574 365 595 451 541 149 363 532 458 508 437 193 347 372 372 154 118 399
20
364 499 464 110 204 421 403 324 378 250 521 153 158 301 331 543 332 286 380 101
20
259 463 501 339 176 357 233 499 172 442 274 147 293 392 312 391 406 456 573 352
20
398 519 272 308 133 578 273 469 244 413 252 366 256 231 533 403 282 143 450 399
20
296 231 174 175 473 332 414 378 555 562 116 127 469 229 365 494 289 419 467 272
20
112 272 515 169 175 464 504 180 387 268 437 321 204 307 521 176 147 145 240 306
20
518 228 349 283 359 114 486 316 302 546 499 252 466 466 144 360 409 206 146 425
20
412 158 208 147 389 120 504 383 463 128 384 254 383 315 133 130 554 292 423 583
20
178 247 499 222 560 498 432 384 388 302 142 410 582 238 325 549 573 510 564 453
20
100 138 243 155 160 316 220 560 337 550 284 319 254 378 129 578 213 253 299 345
20
341 106 113 173 319 519 139 558 448 460 435 522 379 578 185 546 372 263 159 305
20
596 344 106 376 427 232 367 565 315 564 156 121 123 495 235 301 429 427 486 286
20
234 278 235 330 173 256 297 156 156 515 275 167 177 232 136 485 588 590 371 473
20
266 436 440 461 528 284 436 157 560 363 482 514 170 224 458 275 153 182 266 498
20
407 437 248 421 454 369 363 228 519 391 286 553 573 412 239 397 175 310 502 517
20
504 569 572 436 111 286 193 383 535 379 184 533 276 150 496 550 274 197 150 585
20
495 162 238 595 577 345 349 589 431 423 179 567 495 303 337 367 588 250 328 442
20
349 585 165 423 468 448 146 232 546 269 275 340 421 508 204 196 352 357 576 240
20
598 481 313 352 433 486 462 463 493 359 198 254 230 267 149 112 359 448 387 438
20
146 148 423 522 125 548 563 121 201 316 503 535 278 256 182 473 317 565 200 326
20
196 104 180 422 284 513 260 368 106 214 538 222 466 535 495 215 455 380 258 381
20
472 563 473 289 429 497 578 560 331 577 315 134 243 324 339 258 250 526 575 524
20
289 189 145 578 409 569 578 224 442 260 208 527 391 460 434 200 580 575 553 439
20
247 146 308 244 253 184 534 385 155 197 465 318 173 459 408 580 362 342 228 143
20
343 600 344 107 517 429 498 186 566 191 502 455 310 362 126 190 261 517 295 276
20
243 427 376 215 198 290 239 210 592 331 187 461 226 415 598 528 119 365 177 490
20
420 256 322 150 432 218 128 549 324 160 265 532 459 410 210 418 591 115 552 129
20
303 100 231 529 367 138 586 463 544 486 170 186 168 411 281 191 207 176 435 447
20
494 218 417 413 433 307 361 521 551 515 306 183 209 236 484 538 545 385 553 580
20
534 207 387 306 600 107 321 459 325 421 355 600 531 168 155 583 350 573 496 303
20
319 464 519 427 339 165 384 522 394 596 480 266 263 213 515 377 587 159 348 131
20
459 280 578 502 226 433 169 226 495 456 514 101 447 469 493 513 192 354 260 402
20
350 117 406 600 355 368 588 424 577 205 251 502 408 117 528 375 593 504 116 163
20
393 111 290 415 368 507 567 461 307 592 421 184 359 473 365 203 156 564 593 231
20
261 395 511 543 452 221 330 585 341 246 154 171 220 312 237 127 264 170 238 182
20
225 295 232 363 481 288 249 429 184 530 462 376 302 432 515 497 369 591 167 266
20
453 107 246 210 246 488 233 274 534 194 330 598 205 158 227 497 161 472 586 252
20
495 335 252 126 390 539 203 294 137 331 353 242 590 338 322 414 400 203 403 186
20
462 263 436 520 302 491 440 170 495 380 365 102 540 451 244 531 364 248 273 461
20
180 141 345 346 156 292 230 237 446 164 419 287 303 186 306 294 208 277 339 391
20
310 533 416 270 321 123 191 339 363 400 301 506 291 377 124 181 327 510 180 448
20
270 495 171 483 215 381 142 225 161 435 274 126 116 594 509 245 235 591 439 272
20
331 181 133 468 275 135 516 545 353 566 200 276 596 420 464 504 406 332 311 354
20
459 123 176 508 242 551 191 257 167 225 533 300 163 155 470 166 571 327 201 150
20
399 119 520 107 440 167 163 211 554 580 275 189 348 581 212 104 435 321 235 119
20
197 339 249 465 407 441 541 132 583 316 323 554 314 504 289 592 406 413 517 465
20
145 261 376 232 500 321 557 403 176 288 443 442 119 531 234 478 447 244 233 145
20
569 561 530 544 309 454 246 465 171 493 579 263 472 595 577 513 118 351 106 445
20
104 294 149 374 552 458 179 518 591 598 584 303 277 280 406 207 450 570 373 301
20
572 164 257 280 326 415 252 496 414 184 264 199 591 240 250 413 193 306 138 248
20
266 275 123 528 531 163 129 285 204 135 454 525 467 509 594 447 447 258 372 104
20
192 195 256 242 210 312 137 142 220 451 579 227 570 329 378 199 146 387 560 318
20
577 297 566 184 294 330 497 120 166 404 554 245 294 452 505 305 518 265 422 198
20
234 331 588 364 287 580 219 209 454 441 106 147 101 159 495 125 326 467 528 306
20
312 323 242 277 385 322 332 175 216 223 320 323 274 362 567 519 281 597 428 446
20
198 194 562 303 349 418 287 479 404 406 595 360 241 366 417 197 516 492 115 535
20
358 525 168 468 298 223 189 403 593 489 316 532 174 488 469 236 460 341 235 559
20
419 537 265 349 285 490 368 577 365 309 469 128 383 580 209 103 364 598 156 127
20
581 109 565 127 217 521 453 308 564 400 438 537 255 437 496 291 412 280 366 148
20
415 246 135 590 333 453 216 432 336 433 411 152 154 139 243 371 164 297 120 585
20
503 288 464 519 148 100 245 526 570 258 294 514 500 214 377 423 370 573 445 247
20
150 448 284 181 106 293 574 110 353 295 490 217 583 502 580 204 519 221 228 382
20
245 342 486 556 226 237 334 542 352 198 245 562 514 511 452 428 514 120 417 451
20
226 137 462 347 587 471 563 596 208 357 330 483 211 437 384 531 128 440 491 172
20
531 557 387 275 344 189 411 182 381 195 268 205 600 176 279 344 249 138 214 495
20
254 220 369 237 407 110 141 398 448 439 361 140 153 192 406 162 225 495 457 552
20
330 525 326 332 163 148 243 578 466 548 343 272 222 309 230 163 458 121 487 237
20
469 574 435 162 123 213 132 147 553 581 391 151 260 203 484 364 475 344 272 437
20
557 519 481 115 559 460 389 396 156 398 148 203 414 172 159 439 459 455 437 360
20
368 466 534 140 280 316 195 455 370 280 133 240 232 519 112 509 143 443 518 271
20
260 294 195 500 382 587 289 507 233 561 254 589 444 386 452 506 461 225 149 301
20
505 210 495 165 323 282 253 202 322 526 254 372 456 482 509 433 468 483 559 537
20
214 156 275 264 159 279 494 486 338 433 473 343 299 235 244 142 537 371 171 144
20
410 207 119 287 483 195 556 464 204 185 108 398 217 191 395 576 109 572 253 108
20
459 273 458 209 400 510 591 312 588 413 165 381 429 502 200 106 505 465 470 198
20
433 488 496 525 163 429 383 419 471 218 322 251 546 413 147 117 103 538 115 503
20
355 286 350 377 304 575 402 373 524 374 265 361 495 484 357 552 433 210 496 571
20
499 379 474 308 198 327 343 514 288 395 394 108 482 431 437 118 318 464 111 132
20
515 117 563 276 544 511 536 420 315 588 379 453 162 533 317 307 233 588 217 222
20
319 348 383 481 377 318 502 287 460 224 579 428 452 564 535 405 535 506 407 373
20
477 276 597 429 562 546 256 308 572 287 583 558 122 299 516 112 232 556 493 460
20
416 246 112 380 324 116 274 432 552 425 350 415 549 348 162 125 454 306 592 383
20
432 139 524 121 396 162 445 428 487 478 548 556 347 251 195 319 580 445 488 106
20
328 235 432 329 291 463 352 207 102 163 235 100 557 510 517 592 368 490 278 367
20
486 340 505 153 487 249 445 469 287 445 318 141 294 337 206 556 525 129 282 399
20
219 208 104 554 374 183 557 525 172 356 455 468 311 279 243 131 446 341 110 456
20
381 251 531 533 247 437 413 255 456 320 426 292 269 164 442 533 540 402 222 180
20
456 341 568 354 391 413 454 380 389 380 150 479 267 213 557 537 258 125 158 354
20
236 573 559 401 284 234 399 564 325 311 428 434 575 336 225 142 383 346 218 353
20
180 463 284 226 394 186 163 549 142 332 486 290 554 446 474 323 410 183 112 552
20
599 465 163 108 312 390 189 417 513 264 355 107 440 353 491 298 264 467 214 419
20
110 464 587 378 324 276 337 345 374 132 245 133 530 276 232 359 551 168 211 165
20
147 420 345 168 208 376 121 178 297 149 370 412 535 333 378 462 338 569 421 492
20
573 268 508 171 448 254 466 110 197 345 512 161 481 420 323 464 446 323 192 481
20
203 196 450 437 583 125 175 290 122 473 459 465 385 190 110 227 265 413 245 319
20
251 310 167 293 117 504 243 232 356 519 193 146 449 334 521 350 595 561 234 482
20
451 576 135 276 211 163 113 397 152 309 264 249 170 531 180 588 116 587 482 521
20
316 504 250 192 347 132 442 529 350 482 370 197 526 554 373 411 413 552 218 108
20
148 183 372 211 370 288 520 536 405 340 505 572 549 324 123 275 228 335 355 509
20
484 251 154 162 395 107 423 349 588 355 316 451 485 294 330 216 182 217 144 488
20
489 402 228 412 257 264 406 353 587 346 344 298 147 541 108 151 555 449 315 365
20
457 530 372 233 489 108 166 532 251 410 514 347 228 511 571 152 444 385 154 237
20
184 194 360 385 502 327 253 440 167 512 173 521 233 577 266 548 297 585 111 428
20
563 193 207 193 287 398 305 215 359 366 366 505 343 326 319 340 464 138 567 211
20
243 210 487 581 163 275 187 560 375 506 323 158 430 176 544 297 150 376 310 415
20
267 426 115 344 586 148 253 451 130 558 430 151 287 327 415 379 438 108 258 313
20
510 441 474 293 192 238 519 163 344 500 120 114 307 374 341 429 495 357 482 551
20
390 462 338 117 226 448 508 535 533 396 382 556 180 558 591 362 426 397 115 109
20
257 565 237 227 241 496 493 323 196 266 546 242 227 597 294 205 289 254 501 365
20
292 302 301 238 509 247 178 110 462 230 202 339 240 310 582 498 512 563 402 427
20
330 272 278 457 538 562 398 155 114 529 368 526 250 407 222 453 578 458 173 488
20
425 407 495 411 303 230 486 489 495 308 267 247 519 442 519 390 259 430 132 185
20
222 172 197 171 542 460 309 529 372 539 244 542 541 492 306 266 293 558 239 340
20
468 200 541 527 314 285 151 246 146 217 312 518 128 472 219 209 547 415 258 285
20
178 590 325 192 535 348 159 449 291 474 193 176 523 540 519 222 113 270 329 425
20
421 523 160 256 554 342 367 448 328 293 194 195 260 523 406 212 297 175 502 201
20
446 234 123 470 546 170 139 368 409 471 586 524 344 237 529 254 155 402 506 524
20
280 237 163 225 243 260 321 271 521 459 473 155 576 523 594 531 243 595 449 560
20
397 565 512 482 125 592 402 161 499 422 470 176 271 491 257 443 390 140 321 475
20
220 126 114 368 424 499 139 212 581 568 557 545 222 140 263 562 312 503 494 423
20
387 461 210 159 135 422 598 594 453 561 469 297 111 430 503 455 518 322 575 385
20
161 105 321 567 214 400 195 599 116 169 143 164 358 356 156 514 521 153 555 271
20
119 378 574 130 268 218 186 202 537 547 146 152 221 333 432 419 542 390 383 584
20
515 596 381 581 101 230 422 404 582 360 367 179 423 318 481 127 543 163 352 283
20
400 261 286 567 318 322 174 493 271 408 376 574 243 190 509 342 179 529 556 128
20
101 267 157 285 494 379 275 341 522 449 109 133 528 120 597 501 513 351 146 133
20
110 278 560 179 203 140 459 160 355 143 227 297 356 298 220 263 506 109 554 355
20
577 164 320 597 350 381 101 315 495 510 233 393 281 495 282 241 564 134 184 386
20
222 291 200 469 237 500 445 136 266 430 287 251 309 195 301 198 412 389 264 349
20
580 597 361 590 110 274 489 318 212 522 376 352 522 585 557 445 590 380 262 477
20
154 336 574 343 106 488 577 213 228 240 318 339 446 454 494 339 318 417 156 304
