150
20
105 372 547 451 444 388 429 512 457 477 588 512 193 106 128 580 442 378 173 514
20
310 253 279 213 387 540 400 280 302 331 176 322 150 597 191 301 265 475 574 327
20
271 396 175 436 195 118 123 186 415 322 501 447 310 125 142 531 172 493 402 483
20
114 280 103 516 555 418 575 193 358 253 544 229 566 366 397 589 144 226 381 427
20
139 318 506 189 346 233 557 553 385 534 236 311 173 181 300 600 342 201 303 600
20
339 422 402 197 581 573 150 308 462 127 503 521 389 358 168 123 140 315 218 352
20
429 311 261 318 444 125 146 527 327 556 227 596 289 206 354 575 527 383 287 450
20
523 477 428 207 419 109 498 570 150 124 164 458 555 345 521 555 195 528 353 164
20
339 222 215 167 314 233 183 306 111 567 569 135 161 410 470 410 519 340 506 380
20
462 110 233 191 536 100 301 130 525 508 256 114 346 456 177 363 360 335 408 191
20
555 524 483 354 501 353 444 190 536 561 439 157 271 575 204 532 147 371 214 378
20
294 217 483 150 465 518 350 417 567 361 529 279 288 227 494 186 197 569 266 307
20
205 400 384 407 431 259 353 575 499 340 343 559 565 460 569 367 127 288 139 546
20
368 513 191 518 546 398 341 445 574 586 160 139 320 141 534 328 266 311 203 299
20
148 534 101 284 279 147 259 568 474 560 415 455 407 433 131 416 214 340 532 244
20
159 252 125 232 354 122 367 510 319 488 337 550 134 421 491 427 295 574 355 528
20
225 228 143 555 336 245 409 455 317 373 353 165 134 360 404 235 597 407 453 392
20
540 520 115 328 397 459 485 575 522 440 345 428 313 149 384 212 468 405 582 452
20
282 304 417 579 510 127 540 239 123 161 248 276 193 190 390 249 412 510 496 428
20
245 325 217 324 117 524 115 224 261 204 518 288 141 403 380 579 447 599 256 211
20
529 560 580 349 175 362 189 261 390 169 254 477 319 485 172 582 568 434 570 498
20
499 459 505 248 318 515 208 255 543 515 600 170 346 328 143 455 207 147 380 502
20
302 587 110 232 374 301 118 144 417 544 552 266 325 391 507 300 216 500 316 166
20
542 510 331 186 149 417 579 327 495 578 226 211 581 525 358 422 579 181 566 452
20
535 247 179 352 554 308 547 194 188 492 144 461 280 406 310 344 167 596 380 278
20
284 131 517 318 113 590 218 471 442 341 577 257 165 571 544 322 527 116 413 392
20
577 216 525 148 309 116 460 389 160 513 517 460 521 178 266 184 242 144 412 430
20
239 212 269 218 326 511 437 363 344 265 573 458 428 486 266 583 503 336 380 372
20
508 168 292 408 566 381 591 433 438 426 506 289 158 158 189 289 411 341 564 502
20
162 156 116 333 206 459 479 367 437 536 535 304 393 262 516 336 536 315 566 507
20
375 439 146 423 164 487 317 147 179 367 186 273 584 262 336 208 151 163 199 531
20
479 487 544 176 289 318 350 566 210 547 156 138 476 445 569 499 428 452 279 177
20
456 181 559 367 524 471 419 409 428 256 264 140 219 254 183 148 411 390 320 282
20
390 503 280 236 366 574 364 379 125 456 548 503 595 227 175 261 211 575 567 135
20
442 175 494 233 230 434 350 577 393 508 317 338 597 139 287 305 527 544 330 562
20
359 328 268 254 427 437 546 516 418 556 520 436 529 274 222 181 344 392 242 497
20
168 596 193 144 405 113 193 184 392 178 239 344 590 583 211 328 142 346 273 221
20
135 279 498 179 167 457 374 442 503 103 528 322 397 173 120 300 361 530 580 223
20
532 154 328 182 161 200 273 216 340 411 579 338 458 161 134 436 165 202 150 362
20
484 395 107 323 241 259 473 443 286 301 435 488 434 529 401 449 381 566 118 193
20
117 355 400 453 101 105 372 488 307 536 333 111 398 124 400 230 537 517 412 530
20
314 468 424 552 506 430 438 526 484 322 458 197 124 275 424 561 461 274 270 598
20
410 578 267 594 189 329 544 508 478 394 323 344 283 449 281 494 132 440 315 550
20
285 128 322 233 567 518 450 264 413 110 146 105 209 478 438 567 591 209 497 249
20
247 424 394 460 112 292 198 163 218 318 390 139 141 335 213 485 559 324 176 229
20
339 527 593 369 212 384 290 450 216 583 335 169 268 120 259 568 270 398 314 362
20
150 185 551 217 210 239 541 470 253 438 564 541 293 567 203 176 164 425 384 157
20
451 524 481 430 396 448 278 262 530 559 548 580 536 308 396 136 388 298 264 398
20
526 373 413 446 346 164 364 203 475 302 548 367 279 183 146 120 418 185 544 226
20
110 500 184 332 462 348 318 371 249 183 421 572 379 120 438 190 394 391 544 280
20
351 416 197 167 217 372 149 238 224 161 275 486 158 226 536 461 579 207 326 357
20
507 249 236 586 132 598 409 275 382 294 268 301 271 179 378 591 448 443 332 145
20
572 194 524 330 442 325 387 358 289 536 567 250 166 526 136 418 114 362 164 143
20
267 528 500 362 128 319 457 554 142 472 305 599 198 285 493 535 195 314 177 449
20
414 483 274 122 175 148 535 455 425 352 157 391 599 358 156 211 472 382 122 532
20
170 475 351 449 220 587 178 125 491 215 323 152 477 567 214 222 373 510 219 228
20
590 445 157 500 207 510 530 594 590 478 243 440 109 276 376 571 112 103 513 477
20
307 233 512 223 153 436 214 217 214 140 473 256 344 272 294 307 577 533 469 233
20
426 157 191 168 233 116 188 343 316 387 324 118 232 555 220 115 112 197 547 426
20
460 478 160 214 443 289 384 276 481 346 300 357 485 218 489 335 369 441 397 489
20
319 488 372 523 507 456 277 210 286 346 470 319 402 538 435 258 536 483 407 550
20
475 406 344 356 476 571 294 365 141 332 226 202 240 270 226 363 574 243 500 596
20
454 340 476 167 126 187 521 250 288 401 418 366 129 220 535 547 280 493 551 510
20
499 110 428 358 457 361 548 514 363 447 331 319 458 239 265 233 127 266 144 137
20
300 545 124 456 520 167 329 528 257 562 310 343 553 408 197 357 164 199 356 375
20
526 424 208 268 432 237 408 600 166 548 494 411 277 365 173 177 210 573 434 455
20
435 238 298 419 196 153 310 344 557 370 600 122 546 290 513 574 507 323 231 213
20
424 280 419 113 478 518 165 175 352 468 224 232 400 118 506 182 192 235 402 212
20
186 136 448 193 461 479 218 197 325 300 289 262 164 521 170 149 193 332 405 275
20
321 213 593 336 360 133 273 521 488 363 370 317 230 217 557 544 338 357 159 119
20
292 157 150 332 337 448 132 348 314 388 384 408 507 345 517 229 408 284 524 119
20
536 226 360 297 241 150 327 251 394 531 255 312 548 151 598 592 418 549 309 592
20
101 311 248 282 224 352 547 400 314 321 557 359 245 193 293 386 175 336 186 330
20
258 296 118 362 520 270 425 541 334 493 415 212 572 122 106 191 257 426 361 554
20
110 398 193 322 519 197 335 553 260 506 308 162 282 478 245 526 565 443 159 443
20
112 597 280 379 437 399 370 597 339 188 356 491 413 554 328 202 419 519 426 563
20
599 103 578 540 252 481 565 406 572 543 581 418 425 403 535 117 413 270 501 348
20
102 227 377 244 512 362 418 364 285 322 115 421 219 592 521 312 156 212 534 176
20
202 211 518 535 143 331 308 576 599 121 524 127 150 134 413 379 178 184 469 328
20
247 380 557 278 162 566 586 594 294 370 200 547 310 556 245 279 569 421 432 161
20
288 440 392 301 558 455 378 196 209 211 240 595 369 466 229 533 429 444 176 108
20
117 212 380 283 538 394 422 497 516 315 351 100 129 226 137 182 400 367 371 299
20
408 463 199 467 132 131 575 328 133 183 440 114 300 349 105 537 594 274 263 549
20
202 545 257 431 293 491 428 458 133 226 298 315 325 472 271 147 277 355 136 187
20
559 257 181 194 112 117 415 370 382 424 156 374 451 511 600 588 313 180 351 463
20
311 521 450 360 304 514 470 459 341 138 501 594 239 200 307 208 118 474 297 224
20
529 385 505 510 358 330 352 262 557 352 470 261 102 156 521 286 331 556 482 120
20
243 560 410 545 231 264 265 216 295 217 296 415 457 162 518 241 390 525 413 471
20
370 175 275 484 359 411 277 445 451 107 509 309 361 401 172 387 399 271 385 195
20
371 445 187 253 549 526 576 147 253 141 301 384 402 155 536 153 281 331 498 540
20
116 343 374 237 250 450 424 238 375 271 150 577 139 133 136 211 539 421 230 241
20
126 453 507 420 581 203 415 438 477 352 535 136 170 353 171 314 210 102 399 442
20
146 500 553 568 244 346 593 588 408 246 458 478 293 144 239 388 234 505 422 397
20
385 328 226 439 409 432 385 426 441 445 172 232 584 180 333 264 517 494 131 597
20
572 102 224 290 454 101 309 186 397 302 362 144 215 582 295 600 475 234 306 466
20
205 524 433 355 111 149 559 189 263 600 226 111 143 396 343 214 581 115 278 322
20
575 577 232 314 352 395 126 229 220 130 318 489 565 339 550 122 568 400 325 155
20
258 547 325 550 583 484 394 250 333 382 215 333 580 292 395 116 101 450 136 496
20
365 452 560 551 556 580 100 599 323 587 539 153 261 109 178 181 212 475 273 106
20
222 244 476 358 476 111 533 200 597 323 423 254 421 576 208 425 168 469 229 310
20
229 353 511 142 272 525 223 181 393 263 186 263 401 163 471 459 498 309 136 130
20
145 265 144 543 471 481 143 274 487 454 352 253 145 230 379 198 219 407 283 531
20
102 462 200 139 246 566 400 109 201 463 437 455 471 285 581 363 208 288 134 372
20
504 115 469 124 435 286 255 303 219 546 124 170 174 278 586 436 267 229 596 593
20
350 294 262 468 461 489 555 470 472 465 190 184 539 195 534 447 287 140 379 338
20
113 584 169 396 170 560 126 444 545 430 333 480 550 338 257 271 371 541 385 165
20
363 274 416 494 471 130 597 262 403 298 127 228 101 379 353 283 485 291 457 197
20
150 208 121 224 511 361 154 422 490 450 299 250 218 181 507 315 101 213 189 476
20
588 492 281 344 524 394 189 381 485 129 410 572 437 547 260 188 370 458 296 453
20
186 546 114 428 217 387 275 103 468 449 558 166 427 184 219 523 597 578 511 150
20
139 333 196 513 479 577 326 429 318 470 108 497 574 417 509 132 204 273 273 116
20
128 141 181 491 254 452 214 261 450 154 310 361 562 164 478 151 396 104 319 563
20
522 526 137 124 132 364 554 103 108 284 332 364 311 170 333 568 329 369 422 374
20
466 360 266 535 321 535 418 348 571 155 591 498 216 296 147 423 181 245 334 176
20
414 531 158 185 484 532 540 162 231 283 550 403 190 569 135 198 475 228 590 554
20
380 276 120 549 292 595 509 331 460 141 324 498 284 349 411 271 484 431 465 189
20
226 329 318 119 161 410 599 375 181 422 464 147 339 208 310 372 148 262 490 471
20
444 202 550 351 359 361 461 294 343 260 404 240 358 559 127 550 394 110 103 446
20
106 176 158 266 407 182 344 136 222 337 430 483 250 512 116 204 217 579 204 107
20
332 548 159 155 427 148 174 313 145 211 210 477 322 578 526 121 252 328 576 125
20
359 127 192 289 504 298 519 418 122 521 239 389 316 295 394 349 108 159 360 281
20
299 135 108 344 253 284 557 176 255 545 150 419 328 584 549 502 195 106 443 413
20
400 394 537 559 266 158 284 316 195 429 512 531 138 292 246 427 236 397 117 428
20
425 377 244 586 166 449 118 264 415 565 574 355 189 269 175 514 202 383 410 286
20
406 261 255 320 356 372 373 141 298 143 186 392 380 585 488 218 313 591 104 425
20
476 560 586 493 138 430 471 233 495 468 531 556 590 187 512 237 186 503 240 474
20
111 360 348 132 495 403 411 170 585 459 252 362 221 119 319 587 169 128 585 526
20
493 248 432 490 335 525 386 332 246 496 580 112 178 400 464 242 145 163 242 460
20
180 343 437 470 210 400 262 586 580 554 125 268 495 246 255 510 520 161 374 574
20
422 451 239 274 490 112 318 490 264 266 341 483 477 199 588 334 130 408 252 213
20
223 234 127 242 462 519 138 125 255 505 171 410 599 537 270 565 234 296 581 125
20
560 335 483 245 565 194 278 343 538 543 526 373 380 340 538 231 162 480 149 282
20
496 461 420 493 338 189 169 189 482 409 549 176 160 335 444 502 132 513 315 504
20
263 231 567 503 412 391 260 425 450 172 542 184 478 511 483 304 495 324 309 481
20
373 391 219 486 333 597 300 229 260 280 158 466 571 587 132 268 528 413 373 214
20
210 481 136 342 262 334 382 577 548 347 451 318 343 273 244 503 564 560 192 477
20
132 401 141 449 137 400 486 501 131 159 234 262 536 137 410 488 539 345 577 118
20
574 360 320 475 531 549 167 142 345 232 169 176 262 360 579 169 297 444 472 114
20
309 590 407 498 506 286 405 494 304 203 402 224 582 589 340 382 436 108 487 266
20
277 412 430 315 492 163 419 443 566 242 152 143 489 335 467 347 336 301 429 198
20
492 108 469 386 234 507 322 177 397 481 183 106 478 356 579 585 200 525 151 310
20
125 120 241 226 553 384 403 449 540 201 376 234 576 500 246 539 224 523 566 530
20
537 144 158 226 229 288 498 420 404 134 508 471 465 161 551 414 268 104 135 370
20
501 425 497 172 250 288 403 548 329 237 193 408 327 152 353 563 461 545 182 328
20
173 572 297 123 370 208 319 404 195 179 371 151 315 590 301 308 136 447 595 248
20
386 514 593 477 279 206 321 534 421 351 502 188 174 499 253 182 416 518 330 236
20
132 479 224 401 437 556 162 470 383 387 511 312 468 375 141 511 360 562 320 474
20
431 149 227 221 331 246 108 254 124 374 291 398 210 512 248 160 332 189 547 418
20
193 357 207 218 319 194 436 600 543 278 410 282 529 112 294 160 280 318 514 108
20
497 153 476 345 299 582 180 223 355 309 335 426 558 556 485 265 181 274 144 312
