150
20
105 577 595 284 592 397 564 456 130 146 313 279 217 430 348 510 566 105 276 424
20
578 101 591 174 410 260 496 548 391 583 375 550 502 286 429 351 269 448 395 566
20
120 446 444 349 380 314 197 550 538 499 170 159 535 561 122 252 421 530 568 275
20
559 292 148 398 510 575 258 243 419 482 475 585 103 567 600 319 351 471 496 591
20
451 430 432 438 481 497 186 374 375 286 194 238 221 440 281 519 334 178 214 214
20
318 460 276 316 348 200 177 515 452 416 151 590 334 394 595 152 159 341 128 370
20
188 484 326 196 224 504 253 187 263 278 290 225 589 349 162 186 241 294 298 254
20
433 225 355 180 155 559 110 107 350 542 141 409 319 328 384 426 317 337 368 590
20
403 381 480 322 443 378 526 155 176 144 443 555 154 166 324 315 531 330 484 348
20
117 289 588 136 277 336 350 548 340 542 439 192 373 325 154 526 394 104 266 102
20
438 446 383 573 376 359 334 579 131 590 110 574 252 528 466 344 255 525 527 266
20
505 532 389 147 100 590 505 100 402 140 368 487 320 409 200 497 423 300 288 261
20
243 416 288 195 400 196 417 406 169 542 202 411 211 371 474 554 387 278 305 358
20
471 494 341 313 322 182 525 174 333 547 518 550 569 123 523 214 489 414 443 495
20
350 570 192 115 431 387 572 207 169 560 221 144 581 443 256 392 530 325 147 182
20
186 558 428 313 172 550 545 506 150 288 529 196 170 394 467 539 188 136 511 450
20
268 156 467 128 390 231 198 127 234 167 554 338 389 258 270 305 197 299 453 513
20
462 334 371 434 334 592 554 320 228 559 108 492 520 360 339 106 136 460 222 543
20
295 494 139 252 578 348 499 149 181 491 539 202 504 523 137 289 288 587 228 461
20
201 138 287 273 369 290 470 390 244 463 195 280 105 199 327 404 313 224 226 215
20
352 141 345 275 450 524 190 136 218 298 576 240 249 316 420 434 345 549 454 214
20
380 228 540 589 372 499 557 246 123 104 364 144 373 188 274 161 538 180 146 339
20
475 344 447 460 297 264 224 538 323 435 435 133 219 192 259 585 483 190 585 590
20
507 585 596 378 194 557 503 385 532 280 550 430 471 410 144 576 580 236 476 487
20
271 422 137 103 295 133 282 307 521 495 298 268 459 252 501 271 183 501 546 514
20
427 399 161 284 566 411 367 461 485 471 331 569 312 578 387 554 495 139 353 414
20
229 240 462 486 121 470 351 302 500 437 343 134 495 428 153 522 408 566 443 202
20
537 587 261 222 155 127 351 447 420 364 391 546 587 251 374 106 575 229 465 489
20
517 246 566 316 589 527 591 505 148 105 394 182 537 132 463 513 468 469 547 416
20
263 118 363 147 355 106 546 474 403 180 476 507 528 158 406 122 382 406 285 481
20
404 537 333 325 166 405 227 286 386 186 103 152 176 128 547 204 136 203 330 581
20
571 467 572 457 339 578 559 449 595 506 310 513 540 291 358 213 182 229 406 572
20
141 377 253 291 540 233 555 136 584 207 111 199 328 547 335 289 153 420 398 353
20
388 437 270 454 468 511 517 425 196 340 371 436 218 593 372 177 336 422 117 464
20
168 463 194 266 470 594 204 328 317 383 101 327 299 515 383 382 189 159 256 430
20
107 338 267 478 205 531 339 337 134 508 524 139 157 132 191 286 236 428 466 273
20
105 270 555 253 408 440 173 216 180 114 337 308 297 197 207 120 371 433 197 390
20
420 142 293 215 413 373 347 573 541 240 386 134 293 148 404 212 205 559 258 330
20
166 594 452 148 162 275 107 120 584 141 452 158 183 375 210 504 521 345 108 240
20
562 451 105 214 234 365 127 116 312 385 501 580 136 157 598 249 534 190 142 192
20
593 172 417 600 323 416 446 127 529 217 381 222 596 573 399 438 410 104 522 431
20
387 255 378 325 198 234 114 540 397 312 598 502 555 321 146 265 448 442 346 188
20
363 396 228 121 376 498 338 284 353 251 297 239 393 203 159 498 379 350 404 118
20
329 463 342 323 354 559 520 436 122 265 186 447 326 472 349 330 201 426 256 277
20
339 116 569 536 290 482 582 260 534 519 481 255 225 195 251 177 543 311 191 190
20
350 462 571 559 501 126 223 300 309 134 550 439 589 388 398 161 340 320 581 216
20
409 333 207 383 565 341 462 180 326 442 495 360 219 255 301 520 375 485 357 186
20
239 124 183 568 547 353 514 460 485 334 159 267 536 332 578 375 135 334 182 388
20
446 401 414 100 388 445 302 282 399 489 593 253 272 506 513 227 169 174 177 390
20
193 287 180 389 509 487 394 184 261 467 410 258 110 255 361 495 367 405 189 154
20
369 485 197 598 224 135 484 232 155 568 549 597 600 291 151 460 290 156 341 536
20
445 254 141 218 542 553 344 427 467 244 257 236 134 426 590 368 342 429 496 403
20
325 257 458 519 243 390 106 244 186 153 294 580 315 252 503 363 291 333 306 127
20
575 575 422 300 286 320 148 228 483 136 112 544 222 340 425 559 569 147 326 174
20
453 306 433 278 119 478 495 483 529 117 572 400 376 512 266 165 179 526 295 380
20
425 341 554 212 555 283 345 339 273 382 555 235 237 360 224 246 174 592 295 455
20
204 195 582 417 542 342 246 422 297 401 217 482 561 266 289 304 384 255 417 556
20
285 481 147 247 403 550 324 518 494 533 128 314 296 186 532 405 116 179 279 443
20
110 588 502 173 113 249 332 352 484 291 362 176 260 447 385 358 523 402 586 238
20
143 286 156 548 181 582 139 111 256 283 493 240 109 238 199 576 415 445 375 142
20
324 174 580 333 263 501 124 312 298 522 319 306 268 526 285 477 162 558 562 435
20
512 311 164 563 566 479 443 171 434 233 300 245 590 259 461 424 584 223 431 338
20
237 380 274 105 390 387 138 568 153 329 359 167 240 383 575 382 373 258 233 332
20
466 101 417 326 384 557 553 233 105 123 553 577 280 452 577 245 230 278 223 458
20
285 498 368 104 246 341 297 520 269 451 322 151 598 435 451 445 271 418 164 304
20
362 363 493 141 455 203 557 520 252 317 185 557 390 255 118 108 306 205 494 551
20
594 205 335 203 459 587 348 124 231 427 359 171 393 188 526 420 561 293 142 221
20
173 336 113 106 201 143 349 462 346 496 424 565 560 284 110 100 184 563 504 256
20
239 319 590 381 392 434 193 458 229 555 578 190 573 118 290 291 224 557 170 135
20
254 344 280 521 563 429 566 495 414 191 125 449 475 522 297 282 472 533 133 478
20
198 226 114 600 363 287 600 304 478 552 336 595 349 413 206 409 493 322 291 165
20
277 174 304 146 537 167 171 368 353 177 408 472 491 293 521 345 245 428 322 310
20
105 110 232 512 421 462 184 211 179 400 232 281 464 266 277 488 213 100 495 447
20
415 206 496 246 242 429 402 221 496 572 320 393 217 217 523 459 477 579 434 184
20
117 487 277 542 581 463 559 596 560 536 380 203 556 155 346 278 247 260 412 543
20
266 267 149 169 569 361 494 274 103 139 103 497 381 131 495 415 356 230 416 402
20
534 150 557 534 221 101 103 335 135 167 460 267 163 375 454 352 127 212 416 183
20
363 216 519 150 581 569 127 357 570 474 249 367 549 356 489 181 190 309 125 522
20
224 245 154 144 303 143 438 528 464 543 516 189 319 378 561 216 258 184 489 208
20
352 472 139 500 238 582 133 281 270 354 157 256 520 240 571 297 311 496 263 518
20
383 230 303 360 334 409 258 573 255 302 366 119 392 410 571 115 186 472 531 444
20
203 247 451 597 210 311 180 504 487 423 522 210 425 116 150 569 517 309 527 101
20
216 225 104 402 558 183 251 578 449 153 215 410 520 132 426 461 452 115 478 334
20
177 283 322 490 478 418 533 288 157 130 521 103 279 348 239 165 448 476 159 372
20
278 178 517 352 519 587 108 203 303 530 239 185 291 408 508 395 383 227 583 302
20
132 302 488 488 107 581 600 430 332 345 232 127 530 569 269 171 337 287 114 114
20
532 278 250 237 461 265 424 544 108 564 304 491 195 522 321 477 555 252 276 197
20
515 387 484 352 147 562 373 240 396 523 178 140 381 295 553 557 405 181 107 405
20
217 468 371 160 572 581 469 560 125 499 419 172 389 246 499 357 355 401 469 206
20
218 245 537 234 174 146 532 153 141 127 569 395 320 593 508 483 567 554 576 175
20
191 172 386 363 166 165 292 458 537 329 142 100 241 192 493 369 497 107 226 534
20
200 241 200 139 524 129 356 202 393 513 536 468 418 272 273 457 248 587 571 384
20
185 295 275 336 474 551 428 199 237 440 570 122 276 363 211 141 219 342 182 135
20
273 577 311 248 239 173 143 552 434 240 367 414 138 491 330 582 308 141 378 529
20
199 326 368 130 140 150 119 200 413 454 244 414 488 472 202 323 590 367 455 584
20
576 213 341 181 253 178 454 390 204 139 337 519 269 313 133 482 269 122 524 442
20
102 315 494 485 557 342 446 598 256 290 516 345 319 345 252 331 490 591 535 370
20
592 150 283 311 382 228 170 112 145 342 174 248 569 558 594 467 154 105 508 282
20
456 255 112 109 259 375 580 230 136 451 531 219 590 316 125 334 246 581 467 325
20
456 507 388 541 492 368 300 478 157 278 504 119 154 529 557 191 469 410 520 348
20
307 181 234 508 514 242 445 480 451 562 224 479 265 334 580 194 292 386 550 155
20
595 158 100 101 279 376 495 380 581 143 502 317 287 217 248 487 127 219 138 530
20
250 367 226 449 240 401 374 546 101 289 421 428 365 481 495 116 524 141 350 498
20
514 495 143 541 400 268 561 462 221 590 343 491 194 530 164 449 328 175 424 208
20
509 416 294 503 359 450 116 463 529 263 135 591 592 258 456 328 313 548 128 594
20
465 164 160 403 308 211 514 600 121 523 211 468 514 241 530 410 513 112 443 383
20
198 308 368 590 342 138 481 403 248 476 417 175 523 578 185 321 332 258 115 396
20
541 286 393 581 383 595 326 219 444 104 345 214 251 573 587 127 143 587 595 466
20
450 522 547 420 148 347 401 128 451 101 125 560 199 570 494 144 549 376 223 364
20
475 460 303 351 270 120 480 488 424 285 155 304 356 159 564 276 266 402 249 500
20
231 180 262 274 115 495 430 176 514 434 379 577 463 153 266 495 130 560 299 346
20
209 158 190 454 219 398 445 356 147 268 365 175 563 552 172 528 218 244 273 590
20
587 302 382 115 253 390 345 552 105 189 397 537 259 550 581 287 101 543 337 278
20
486 137 134 129 524 182 542 175 231 422 375 244 574 178 600 583 511 544 235 356
20
576 348 249 125 533 280 512 197 261 116 423 401 595 143 384 335 352 536 510 469
20
470 256 322 385 551 535 434 122 250 543 225 390 522 454 270 176 496 552 305 531
20
357 377 550 521 518 235 342 290 183 373 164 218 524 407 597 331 338 211 233 348
20
338 380 503 242 385 503 349 509 562 413 291 580 370 336 250 203 211 458 117 547
20
184 259 221 150 380 275 211 210 439 327 456 394 598 521 580 573 405 431 148 111
20
572 270 361 581 293 107 491 202 488 587 314 362 173 462 249 161 479 485 447 558
20
368 393 127 448 512 471 379 161 547 236 595 539 253 589 189 146 236 440 541 549
20
424 315 110 508 270 183 529 155 215 325 410 434 242 276 101 254 341 274 408 551
20
437 556 375 140 296 119 508 288 257 240 179 600 106 244 416 309 138 141 384 138
20
339 281 472 436 296 247 342 320 325 142 259 372 227 257 200 217 400 516 544 522
20
262 286 218 430 492 153 297 525 528 499 349 193 331 561 573 386 240 453 271 107
20
597 195 562 531 235 393 380 462 226 372 460 388 454 239 213 444 421 279 535 317
20
462 168 598 397 508 216 294 233 200 145 130 317 593 401 177 373 275 139 416 505
20
344 405 175 527 116 249 369 293 589 313 590 319 212 426 288 575 570 314 184 239
20
591 513 503 254 471 266 425 250 426 102 257 274 112 119 277 389 155 592 107 412
20
173 313 296 534 272 529 492 109 330 586 593 520 166 276 126 471 552 151 367 413
20
281 114 324 195 400 282 123 545 244 160 216 399 315 130 524 510 463 383 165 319
20
457 269 598 263 201 219 463 183 171 488 377 470 420 491 424 105 442 487 498 566
20
229 550 282 443 272 387 314 418 102 353 256 235 364 229 108 555 145 260 123 374
20
183 327 395 415 527 441 352 538 133 124 526 186 392 268 576 145 146 134 372 511
20
448 127 296 532 512 538 451 520 492 108 267 367 426 568 412 385 542 531 431 135
20
422 399 304 529 496 427 378 444 407 293 212 509 313 127 244 596 596 324 420 505
20
517 186 521 574 255 510 341 399 396 440 110 143 207 202 149 444 276 495 368 366
20
514 279 473 247 515 524 345 249 200 102 491 463 583 412 494 207 354 563 118 451
20
271 171 531 408 471 292 160 557 490 471 111 308 175 310 574 115 222 596 527 219
20
559 187 586 377 538 447 496 149 183 475 514 274 261 222 205 185 401 286 367 578
20
449 549 508 308 281 144 229 323 352 269 174 186 476 139 251 579 281 531 557 470
20
559 254 396 490 252 359 400 372 227 272 355 202 151 106 462 588 205 155 384 109
20
244 501 344 205 249 326 443 175 327 487 127 481 125 311 469 254 453 161 298 340
20
538 487 432 422 149 239 588 458 176 243 356 479 249 590 436 491 477 273 414 135
20
140 291 507 580 191 417 111 542 212 352 511 394 336 225 130 357 456 439 246 168
20
181 273 512 485 430 325 535 384 212 548 502 528 562 409 513 260 597 132 195 206
20
469 180 326 460 249 221 535 440 458 557 506 245 262 368 598 437 126 359 396 543
20
287 443 174 451 399 488 305 202 365 194 277 128 144 111 236 379 214 535 392 303
20
481 133 563 418 289 263 122 128 134 135 332 133 350 435 161 240 157 225 413 584
20
297 252 200 571 188 580 135 429 231 312 473 599 460 366 180 405 158 403 372 158
