150
20
360 375 551 246 363 579 265 353 285 592 355 310 450 467 596 316 566 446 283 585
20
543 116 456 427 109 198 408 442 299 521 100 220 286 553 270 526 512 268 347 161
20
510 474 568 371 306 326 587 111 419 478 380 305 307 330 590 403 349 128 110 299
20
327 264 297 114 390 290 395 442 161 532 126 598 354 370 189 180 485 490 131 360
20
431 114 305 349 427 460 410 597 177 175 571 355 409 255 290 325 307 466 137 196
20
314 558 536 270 314 475 130 241 239 313 312 229 276 325 450 515 367 173 166 120
20
130 440 515 129 384 455 210 525 291 400 298 288 572 401 582 268 173 379 386 216
20
435 164 461 446 587 278 224 537 434 423 270 407 298 559 535 334 161 549 382 189
20
471 112 457 557 121 491 394 501 352 201 387 506 335 467 231 267 514 589 592 285
20
349 349 187 536 426 279 114 293 113 345 364 167 587 578 237 549 426 248 567 317
20
197 203 158 578 236 462 231 311 425 185 369 376 198 384 115 306 217 515 189 422
20
554 201 118 144 522 329 453 126 126 227 143 162 542 102 584 368 288 145 377 570
20
542 415 374 264 411 330 378 196 412 477 160 517 188 103 253 540 502 412 107 589
20
448 212 216 187 569 300 486 341 318 358 597 139 274 239 324 340 158 266 233 332
20
261 518 376 103 323 271 585 195 335 112 235 417 198 111 517 376 178 578 535 540
20
400 272 193 414 183 542 117 239 295 486 216 461 222 276 301 252 424 590 385 500
20
155 357 584 504 506 270 134 274 209 103 160 377 406 400 314 222 174 330 377 356
20
187 141 199 170 209 357 236 327 354 218 584 513 293 148 260 297 517 165 326 113
20
301 278 357 218 390 257 348 594 416 302 449 135 221 582 221 256 564 164 265 275
20
466 364 503 334 171 351 471 575 472 484 105 546 416 370 435 507 301 572 550 271
20
591 271 192 227 224 114 285 376 435 556 286 565 190 585 257 468 177 128 209 179
20
408 527 568 291 325 164 523 439 102 577 414 240 138 218 560 171 572 163 299 119
20
534 285 363 425 405 313 170 437 411 104 377 334 451 374 350 490 348 494 526 337
20
204 334 108 554 494 333 145 296 534 195 434 215 405 335 176 490 402 487 332 317
20
417 530 511 157 500 524 182 448 591 208 437 323 170 596 280 229 153 385 495 168
20
107 441 245 521 241 234 222 307 588 403 352 408 161 155 493 166 444 239 504 361
20
234 490 530 463 501 499 163 201 322 573 409 158 244 482 471 362 270 590 441 416
20
567 220 476 175 116 301 291 477 425 105 340 192 203 210 406 197 223 457 107 428
20
213 234 332 102 437 560 473 109 250 250 269 204 354 176 433 312 388 229 345 565
20
593 467 593 295 574 554 175 457 517 586 359 349 332 584 346 429 232 555 275 404
20
405 389 542 479 267 446 311 594 480 594 578 157 572 414 534 329 575 103 267 142
20
433 159 572 341 314 565 216 588 111 301 253 225 193 557 587 161 478 536 199 175
20
361 344 260 191 202 119 577 166 285 106 597 269 281 500 421 230 218 432 427 122
20
270 281 213 418 177 314 450 295 462 372 449 584 223 487 555 422 260 159 521 242
20
470 476 508 364 372 527 189 504 436 373 575 203 545 207 546 184 369 360 407 454
20
240 155 491 324 444 193 513 251 433 472 143 319 134 532 544 233 514 580 566 251
20
472 381 557 505 500 485 549 238 515 251 493 337 138 565 588 303 600 147 297 101
20
232 319 434 403 435 359 203 217 351 116 370 287 227 471 155 324 571 450 559 261
20
423 593 587 552 503 523 127 395 433 142 147 381 346 375 528 362 282 113 128 523
20
417 446 386 345 350 136 444 147 597 420 248 146 304 600 214 403 478 186 126 349
20
242 116 517 440 599 534 358 197 257 159 287 206 534 229 409 511 213 146 446 565
20
510 302 392 249 444 511 360 515 434 184 419 266 369 579 579 130 410 592 205 380
20
333 216 238 275 445 307 182 478 430 309 226 455 262 103 251 554 463 194 497 134
20
434 265 190 339 511 537 404 448 388 443 244 566 449 244 487 203 588 506 113 204
20
216 401 445 515 329 196 328 105 115 340 558 324 376 112 550 564 203 334 361 444
20
426 284 422 551 569 580 528 214 481 183 531 166 502 247 239 173 415 359 496 337
20
283 216 119 197 230 475 131 339 227 404 373 402 454 422 488 278 529 576 486 362
20
191 317 466 514 116 560 579 559 158 433 554 159 156 418 233 364 168 374 332 444
20
345 577 463 335 155 311 538 571 187 359 558 233 371 595 202 190 520 154 436 314
20
576 188 297 304 157 103 248 257 358 228 329 175 542 295 130 541 148 349 191 227
20
207 596 525 468 232 551 184 361 148 143 537 163 264 263 174 443 330 413 504 513
20
395 136 314 519 299 255 203 350 272 437 372 471 549 126 594 292 205 345 114 381
20
567 290 326 195 402 112 374 427 345 468 254 583 542 596 427 276 330 244 256 589
20
521 126 335 179 526 283 270 185 162 128 297 304 378 536 374 389 296 285 405 121
20
593 473 583 306 391 396 438 310 564 330 426 256 262 283 521 595 263 473 106 383
20
450 523 360 501 500 595 292 562 498 599 561 421 580 138 494 378 357 477 573 247
20
260 134 539 446 341 474 308 198 437 455 303 329 140 387 189 523 504 510 293 354
20
475 550 138 278 550 194 151 289 414 240 338 353 295 154 160 319 243 292 259 113
20
376 470 599 377 282 322 398 265 428 241 176 489 440 311 547 394 214 121 112 582
20
124 233 136 544 413 558 591 233 111 374 207 250 402 239 592 594 537 578 464 439
20
171 484 169 513 472 171 480 236 437 237 491 429 105 376 296 309 510 129 224 545
20
210 540 124 136 318 437 174 140 476 110 438 324 578 122 454 248 202 348 183 265
20
205 443 414 379 343 440 448 397 185 489 113 212 244 402 377 241 464 286 449 255
20
595 339 477 551 192 478 175 305 391 182 427 174 515 163 236 297 374 587 342 227
20
402 510 401 572 366 312 495 190 399 198 133 234 291 495 159 362 131 240 536 512
20
207 598 466 262 450 336 488 505 163 300 443 267 426 581 242 488 572 325 310 262
20
386 448 188 332 554 393 380 262 271 352 212 391 279 143 196 387 345 432 584 225
20
193 392 573 400 106 473 430 365 302 179 463 296 136 391 452 348 512 579 278 402
20
234 354 543 191 111 129 128 483 526 437 321 391 541 575 245 593 286 585 438 460
20
548 396 371 590 279 325 179 289 319 408 314 233 392 271 169 456 130 169 169 500
20
300 556 188 154 116 117 347 131 307 325 399 565 215 182 573 486 475 306 393 100
20
130 269 325 520 564 468 141 147 430 557 510 488 296 141 170 296 255 360 265 410
20
565 238 314 222 474 474 198 213 387 432 473 421 421 490 286 501 285 465 418 252
20
218 282 478 131 222 396 189 223 586 185 276 139 388 322 348 269 332 103 215 154
20
240 487 255 341 276 559 197 317 588 436 389 169 294 481 594 173 442 391 303 382
20
399 305 144 215 312 308 555 114 453 512 126 404 599 367 102 126 379 198 159 171
20
384 283 141 461 494 405 113 502 282 242 584 581 540 599 254 382 162 284 301 528
20
305 390 492 503 522 309 445 210 464 269 193 388 125 454 138 342 206 366 152 458
20
478 123 506 534 183 573 246 497 145 304 313 106 440 223 150 254 189 576 400 582
20
442 444 262 599 588 598 333 395 577 181 451 503 129 451 567 542 152 373 127 141
20
219 411 415 122 453 382 558 188 489 589 402 308 467 298 194 503 123 463 103 569
20
535 440 433 147 378 298 263 466 377 147 177 294 502 154 338 450 573 256 305 470
20
107 121 273 328 194 301 362 250 472 534 441 592 181 552 183 229 586 582 163 150
20
225 431 511 463 379 167 313 132 111 518 570 293 326 173 553 111 514 529 528 273
20
375 524 567 105 552 362 110 460 129 264 458 485 433 135 410 395 156 275 273 433
20
600 411 328 188 124 476 445 559 583 185 326 451 594 131 496 564 513 251 204 228
20
128 280 372 334 421 469 252 157 550 123 518 477 416 366 454 104 316 313 244 456
20
486 507 457 212 175 500 450 584 419 372 162 362 140 457 420 160 480 398 141 589
20
537 583 228 379 268 182 389 403 319 332 485 317 500 114 272 225 237 153 541 229
20
121 132 182 545 337 541 383 528 346 335 581 138 294 251 126 278 317 353 586 274
20
449 426 585 391 270 524 533 203 255 324 124 316 499 233 304 594 584 185 117 164
20
100 247 128 276 433 564 448 296 310 222 479 296 194 266 525 331 548 258 218 346
20
116 128 437 416 184 547 498 483 470 494 428 549 103 318 535 179 242 474 383 205
20
389 115 212 585 337 529 279 421 266 587 545 569 507 388 526 349 231 454 343 586
20
578 385 477 224 443 502 225 524 592 326 407 591 225 250 282 125 480 384 501 471
20
498 320 490 334 237 274 555 362 306 400 218 338 461 598 437 449 389 445 198 585
20
583 205 559 445 368 353 380 270 535 278 489 566 165 491 303 110 324 411 413 464
20
366 165 419 244 487 269 394 370 452 287 543 319 451 600 392 212 489 380 309 286
20
160 245 517 503 551 279 310 413 227 120 430 160 411 270 121 253 395 132 445 415
20
181 559 127 315 273 183 551 118 537 154 471 519 435 194 375 493 236 469 492 298
20
346 264 520 235 443 458 240 224 402 479 150 424 467 211 275 222 454 572 133 285
20
194 557 309 194 420 508 417 435 332 258 269 279 350 212 399 251 383 513 344 294
20
444 140 523 118 219 359 198 561 236 376 484 562 373 516 342 310 190 214 511 286
20
304 244 102 522 117 328 302 319 427 511 147 367 386 180 302 258 503 500 282 215
20
100 111 288 569 478 397 529 296 128 348 313 269 584 193 352 437 574 322 580 152
20
292 546 592 505 450 518 438 329 196 359 173 478 436 212 353 578 219 144 226 108
20
214 175 397 337 192 504 465 282 448 361 435 240 449 516 189 580 513 464 163 536
20
581 593 204 307 162 271 500 315 291 288 432 191 510 162 112 208 495 332 158 580
20
159 401 591 559 166 294 201 198 362 544 560 331 354 171 557 590 101 531 223 452
20
211 303 432 212 450 321 119 357 207 520 103 198 358 261 349 482 110 487 159 406
20
467 451 161 415 167 429 484 311 406 111 559 565 146 468 299 206 508 393 538 479
20
531 293 128 198 390 246 114 560 528 222 384 359 440 255 591 116 242 548 378 426
20
576 300 362 118 479 113 241 443 590 119 584 399 588 578 372 340 461 586 101 437
20
464 424 133 254 313 562 135 437 413 516 206 315 353 459 521 385 572 230 263 234
20
597 306 330 438 243 511 162 577 532 103 257 543 580 429 313 320 477 381 102 169
20
596 571 563 346 189 233 158 100 385 254 532 173 247 146 274 580 288 158 598 454
20
591 206 520 421 530 498 291 501 112 583 373 422 530 199 450 502 176 287 250 101
20
434 110 496 371 402 227 309 110 376 211 111 414 293 412 374 240 571 377 289 114
20
225 580 494 534 263 284 121 349 551 248 169 329 336 379 363 393 162 568 357 473
20
379 419 142 210 538 398 445 273 498 569 199 153 194 511 584 143 239 549 334 193
20
214 249 290 147 207 225 182 488 207 362 210 559 153 590 460 176 437 485 423 447
20
141 337 277 323 353 239 239 351 468 461 378 237 475 541 117 417 437 241 282 123
20
550 561 564 488 530 187 164 114 391 122 222 566 214 389 546 170 146 295 198 174
20
232 495 197 384 418 124 598 406 377 198 304 594 319 321 473 102 264 553 103 186
20
560 134 416 393 305 253 426 179 166 229 328 348 436 402 406 543 126 593 431 229
20
574 162 178 327 247 561 273 197 469 454 576 306 280 463 409 299 157 170 206 305
20
553 185 232 504 546 376 401 501 249 192 113 423 570 512 339 329 257 387 207 295
20
353 556 308 234 205 115 151 549 444 545 301 264 184 419 190 224 159 259 270 553
20
522 199 480 360 484 225 573 333 588 501 106 305 422 546 158 140 576 567 388 392
20
378 382 502 551 483 542 157 490 537 436 352 595 570 114 370 229 549 114 525 264
20
577 393 480 261 556 189 552 569 477 248 488 108 102 308 183 248 314 282 161 401
20
412 389 112 301 240 411 185 544 272 521 285 247 582 109 563 187 178 480 251 293
20
470 213 213 241 493 207 199 304 515 350 140 132 332 201 350 485 387 568 155 145
20
467 584 397 111 398 270 599 118 526 165 178 147 227 478 167 229 568 478 587 318
20
469 150 406 399 441 555 501 376 143 478 543 328 575 483 252 150 503 329 228 243
20
422 130 474 246 495 362 586 317 575 404 225 403 584 288 474 384 406 409 218 329
20
514 430 533 331 429 142 580 573 389 264 576 568 328 571 544 477 320 266 110 341
20
506 242 393 381 349 194 398 233 493 455 294 393 148 560 107 336 270 199 449 300
20
133 312 247 456 580 455 451 348 312 457 401 237 451 478 269 502 454 369 156 316
20
268 523 571 371 539 406 184 176 335 387 247 389 459 327 211 227 483 525 157 311
20
216 367 169 565 300 504 506 515 269 195 329 370 369 582 564 375 391 189 127 321
20
317 353 404 351 446 536 135 107 289 471 476 536 235 301 343 152 596 549 382 365
20
246 393 493 433 178 412 132 421 168 565 221 207 397 394 118 583 348 529 116 556
20
527 226 473 182 447 392 243 422 237 378 440 498 204 380 495 473 302 493 165 411
20
589 191 495 192 105 396 328 509 171 186 429 459 156 253 357 572 125 472 187 398
20
151 389 441 334 588 411 120 416 137 555 431 422 207 170 120 368 308 305 590 418
20
105 228 329 508 495 252 514 247 357 189 249 132 343 259 509 294 428 120 413 518
20
562 569 347 542 420 551 497 439 140 333 415 477 230 545 242 362 234 292 259 346
20
292 441 358 468 117 107 392 560 197 250 471 453 336 120 131 311 363 191 216 387
20
155 100 310 382 237 132 175 311 379 347 284 146 361 435 408 544 452 196 378 462
