150
20
159 135 353 485 368 312 511 442 424 531 581 254 119 298 375 597 255 303 153 195
20
549 412 151 347 226 550 195 117 597 231 319 517 408 550 127 215 503 385 412 545
20
377 469 541 435 458 231 565 529 507 393 378 459 162 577 326 597 410 506 376 465
20
421 530 171 187 267 360 361 163 209 450 220 429 289 140 308 221 577 526 442 385
20
575 563 330 501 143 218 184 214 596 451 571 263 452 278 432 496 354 572 100 322
20
129 397 475 233 578 256 420 333 391 482 349 236 203 263 258 419 510 591 259 253
20
153 179 559 305 496 369 109 485 404 507 564 463 219 335 389 501 540 139 283 275
20
420 463 256 539 532 576 426 452 278 524 337 534 312 470 386 530 323 386 390 415
20
287 448 138 423 502 407 444 261 229 137 406 465 598 451 521 533 301 578 576 473
20
507 372 550 521 362 537 260 309 380 367 134 213 276 302 501 197 113 111 100 114
20
289 397 418 257 488 299 528 191 504 398 481 261 265 165 391 177 513 223 548 431
20
155 531 250 434 476 186 564 245 298 291 347 465 425 238 278 239 319 423 335 512
20
418 150 543 433 202 166 274 489 436 303 288 303 424 314 504 175 255 307 502 232
20
550 179 264 392 578 282 292 341 153 550 291 186 589 275 405 136 566 465 535 329
20
165 502 281 572 217 143 288 281 207 260 537 231 448 210 433 594 164 391 579 361
20
463 549 191 461 143 131 435 531 357 176 538 498 298 463 488 142 319 262 305 358
20
120 152 521 537 223 178 118 351 482 495 522 406 407 393 473 554 355 347 225 401
20
182 103 334 163 549 183 381 407 579 547 194 343 503 287 156 114 287 286 145 240
20
157 311 476 258 245 395 384 172 253 438 393 353 463 521 420 325 412 587 455 184
20
198 468 414 538 459 478 532 188 259 380 448 231 366 481 353 443 371 158 570 160
20
581 315 207 358 517 104 417 491 174 125 263 446 561 216 448 312 203 111 355 257
20
258 114 508 563 150 298 274 497 487 470 186 489 253 418 105 394 335 222 120 324
20
553 270 523 340 251 231 406 241 546 396 345 203 241 146 340 283 591 253 196 572
20
329 500 336 216 272 541 468 431 405 417 304 578 410 346 491 355 182 327 239 518
20
409 305 206 442 335 191 301 248 176 234 208 221 400 380 283 484 226 569 599 561
20
184 248 453 459 423 490 277 355 144 501 165 114 124 242 200 333 578 477 297 444
20
256 122 553 308 423 460 344 374 348 216 530 549 226 359 150 528 267 103 539 389
20
152 272 287 179 494 582 385 362 489 216 414 491 500 426 247 482 404 595 585 372
20
131 568 566 379 506 107 596 528 512 192 145 588 318 282 220 152 409 109 405 304
20
131 217 245 130 422 112 421 398 522 214 495 370 212 310 598 124 172 429 369 138
20
565 164 329 548 372 149 260 150 592 432 287 319 507 128 365 357 106 449 591 246
20
281 228 266 232 279 206 511 416 182 403 249 187 312 481 111 374 379 483 319 552
20
246 544 584 490 341 180 126 596 121 469 378 451 495 256 174 134 328 587 189 267
20
244 491 525 339 503 378 423 117 331 562 176 594 145 582 455 532 192 496 272 440
20
130 446 558 465 560 381 259 373 541 427 452 403 343 593 366 124 474 147 562 234
20
596 468 413 538 305 269 123 176 525 317 262 248 409 314 300 191 459 121 519 414
20
152 449 145 324 322 200 111 108 155 452 299 353 346 318 452 184 475 506 538 533
20
216 347 377 298 455 258 320 476 445 452 513 554 246 542 541 591 536 291 149 190
20
353 466 138 380 226 538 440 530 215 202 399 421 590 194 438 161 158 287 479 328
20
472 382 238 202 402 321 112 309 374 299 217 427 288 250 181 587 573 357 163 177
20
232 472 516 577 323 497 380 404 410 135 269 550 317 530 178 415 484 514 180 349
20
347 153 452 526 149 562 494 171 251 237 256 280 572 197 392 140 508 256 409 315
20
505 551 529 321 425 224 344 231 505 136 438 565 235 536 193 147 505 143 246 207
20
439 546 597 181 171 257 367 490 306 394 273 481 123 559 550 286 317 600 364 491
20
190 306 450 493 323 488 459 353 512 426 488 344 488 273 384 468 326 357 385 215
20
489 222 384 302 142 579 470 542 419 336 260 145 489 447 191 581 401 561 266 518
20
139 148 295 244 565 396 576 176 116 314 204 150 510 182 393 384 590 490 486 595
20
161 370 303 449 492 236 287 235 540 189 562 537 538 178 402 298 508 241 117 578
20
468 387 351 203 273 506 392 346 509 412 231 326 312 365 587 113 187 588 237 379
20
181 372 233 376 167 237 441 194 263 230 174 241 534 366 489 410 115 464 599 539
20
251 276 390 143 438 132 543 116 482 556 143 174 207 287 475 164 384 443 244 257
20
581 261 588 516 268 163 349 512 406 385 574 354 366 362 158 271 340 308 182 580
20
209 215 581 332 111 347 547 374 332 398 457 363 122 524 569 222 419 207 571 202
20
575 159 209 212 522 349 580 597 116 193 170 127 116 171 398 456 188 577 595 443
20
388 336 309 217 534 225 110 325 457 401 237 552 357 576 505 497 242 186 381 548
20
457 114 522 517 189 191 456 596 387 296 324 275 327 140 203 343 201 402 238 134
20
302 469 531 110 313 542 493 575 563 296 197 241 184 284 348 174 387 408 174 364
20
145 247 419 439 158 293 360 573 592 491 318 309 585 198 131 484 300 517 564 500
20
339 265 394 537 155 433 122 171 244 386 589 131 102 340 434 298 295 510 182 578
20
544 452 221 172 232 281 568 110 131 336 509 239 309 303 105 394 152 371 195 432
20
589 499 373 177 391 343 197 476 247 461 115 288 441 368 501 153 247 576 455 182
20
407 300 336 429 275 305 315 265 182 599 492 459 220 235 251 385 255 207 231 198
20
417 559 343 395 405 154 425 570 343 347 104 492 496 361 243 142 332 387 494 326
20
134 430 267 426 153 495 283 433 424 575 151 131 310 181 576 419 509 528 200 133
20
393 318 426 262 444 424 153 489 170 179 484 509 557 540 543 488 552 563 523 272
20
290 370 547 572 443 223 182 555 473 327 434 396 502 220 177 240 575 124 343 408
20
170 368 534 503 495 482 115 241 392 201 577 401 544 208 381 483 596 588 102 134
20
274 404 442 558 475 376 216 256 276 131 404 252 355 105 255 265 276 527 486 202
20
538 194 434 304 526 158 176 487 583 319 496 479 531 299 279 248 224 171 323 180
20
314 540 431 339 594 291 284 562 264 364 119 202 476 566 316 223 153 202 488 192
20
496 102 429 477 252 312 101 467 544 299 317 318 475 476 407 112 497 171 340 114
20
272 466 264 278 448 369 418 372 420 227 360 136 546 547 547 292 316 180 354 328
20
412 144 581 563 475 564 146 378 536 538 255 585 181 501 240 432 516 348 148 113
20
255 313 132 107 208 598 542 238 533 367 315 478 421 300 574 446 400 276 286 481
20
173 362 370 211 110 410 457 398 162 487 125 334 483 297 484 516 139 453 556 278
20
391 379 233 392 111 295 171 333 106 319 454 534 161 575 254 122 516 405 317 569
20
341 389 582 319 398 576 118 400 552 566 171 158 133 278 124 239 309 300 246 279
20
409 464 199 448 333 242 401 514 104 175 580 453 142 408 407 598 463 468 155 208
20
281 540 345 350 205 386 154 402 213 411 159 394 586 328 235 115 564 256 514 241
20
507 514 447 163 394 232 522 570 253 444 207 142 386 347 465 213 417 130 195 141
20
105 150 494 546 561 262 265 581 132 494 228 132 105 526 425 458 541 236 130 300
20
269 565 227 492 280 415 169 493 364 254 305 171 514 431 140 272 168 116 562 442
20
256 529 150 573 502 185 584 138 446 304 221 473 202 252 453 456 351 412 462 282
20
179 499 146 258 403 206 538 154 420 100 297 504 564 489 521 304 403 273 498 450
20
502 237 477 123 189 493 458 546 384 256 355 316 193 242 109 437 121 422 152 180
20
123 485 349 185 144 419 343 407 392 543 232 380 409 159 188 211 253 344 222 576
20
150 272 430 493 380 179 234 304 457 292 559 398 223 373 258 565 400 316 277 257
20
425 294 545 505 290 484 175 168 426 246 501 388 377 543 151 174 404 188 356 184
20
469 113 299 127 171 449 351 494 526 230 343 293 457 532 205 485 299 494 364 414
20
444 213 497 178 167 346 294 287 198 408 210 193 582 364 570 190 554 422 459 286
20
381 497 433 421 159 250 407 408 419 405 365 245 166 558 465 270 423 309 446 478
20
467 344 296 542 158 489 470 106 127 267 525 104 238 470 303 449 322 471 305 410
20
591 123 390 176 535 282 409 495 253 555 551 280 353 370 119 592 230 360 105 179
20
388 439 490 283 391 266 566 457 259 468 543 120 128 570 578 266 556 190 590 295
20
472 199 413 296 191 419 349 493 432 338 333 182 554 294 295 592 227 275 269 387
20
191 263 146 510 185 496 525 441 217 532 144 104 187 526 126 106 542 352 267 183
20
462 189 293 351 266 319 365 135 308 334 418 524 216 397 558 340 450 326 426 354
20
299 355 136 223 162 435 581 581 193 297 477 169 425 353 256 320 580 436 319 122
20
437 420 107 386 263 170 372 500 460 232 287 277 257 476 492 294 580 241 334 152
20
476 152 504 111 375 296 147 209 236 576 546 468 519 430 254 521 146 377 231 111
20
360 457 394 447 305 350 444 326 346 120 575 378 215 587 304 272 502 425 189 526
20
482 266 257 135 274 587 571 386 174 438 244 556 365 305 231 457 499 329 390 231
20
306 279 259 364 134 261 443 585 298 105 279 153 135 338 196 127 242 220 135 492
20
406 336 579 487 473 405 576 187 519 220 396 571 328 427 157 466 300 171 265 285
20
483 261 268 125 231 488 283 266 132 413 390 312 337 512 428 348 224 455 503 141
20
414 224 579 422 345 182 102 445 557 458 254 470 571 580 246 136 510 230 123 440
20
506 154 205 542 264 583 480 459 235 471 127 145 345 129 433 404 264 450 133 360
20
267 467 389 136 597 594 351 467 589 302 224 378 379 294 250 554 481 282 399 587
20
489 255 535 552 308 534 131 252 369 451 590 383 358 293 258 589 497 294 102 292
20
560 317 422 138 256 145 532 402 457 547 351 359 150 429 393 145 103 398 188 415
20
598 205 416 538 474 397 350 209 589 274 301 505 261 290 582 439 425 261 514 425
20
187 160 539 176 469 496 207 350 388 585 335 464 530 285 598 390 574 422 209 462
20
216 475 365 439 436 591 375 402 431 111 354 475 106 470 485 424 503 587 264 388
20
358 455 284 319 456 525 584 442 447 373 105 119 163 465 403 442 227 320 293 279
20
289 432 227 215 310 550 429 428 276 151 354 145 217 298 418 504 485 293 225 269
20
125 113 211 495 533 542 553 353 501 431 336 155 377 530 549 540 304 124 159 103
20
394 460 496 474 216 489 372 571 179 358 221 588 205 322 539 147 316 354 351 393
20
306 540 256 517 303 238 251 490 432 452 165 513 501 129 335 264 415 459 506 396
20
323 216 470 229 474 325 453 551 421 297 444 518 192 191 490 471 466 194 580 310
20
121 600 101 394 374 302 501 100 277 316 329 287 200 412 276 233 590 377 498 367
20
127 235 132 395 376 499 420 251 162 120 562 272 385 106 113 361 202 311 130 346
20
147 462 147 511 277 431 354 589 143 554 272 151 103 362 100 476 293 223 600 575
20
491 214 574 426 432 454 441 116 252 582 112 109 120 182 249 219 207 202 384 502
20
123 325 425 302 561 275 427 469 242 253 465 366 362 190 149 333 344 494 493 213
20
462 275 282 297 209 220 222 517 333 127 411 562 291 235 446 115 282 156 122 401
20
206 206 537 219 306 582 500 445 180 121 492 184 531 107 269 210 326 478 241 202
20
443 597 276 460 391 356 294 215 573 372 192 152 246 531 435 158 415 107 459 299
20
166 412 350 182 298 433 451 302 366 376 554 268 381 259 102 582 451 300 441 149
20
246 228 232 323 328 240 549 248 342 245 518 346 557 295 518 418 591 313 365 401
20
525 529 207 213 300 551 118 400 444 210 118 264 261 403 539 137 166 323 145 406
20
504 476 486 142 552 503 129 391 582 114 363 297 171 596 247 193 449 494 115 306
20
600 257 581 519 562 202 545 232 380 432 256 487 148 210 433 320 289 235 491 100
20
143 377 298 584 334 208 356 500 597 248 448 270 331 578 298 114 445 574 595 374
20
125 187 248 202 365 417 582 540 352 113 480 485 384 464 532 562 282 599 281 475
20
545 303 273 151 160 468 288 160 449 114 378 513 266 128 545 597 368 252 366 272
20
392 464 403 290 238 133 261 418 493 268 391 464 458 161 420 245 189 587 229 412
20
137 221 545 266 452 399 273 537 503 349 332 351 290 506 250 332 532 505 317 324
20
158 288 402 494 248 426 311 355 346 124 354 175 358 543 140 154 499 341 253 299
20
164 126 143 391 510 367 258 286 434 575 376 102 500 130 167 268 283 373 111 203
20
146 205 288 223 495 544 517 323 461 572 359 173 438 436 487 484 484 202 185 401
20
200 431 567 219 392 396 509 202 397 253 128 366 293 340 433 210 385 537 106 553
20
552 248 571 133 180 543 179 190 115 391 125 435 142 361 236 270 470 244 217 506
20
346 489 208 209 252 106 302 522 458 140 375 384 150 559 484 369 342 244 254 269
20
567 434 123 105 330 219 351 196 126 517 584 223 205 243 484 261 227 216 378 277
20
459 111 372 246 275 407 117 326 263 560 574 524 237 407 272 468 134 401 162 543
20
497 470 496 253 349 254 402 134 101 533 208 593 412 449 500 403 341 225 365 266
20
324 222 388 497 549 290 292 391 361 258 120 348 259 541 492 107 482 577 399 242
20
177 283 555 164 152 522 535 223 318 527 456 514 267 106 597 214 117 284 503 295
20
367 271 109 541 459 589 552 419 518 177 477 181 476 322 425 276 325 524 432 506
20
229 219 201 193 192 576 568 483 229 223 421 201 492 433 469 440 124 100 175 157
