150
20
523 481 310 454 536 245 336 352 448 329 527 302 459 411 597 432 230 476 258 479
20
283 184 135 449 112 440 593 275 480 349 350 279 249 396 399 289 333 233 383 124
20
190 404 389 319 120 368 159 534 274 365 283 591 246 390 124 301 413 401 546 424
20
527 247 156 179 168 277 121 121 180 128 316 173 349 559 309 428 362 123 132 160
20
414 523 284 237 516 184 451 224 111 118 253 212 188 227 554 118 377 315 322 137
20
378 201 301 217 225 439 437 165 321 329 242 125 547 418 178 599 423 267 255 160
20
211 309 159 345 419 279 280 448 286 345 360 545 196 379 498 273 358 277 597 183
20
587 487 415 587 283 481 544 568 212 520 317 427 441 190 385 477 217 135 275 324
20
479 194 138 229 101 387 592 165 545 522 410 223 242 551 373 481 344 472 281 275
20
447 581 321 545 585 374 303 347 262 450 257 526 241 319 208 496 600 447 254 337
20
390 452 490 138 516 561 173 556 593 204 365 154 527 595 505 134 212 294 288 246
20
247 406 222 151 268 567 556 249 148 516 514 159 431 357 415 272 406 149 424 388
20
220 100 116 273 534 182 201 167 421 230 433 138 311 494 575 429 319 295 370 185
20
320 117 424 533 564 498 132 386 431 527 375 253 387 599 245 381 340 171 471 553
20
189 162 147 406 469 199 290 472 499 373 532 440 358 260 379 405 567 346 108 482
20
548 439 459 575 199 497 481 200 518 467 295 260 536 348 395 381 176 516 206 271
20
146 170 193 522 237 267 280 263 395 177 336 288 576 154 239 522 153 126 391 292
20
184 357 344 285 431 323 231 112 351 284 206 461 327 576 376 117 515 204 386 105
20
165 552 272 586 386 472 542 552 447 244 505 210 579 360 157 353 593 146 501 587
20
282 190 402 305 582 104 426 348 453 421 249 397 421 153 285 580 204 107 578 503
20
392 477 245 590 222 253 427 382 517 141 493 117 380 162 531 478 135 322 385 179
20
541 284 185 543 337 578 521 567 269 245 539 190 501 387 422 137 501 435 250 187
20
123 145 515 361 598 448 336 173 277 113 237 407 204 283 365 341 131 565 386 571
20
135 370 107 130 237 526 447 356 129 407 328 292 366 284 466 298 452 581 329 272
20
111 168 428 459 321 351 172 355 345 128 374 484 586 385 339 496 165 466 355 100
20
126 118 501 112 494 500 346 461 517 248 364 500 322 295 413 509 209 450 253 587
20
554 129 543 567 172 117 449 438 493 324 246 465 585 545 518 431 227 511 120 583
20
534 497 582 558 204 505 293 185 573 239 395 237 553 421 276 373 169 361 126 144
20
457 395 512 212 308 241 409 155 346 112 207 492 557 199 178 388 584 106 248 138
20
412 473 353 284 483 452 198 214 390 510 105 255 581 289 474 389 214 250 493 552
20
358 565 345 525 591 368 372 433 544 162 561 163 478 108 371 332 393 404 421 145
20
282 579 238 569 512 522 371 170 345 576 573 282 112 540 592 426 235 412 339 449
20
337 585 148 507 390 247 506 564 432 313 101 294 214 317 299 136 178 500 511 379
20
288 577 422 291 371 221 426 239 476 319 400 534 544 106 503 101 507 495 412 190
20
571 183 364 135 403 263 358 129 135 420 488 164 352 567 546 241 586 520 413 365
20
400 359 168 376 153 290 263 158 301 543 190 328 574 546 509 349 169 156 123 454
20
127 134 416 381 376 382 204 168 161 366 245 287 473 251 548 127 441 118 463 230
20
219 131 461 181 128 474 361 405 387 313 188 209 478 209 449 199 464 434 169 458
20
503 266 365 345 516 497 267 275 458 438 131 386 271 285 438 100 318 402 397 524
20
573 545 517 414 303 351 190 299 154 218 421 331 205 430 427 503 481 552 179 401
20
554 411 102 173 143 501 298 537 372 307 599 217 455 279 363 448 143 266 154 319
20
209 357 419 101 577 410 178 128 487 319 126 494 360 148 536 244 535 577 419 532
20
573 521 573 385 219 293 161 564 391 245 597 499 121 546 285 297 226 120 549 326
20
361 504 423 426 581 574 546 233 447 185 315 320 336 376 472 305 216 442 589 283
20
304 507 361 122 538 503 240 219 182 552 565 323 313 518 251 587 524 243 360 100
20
316 347 550 287 582 377 368 372 570 547 362 464 271 150 361 345 431 352 277 575
20
362 595 401 335 143 221 493 507 553 472 527 178 579 264 316 157 381 157 166 389
20
340 346 250 120 488 592 451 218 538 516 309 492 456 579 449 587 147 568 424 166
20
460 484 580 594 116 324 190 553 167 121 400 496 301 356 136 207 368 269 377 270
20
583 515 108 551 252 399 155 539 515 238 507 100 184 517 515 327 538 259 245 396
20
186 428 427 350 571 359 287 317 596 124 439 401 597 225 270 343 402 527 105 337
20
109 395 512 214 144 541 236 190 401 219 460 137 543 577 157 295 509 207 307 323
20
148 262 275 349 108 294 272 211 520 564 374 298 100 543 483 552 403 561 294 528
20
162 267 444 248 349 425 356 476 157 101 148 468 516 470 339 426 115 343 513 324
20
279 101 313 121 476 370 286 538 396 192 506 534 337 251 308 533 340 435 513 476
20
282 146 162 410 203 216 372 346 538 340 185 429 371 212 102 316 126 390 394 195
20
422 127 319 479 476 202 191 375 285 240 138 594 179 177 402 562 309 145 199 292
20
125 419 411 471 142 592 464 595 125 565 600 131 486 539 412 523 358 275 193 285
20
350 502 162 380 416 457 250 500 146 311 178 510 533 578 272 540 194 315 442 180
20
145 455 163 246 560 475 285 177 521 187 235 402 296 541 389 465 472 339 397 442
20
428 237 115 527 519 147 310 409 425 260 355 151 312 191 342 448 509 315 468 254
20
279 552 321 105 172 200 564 338 418 210 223 299 481 440 510 439 216 288 108 409
20
159 112 308 264 391 120 159 358 421 292 209 137 160 530 496 486 507 143 373 241
20
341 369 231 529 485 228 245 256 108 324 579 587 259 178 404 180 448 270 369 551
20
399 467 180 576 260 103 507 472 518 430 462 431 580 392 452 244 536 268 291 347
20
528 395 429 329 351 232 418 463 160 224 310 163 105 403 521 422 367 138 284 224
20
506 447 157 338 177 446 265 235 249 457 378 292 145 136 203 168 560 310 206 443
20
575 232 249 552 328 291 573 474 337 544 262 222 515 364 468 352 188 502 473 380
20
470 162 243 345 519 130 133 292 253 576 152 534 588 400 509 468 195 303 387 190
20
168 168 185 470 159 212 285 413 522 545 570 132 383 475 507 333 265 337 150 119
20
300 110 369 332 412 319 454 159 440 347 450 545 444 484 304 276 316 243 279 468
20
214 396 592 458 449 495 391 571 107 509 405 165 404 280 314 179 516 118 266 582
20
344 137 323 409 232 393 247 417 407 237 479 103 329 552 483 218 106 167 566 414
20
303 596 191 199 258 492 555 446 519 389 552 378 425 408 233 494 243 311 191 207
20
357 415 444 120 457 385 140 527 461 179 307 230 562 497 307 253 349 379 188 581
20
592 151 311 526 366 486 117 178 370 281 284 556 565 402 486 210 571 396 205 219
20
212 396 240 392 213 224 555 430 556 363 151 165 413 400 263 253 281 251 281 464
20
162 114 262 255 128 128 460 333 472 451 129 239 107 140 202 422 501 214 563 535
20
158 434 397 170 139 268 138 126 177 200 253 442 163 350 421 513 443 498 166 107
20
502 509 102 349 412 282 414 101 109 228 179 253 177 327 101 249 418 548 126 566
20
399 311 167 342 393 203 374 104 515 228 583 524 340 550 398 543 421 524 583 592
20
359 289 496 557 365 554 190 125 413 359 515 510 561 371 455 493 513 241 221 398
20
334 224 442 392 387 590 277 280 237 513 386 509 581 348 108 456 465 427 432 524
20
368 410 116 202 238 485 356 472 363 199 183 546 178 370 281 529 272 281 185 142
20
182 597 538 544 344 517 144 396 266 500 207 289 519 384 165 537 224 282 303 405
20
561 201 149 125 272 488 375 484 234 187 128 115 483 434 185 454 128 347 334 518
20
550 235 110 188 101 454 534 364 404 324 492 398 288 120 593 133 194 291 225 356
20
387 511 164 484 503 411 526 126 497 231 100 538 325 589 594 376 591 485 362 581
20
170 198 289 333 191 218 502 336 242 414 345 439 197 386 157 497 494 311 341 283
20
407 564 124 327 165 162 202 146 397 359 222 354 361 502 344 190 530 243 298 375
20
198 327 369 367 143 556 177 249 375 450 397 372 196 522 154 260 489 238 523 127
20
521 157 251 359 377 313 472 243 125 350 167 212 110 573 234 198 237 434 490 504
20
280 542 483 254 313 432 210 476 250 180 442 558 351 368 299 117 567 589 215 430
20
454 323 241 200 166 325 239 288 170 551 353 517 437 109 455 421 516 214 482 238
20
441 460 307 425 324 384 217 495 121 104 547 241 462 199 264 403 390 266 264 300
20
319 325 581 547 443 569 244 105 281 388 538 223 472 233 399 385 314 370 208 396
20
558 106 117 317 211 241 482 450 424 156 546 197 197 107 310 412 217 447 289 555
20
108 118 171 427 241 113 418 337 359 535 374 481 466 110 531 568 135 365 534 460
20
279 544 553 367 414 330 566 266 417 303 296 351 263 144 442 592 390 427 427 389
20
421 379 463 353 165 218 350 284 419 203 486 326 343 378 574 331 331 265 493 534
20
565 173 557 391 115 446 505 196 384 451 545 499 538 406 200 555 576 368 574 323
20
177 125 479 586 187 236 566 509 119 537 197 318 377 335 111 126 482 540 372 354
20
353 314 334 498 439 351 463 366 273 458 527 234 302 286 338 412 326 286 423 312
20
194 319 324 343 337 512 283 457 490 477 150 512 199 393 141 583 183 528 280 249
20
401 294 586 161 516 173 499 284 150 291 306 250 242 318 138 489 218 505 472 499
20
360 458 585 284 504 569 590 345 393 401 216 439 131 216 283 529 266 445 291 226
20
217 134 415 175 571 180 394 268 283 170 285 563 255 538 482 131 377 528 453 558
20
287 350 346 431 206 592 165 473 270 217 216 433 164 369 204 179 222 264 348 391
20
432 221 579 371 104 227 472 315 256 148 315 585 386 104 532 595 458 127 402 319
20
206 243 298 440 404 170 297 417 137 202 222 146 419 147 345 140 152 103 488 498
20
203 161 348 197 271 359 509 572 201 404 180 323 259 114 109 243 551 324 381 222
20
564 425 326 574 102 248 161 201 572 332 245 437 423 408 137 155 382 538 570 176
20
397 531 141 146 502 431 149 125 144 527 152 319 341 403 488 593 128 226 432 520
20
303 436 557 167 314 297 354 346 151 536 432 474 118 558 189 507 189 197 482 454
20
459 455 195 344 184 409 437 531 557 265 485 352 103 550 384 254 516 457 117 251
20
481 482 462 331 308 377 211 294 110 111 374 457 243 278 436 123 325 357 560 387
20
159 459 154 274 599 389 394 424 289 337 581 267 255 238 211 172 515 237 506 569
20
324 489 455 223 293 358 422 389 254 108 391 101 325 114 281 517 157 291 487 415
20
515 401 405 194 372 453 556 267 145 357 496 199 219 269 208 266 341 488 179 225
20
342 346 199 232 408 454 556 519 359 176 216 517 500 342 227 542 454 235 172 444
20
540 278 211 177 466 525 119 256 287 435 396 253 384 170 193 185 230 397 457 589
20
347 451 495 568 227 393 383 134 375 330 277 528 472 528 363 546 588 530 400 406
20
397 409 250 264 274 492 458 561 413 304 586 552 140 207 486 284 544 219 494 339
20
147 512 242 438 193 169 557 321 356 533 338 559 402 545 324 418 498 462 287 497
20
488 306 308 490 164 476 149 536 543 102 133 505 458 587 176 541 514 170 514 241
20
330 354 329 109 336 110 547 557 216 438 419 225 410 385 415 485 543 141 262 388
20
364 568 362 576 505 324 164 435 476 429 571 261 395 592 480 524 362 227 243 120
20
452 144 315 589 592 401 500 218 249 311 597 278 386 532 175 263 245 496 436 317
20
238 105 435 356 319 327 356 500 240 314 360 145 467 499 504 166 259 372 448 240
20
295 135 334 560 204 176 556 275 114 591 458 425 542 531 549 367 453 586 286 224
20
316 337 242 218 275 135 439 505 113 357 239 541 553 151 285 507 271 535 559 135
20
358 514 396 310 529 490 514 497 453 314 526 230 173 535 584 169 304 556 405 540
20
417 361 468 133 130 461 476 465 330 159 564 331 273 142 226 398 133 270 532 410
20
105 210 172 189 514 350 285 361 522 261 456 434 422 407 433 583 423 313 337 413
20
147 590 150 342 584 189 309 116 396 231 184 217 103 213 547 300 566 274 291 261
20
450 501 515 567 332 215 540 342 534 244 136 374 575 155 402 380 567 433 348 199
20
305 416 595 229 104 348 546 193 566 371 271 262 554 369 250 103 359 409 560 331
20
358 597 335 132 188 501 445 187 214 499 133 370 430 180 523 484 234 242 281 323
20
181 292 343 456 231 530 162 459 531 342 400 183 136 318 503 404 510 280 369 276
20
214 106 292 354 104 206 362 174 357 420 553 156 409 595 179 506 545 581 184 347
20
425 476 493 397 186 424 309 453 291 193 538 356 182 193 598 381 147 468 568 469
20
355 470 115 229 579 118 402 453 425 556 107 596 448 435 180 469 464 542 173 218
20
194 334 362 292 529 472 212 589 205 541 266 458 120 595 434 424 503 563 590 157
20
128 327 596 274 228 536 308 557 318 288 230 364 591 496 595 367 313 276 129 317
20
540 517 478 504 265 269 426 386 102 213 565 127 134 195 368 372 596 527 361 201
20
269 422 285 501 142 313 429 469 486 551 257 230 186 445 582 154 427 555 358 570
20
241 520 205 553 428 228 110 400 326 215 124 313 195 119 121 422 548 127 229 568
20
516 455 392 315 532 365 586 547 511 208 290 374 104 581 323 192 386 304 363 369
20
564 471 497 239 159 428 396 197 133 510 550 118 358 596 523 235 547 331 298 412
20
143 327 172 309 398 467 379 201 513 548 211 598 182 261 151 362 330 131 346 395
