150
20
173 140 212 457 119 335 393 207 283 341 571 590 228 482 255 441 198 396 304 322
20
252 361 475 309 530 532 516 274 590 411 309 431 199 171 361 115 366 496 336 485
20
568 338 489 231 486 538 289 357 376 212 395 595 561 286 301 125 210 510 246 152
20
311 505 399 208 412 547 520 535 384 180 577 327 540 415 536 469 562 119 433 327
20
458 421 344 556 191 478 422 137 265 133 394 569 509 124 153 213 431 276 145 195
20
575 395 272 541 397 518 184 245 335 412 286 362 440 330 180 420 470 176 481 292
20
290 170 520 115 221 299 497 595 124 503 567 143 470 186 567 139 106 159 142 341
20
574 562 472 180 231 138 445 514 214 296 175 250 105 364 468 488 430 273 282 175
20
283 569 255 439 537 581 542 285 387 306 202 487 512 305 373 517 371 422 375 225
20
453 393 563 388 308 243 388 113 220 296 412 294 408 464 165 443 596 420 430 375
20
238 578 499 110 247 564 263 113 265 456 457 578 490 253 316 154 535 346 121 259
20
320 577 146 582 349 516 257 422 442 325 111 552 321 258 169 582 437 355 292 483
20
393 391 467 211 434 153 437 210 545 240 480 212 584 530 127 144 264 351 323 140
20
399 441 125 584 471 154 161 371 124 293 179 369 339 362 281 588 313 389 379 447
20
430 237 287 289 159 227 363 196 244 351 483 338 372 328 476 404 598 544 574 228
20
490 352 501 377 394 211 156 272 506 566 511 599 529 160 598 470 221 586 152 319
20
424 528 137 334 556 243 470 127 434 224 481 346 491 509 152 346 292 214 540 590
20
117 237 179 295 263 323 593 408 248 222 428 405 442 600 244 456 119 121 242 253
20
502 174 491 340 444 101 356 403 502 301 447 166 179 593 401 354 193 394 421 194
20
227 215 120 451 190 570 471 540 445 255 515 428 535 578 394 432 404 151 346 410
20
135 449 266 453 464 266 441 216 172 397 187 461 360 177 430 200 172 410 521 128
20
298 311 345 472 485 492 494 344 173 425 549 220 142 240 506 388 270 581 329 107
20
346 223 215 466 124 391 190 419 367 398 327 494 188 299 314 531 293 274 351 495
20
283 264 244 322 413 232 529 484 318 480 184 566 373 214 551 276 281 494 543 372
20
414 499 537 360 140 127 309 240 499 168 126 124 360 345 458 403 392 112 240 273
20
231 551 150 326 581 130 234 346 234 378 405 386 399 145 304 573 106 344 393 283
20
373 241 308 137 328 567 407 146 405 245 359 185 295 273 131 444 511 434 325 189
20
414 236 483 412 223 434 230 357 168 393 536 339 319 216 201 412 267 253 590 506
20
414 452 430 159 126 118 386 518 290 287 247 338 179 438 209 218 236 453 185 446
20
558 183 375 579 504 185 564 417 308 558 413 311 588 146 353 340 149 358 563 422
20
208 478 404 364 207 297 311 524 448 276 322 211 155 353 380 125 146 389 141 565
20
171 586 522 277 369 194 421 589 265 435 493 370 107 355 594 317 162 288 365 176
20
192 582 220 385 333 545 284 315 363 202 448 593 266 467 489 136 326 192 404 592
20
136 402 398 315 269 441 105 286 400 132 296 421 226 354 280 270 267 176 453 386
20
473 256 138 467 525 339 275 348 206 439 357 393 569 420 509 339 161 144 405 588
20
399 386 568 226 468 543 449 156 375 335 590 477 321 400 558 479 259 185 222 437
20
416 581 314 587 344 189 469 348 439 377 104 291 293 514 553 341 322 189 353 315
20
272 403 177 597 121 596 255 161 125 460 222 461 339 490 544 282 408 233 589 546
20
225 189 341 351 519 480 368 463 464 350 124 195 306 274 322 249 433 446 166 178
20
557 143 371 433 462 287 255 373 322 270 335 473 121 363 129 289 168 316 364 392
20
222 212 184 400 429 510 123 137 595 241 332 284 496 226 372 373 158 298 226 545
20
239 507 467 475 223 508 221 220 375 244 579 302 309 336 429 250 302 549 102 409
20
343 489 276 547 592 252 289 449 589 115 415 249 399 115 379 293 219 315 214 248
20
217 147 206 136 293 581 188 598 147 118 331 436 538 526 295 185 293 404 490 308
20
112 571 378 224 369 431 493 344 439 335 103 554 301 440 150 452 338 265 465 390
20
169 404 554 272 411 273 204 203 206 132 268 318 261 121 153 206 579 278 151 479
20
198 222 556 257 204 574 519 215 286 491 347 562 556 406 149 407 146 152 563 236
20
144 326 204 401 357 386 508 136 260 526 125 237 587 155 211 513 456 382 506 587
20
183 403 189 307 251 590 594 463 198 212 101 445 473 436 582 204 212 402 300 395
20
588 542 110 337 150 259 475 262 259 327 158 473 361 544 203 151 522 523 250 319
20
299 415 351 211 151 494 561 115 526 297 457 127 552 358 587 405 590 310 409 314
20
457 165 422 396 180 473 524 193 563 562 207 406 593 204 265 359 300 512 475 474
20
420 474 150 460 349 344 210 294 439 312 188 231 297 324 188 192 484 189 199 222
20
307 466 241 465 148 467 398 396 265 384 116 485 204 166 361 494 241 292 590 183
20
488 540 162 211 359 571 354 198 448 356 383 297 133 371 518 567 377 300 600 177
20
573 397 233 294 417 368 378 270 327 295 446 391 237 466 492 340 576 338 266 409
20
332 482 502 217 337 139 515 597 514 281 176 130 390 121 549 547 397 319 468 542
20
340 106 594 173 596 553 426 432 362 182 148 130 599 228 423 280 412 344 362 269
20
191 501 313 470 383 118 322 277 297 503 136 525 402 560 273 111 475 192 174 570
20
286 388 108 405 496 485 462 430 213 543 160 138 147 501 562 384 443 404 357 153
20
505 430 125 374 484 117 302 109 224 473 600 556 478 472 526 590 182 402 319 574
20
593 278 430 445 329 227 522 112 306 448 110 304 320 200 457 152 184 436 600 176
20
247 280 202 380 110 511 538 275 401 166 129 224 152 360 133 397 544 220 589 258
20
124 490 357 569 286 309 362 389 399 354 358 578 402 198 389 508 301 118 427 535
20
152 309 408 474 321 507 114 483 322 228 450 294 139 360 362 191 469 479 255 428
20
374 389 110 525 249 488 192 438 103 437 378 397 377 362 329 381 534 441 479 280
20
295 164 196 316 450 213 412 545 501 226 554 583 330 144 118 559 124 568 288 481
20
589 259 361 303 164 215 502 501 545 399 143 204 443 260 436 185 349 477 127 502
20
249 534 322 512 442 201 330 475 281 251 151 167 174 236 550 360 197 428 511 501
20
442 449 341 169 559 282 438 227 211 511 405 217 500 327 488 113 532 480 261 290
20
137 329 565 306 478 280 268 242 298 365 171 237 515 221 450 269 130 577 230 474
20
358 280 282 145 592 315 181 351 463 334 127 459 548 229 563 302 103 430 274 195
20
347 408 322 418 255 346 210 125 268 210 549 500 509 180 156 548 134 144 571 418
20
570 414 302 579 338 395 595 339 480 340 376 368 470 229 199 172 365 271 346 477
20
570 474 412 360 275 464 584 101 209 208 333 168 569 375 232 468 489 275 181 160
20
244 289 583 579 425 430 387 304 346 429 355 272 220 384 339 520 600 524 472 174
20
521 330 257 178 238 383 367 314 532 240 430 142 398 140 109 269 487 165 372 526
20
169 271 598 411 382 570 513 527 175 143 408 597 115 403 573 509 547 120 235 569
20
152 582 243 261 365 311 180 271 461 235 179 489 141 517 491 342 521 558 288 179
20
397 279 430 297 488 411 197 517 320 231 370 427 290 303 433 303 384 148 185 236
20
343 353 477 175 530 292 561 257 187 307 494 468 249 292 587 323 449 474 564 264
20
348 229 474 160 361 600 282 560 548 596 280 259 554 188 101 328 258 273 444 380
20
565 573 427 514 275 148 337 454 445 409 477 585 309 167 574 187 127 341 109 316
20
547 268 240 459 319 291 381 199 283 439 136 207 598 138 217 182 335 486 355 372
20
227 585 275 198 225 337 367 593 147 434 462 499 553 128 348 310 383 430 386 586
20
484 550 138 307 579 435 280 261 431 273 337 449 239 343 431 249 231 356 319 376
20
355 221 198 357 133 293 292 234 497 195 461 230 193 380 266 131 201 312 221 293
20
515 467 314 568 114 263 577 500 484 178 469 427 380 392 254 376 401 464 305 103
20
397 347 290 532 542 348 579 253 350 498 469 545 295 488 104 569 247 451 573 193
20
156 525 422 270 115 191 380 116 532 390 581 273 407 178 237 353 500 476 398 491
20
101 407 296 309 461 153 296 130 140 298 372 589 566 523 421 335 362 509 387 524
20
226 582 506 384 464 548 341 351 514 299 335 164 475 506 418 253 259 291 319 379
20
156 103 401 108 537 167 439 588 324 555 180 499 509 441 204 215 154 253 292 533
20
528 373 281 319 445 454 591 128 266 125 299 259 160 216 551 365 188 190 160 538
20
512 584 147 383 162 365 201 116 508 458 201 317 423 437 158 427 158 372 120 489
20
462 118 305 321 424 480 361 404 287 432 430 153 226 424 132 563 320 320 352 476
20
137 144 470 223 179 119 436 395 473 391 447 359 560 459 582 387 489 133 565 332
20
169 104 257 567 321 350 583 426 286 238 568 591 492 361 109 485 501 286 292 253
20
573 350 262 136 462 232 211 273 208 300 463 394 332 475 331 443 420 366 527 562
20
495 443 223 348 142 363 564 435 572 208 485 547 150 501 377 304 265 391 166 113
20
276 420 225 343 269 103 190 296 131 467 176 436 299 180 126 583 507 554 575 250
20
519 482 465 268 463 434 478 267 282 212 238 250 160 564 458 272 381 566 115 379
20
264 176 580 515 184 145 388 502 215 252 186 545 308 325 252 326 395 136 191 333
20
581 370 513 328 174 235 280 314 484 529 427 104 548 210 521 519 267 291 408 254
20
352 469 575 206 413 512 452 136 458 210 296 571 390 311 523 338 337 453 525 528
20
501 412 298 261 247 128 199 344 397 225 228 497 490 445 490 570 142 396 511 308
20
454 137 571 208 135 281 142 497 201 544 258 473 128 476 300 351 130 417 236 178
20
534 463 182 379 133 319 508 306 154 460 123 386 501 262 434 161 371 134 123 194
20
453 376 412 313 144 253 107 212 544 269 130 381 472 134 137 419 448 600 139 225
20
546 121 174 515 274 110 207 339 258 335 520 483 535 433 161 244 374 251 391 216
20
280 434 248 295 166 467 110 225 291 266 151 355 397 328 527 388 251 183 353 346
20
359 509 352 191 354 206 390 203 287 125 146 508 484 483 484 569 368 592 333 457
20
159 172 567 525 182 552 554 518 149 501 333 459 103 280 128 335 554 264 586 139
20
271 407 411 480 306 556 316 232 465 515 169 236 120 386 279 326 569 240 364 319
20
530 241 173 463 311 412 393 519 228 279 199 527 380 230 250 384 458 152 460 324
20
112 269 426 280 128 123 226 116 308 464 472 572 239 347 425 520 196 491 129 575
20
246 126 130 223 582 397 130 236 474 125 400 345 339 369 467 600 209 348 422 220
20
484 557 384 254 413 487 521 108 193 286 487 244 121 362 170 496 522 476 268 346
20
501 243 150 119 123 121 336 387 531 571 275 238 151 372 111 534 323 363 481 348
20
514 191 271 498 197 548 358 515 324 552 494 389 111 140 403 110 108 270 207 127
20
121 188 277 366 352 494 362 322 397 351 279 206 348 352 294 451 257 160 240 197
20
372 312 225 232 217 478 209 333 116 443 129 236 269 417 572 551 321 314 347 580
20
373 556 185 278 246 171 250 447 585 182 561 297 517 500 154 107 376 301 443 468
20
313 124 510 161 270 340 432 385 135 228 548 575 577 504 565 181 369 170 238 215
20
354 279 446 256 229 350 283 412 110 558 389 401 590 194 455 130 304 450 299 101
20
238 327 455 265 182 529 194 431 253 326 490 106 325 384 378 239 429 122 455 533
20
583 504 577 560 204 533 577 117 261 460 335 382 469 435 212 120 203 260 505 488
20
399 479 181 209 327 329 125 157 424 332 537 265 202 488 335 559 179 460 436 394
20
401 489 496 463 338 231 563 407 514 308 134 267 162 215 439 134 485 217 244 302
20
323 433 135 214 539 563 122 414 117 538 192 557 384 269 213 491 377 560 160 398
20
466 252 520 311 452 238 423 424 484 186 293 463 424 533 464 355 272 222 255 219
20
281 529 273 168 226 138 530 599 567 146 226 567 426 416 477 576 515 479 576 115
20
161 545 397 247 124 431 390 145 220 350 543 221 197 585 476 344 376 390 541 336
20
534 229 286 399 322 479 152 508 176 181 235 248 434 331 179 323 561 430 468 340
20
260 327 430 522 512 426 246 391 470 233 594 402 313 468 500 290 588 423 538 593
20
451 552 561 585 344 170 396 285 387 590 347 202 479 152 567 556 173 241 267 346
20
305 243 234 444 536 144 103 504 588 390 233 133 202 546 435 116 547 288 584 101
20
300 150 289 321 532 390 221 130 204 264 304 379 347 478 249 273 440 360 376 520
20
539 272 378 226 490 223 309 126 368 140 428 476 380 275 304 179 126 476 343 113
20
578 597 176 540 461 527 538 101 304 242 191 330 138 335 220 162 342 582 120 422
20
241 262 433 242 433 121 234 283 394 431 136 519 111 497 416 330 318 466 138 581
20
526 277 215 389 241 179 225 313 478 501 198 188 542 456 107 482 530 224 132 458
20
197 595 278 438 340 425 326 348 311 518 428 192 329 314 387 590 217 184 253 270
20
284 198 413 515 342 211 335 480 537 240 553 361 577 580 600 523 272 558 401 324
20
260 326 531 286 468 413 600 424 351 210 588 516 378 563 356 259 568 397 489 110
20
167 508 288 399 171 357 255 240 538 288 600 363 421 542 562 299 375 191 532 421
20
179 307 430 193 486 170 154 420 556 234 384 600 551 583 390 558 458 162 589 145
20
143 443 313 568 170 359 165 531 328 483 461 548 401 388 149 242 595 318 176 298
20
276 126 287 267 276 153 577 343 135 551 553 573 522 188 171 182 450 151 294 562
20
487 204 454 528 408 595 509 442 474 259 592 181 270 178 458 456 436 290 146 461
