150
20
173 119 402 554 476 108 510 449 335 129 423 265 271 368 169 213 577 427 509 409
20
226 121 315 396 424 440 242 532 480 187 509 531 508 250 440 580 226 568 300 264
20
253 297 212 476 581 262 451 443 254 118 156 350 489 285 301 584 553 206 207 488
20
436 106 589 435 283 227 392 378 576 411 549 226 550 510 579 171 453 249 400 440
20
361 328 529 343 542 589 531 333 230 582 557 270 502 161 573 183 201 254 564 365
20
189 515 540 443 571 336 161 378 593 533 530 269 439 199 198 267 133 434 153 393
20
253 299 417 566 368 569 342 188 481 505 298 303 226 356 377 450 303 425 222 256
20
391 576 230 548 198 280 290 345 190 129 245 184 182 464 185 429 459 302 582 515
20
536 316 432 168 379 253 579 199 139 191 132 430 323 137 360 435 437 500 356 456
20
555 275 354 123 573 567 206 535 468 338 269 284 146 378 569 129 593 293 187 208
20
346 520 564 319 587 560 173 400 599 422 200 192 487 468 305 139 522 437 147 366
20
154 238 553 469 500 100 522 172 402 116 227 135 281 326 388 420 238 577 286 539
20
553 162 482 163 309 448 145 381 489 519 337 328 504 221 485 435 579 187 400 577
20
407 556 537 573 272 192 305 262 384 541 331 325 160 458 102 300 362 386 300 441
20
305 497 334 551 293 100 302 159 190 525 493 508 305 273 500 165 401 202 154 583
20
394 224 504 495 329 543 232 442 410 564 494 252 414 231 389 597 201 164 145 190
20
405 585 211 360 422 235 502 207 514 197 209 251 543 219 127 461 486 399 367 166
20
525 379 321 100 366 572 386 575 166 128 242 567 315 177 325 506 132 154 163 323
20
102 570 169 113 169 388 458 528 545 229 469 104 494 115 111 247 462 340 328 202
20
274 480 571 133 529 457 385 376 174 572 131 277 346 331 265 148 316 584 588 376
20
208 179 252 275 221 237 133 517 586 197 351 495 552 183 587 592 424 511 258 234
20
440 106 230 127 189 132 330 522 351 410 488 161 108 230 418 143 222 113 397 266
20
524 428 308 565 340 127 427 179 167 416 144 541 384 453 455 392 334 125 426 555
20
364 246 599 397 172 545 142 447 334 119 105 321 176 302 242 533 377 180 332 498
20
596 514 448 395 129 285 569 508 562 152 391 592 187 561 272 221 262 270 378 339
20
141 554 292 129 111 256 130 184 297 319 133 228 312 379 127 426 439 599 349 101
20
212 468 252 127 552 562 574 560 208 173 553 119 574 392 362 287 412 422 348 354
20
597 183 588 583 367 123 367 178 189 560 327 363 296 339 563 274 107 537 123 547
20
594 116 513 565 238 423 342 566 432 232 143 515 579 203 504 469 501 302 295 473
20
457 411 336 425 421 211 245 224 336 358 462 393 160 223 101 327 217 561 410 458
20
142 541 352 428 177 387 478 419 597 575 102 395 325 387 491 217 111 574 589 456
20
187 102 297 399 125 486 119 103 598 371 572 553 356 311 212 353 600 502 500 347
20
343 182 167 137 539 388 236 300 229 220 336 391 362 459 413 354 292 257 188 176
20
438 579 120 306 158 290 376 225 374 148 134 420 177 216 592 163 422 212 240 380
20
476 181 524 307 191 159 171 303 340 216 447 285 581 540 109 444 408 176 551 322
20
354 405 347 162 515 485 257 575 176 558 167 250 201 232 545 102 235 380 490 587
20
278 356 110 310 184 478 555 208 422 308 549 532 560 136 140 126 538 583 564 158
20
417 378 362 587 109 353 563 367 105 281 169 523 553 554 376 541 538 352 154 408
20
276 295 453 401 328 160 152 270 224 334 589 312 174 221 471 277 342 551 192 494
20
306 126 267 387 325 463 529 466 475 468 367 253 452 432 229 459 545 398 183 271
20
152 262 137 303 383 368 511 185 533 507 487 185 204 225 468 443 341 131 585 505
20
204 526 215 215 387 132 465 541 517 350 448 134 139 291 355 447 552 191 238 118
20
407 153 505 519 293 167 494 373 551 144 304 583 231 260 414 206 339 311 214 493
20
250 597 233 397 273 202 404 260 365 317 148 527 213 280 308 412 230 562 373 360
20
554 140 133 597 158 454 475 391 364 547 256 449 344 509 276 527 254 313 281 460
20
328 419 574 173 163 454 234 593 181 589 210 268 331 171 488 283 467 558 150 367
20
506 212 555 521 456 582 508 362 515 496 203 409 493 467 354 330 298 593 525 483
20
108 464 400 158 132 212 186 122 572 585 128 144 548 125 439 317 217 218 270 582
20
274 305 195 597 563 487 179 509 327 285 343 321 296 368 431 357 393 472 414 560
20
125 443 207 353 465 429 597 132 380 561 216 209 319 124 281 583 275 596 560 236
20
265 395 508 589 502 568 341 545 431 391 350 184 398 572 550 413 352 236 100 522
20
245 365 227 484 400 241 265 431 306 288 352 512 587 515 274 135 489 344 369 286
20
574 558 255 360 194 290 270 155 287 500 328 283 281 548 363 338 199 123 255 563
20
246 288 101 513 175 373 588 518 287 214 512 569 284 185 527 542 478 161 142 186
20
372 147 141 476 217 205 576 326 282 450 521 455 434 241 286 336 366 414 262 338
20
357 552 386 374 341 348 119 213 398 126 323 188 178 472 592 574 290 361 473 258
20
504 291 486 153 403 499 556 481 140 325 573 545 457 246 144 531 443 569 395 435
20
321 179 320 185 564 427 159 315 555 136 403 561 262 175 351 592 111 248 540 316
20
424 278 345 473 262 516 355 171 445 225 263 179 558 531 355 451 435 458 541 498
20
394 552 228 524 198 555 421 523 282 187 272 336 211 475 561 528 337 215 146 255
20
554 491 225 100 306 128 379 266 173 489 157 591 223 443 551 357 247 569 517 136
20
542 546 436 204 130 420 288 490 584 185 595 441 345 311 355 237 306 147 527 223
20
186 254 570 227 136 551 471 198 209 146 396 209 425 333 284 275 332 229 437 209
20
260 193 264 475 113 473 490 505 517 276 509 300 561 300 365 455 452 207 414 322
20
135 400 112 218 124 404 274 373 309 295 532 530 171 467 477 543 267 323 509 434
20
526 146 355 476 474 581 252 578 484 509 265 502 123 381 358 181 447 480 493 330
20
587 389 395 472 341 298 264 301 318 153 131 546 435 598 241 589 365 158 551 103
20
186 288 228 230 330 128 155 501 376 466 176 264 449 477 127 393 109 247 290 581
20
498 254 102 496 431 123 472 479 458 599 350 102 364 570 326 517 202 592 300 132
20
488 135 257 354 542 259 527 238 525 164 569 398 315 226 238 375 327 534 151 498
20
368 576 102 305 571 471 152 267 128 163 169 490 427 365 304 278 193 316 249 378
20
472 181 316 516 202 354 490 138 427 304 327 206 463 144 469 581 320 445 584 177
20
577 507 536 141 116 554 191 560 294 260 232 441 235 507 225 334 319 591 272 577
20
531 562 321 281 568 152 113 383 598 539 463 378 441 271 246 400 494 198 177 532
20
538 342 333 500 159 267 226 482 427 346 174 489 210 333 388 206 537 522 121 310
20
215 519 582 153 198 437 201 555 399 258 124 215 132 145 200 134 382 439 456 307
20
476 428 464 288 525 121 510 279 464 165 119 161 310 354 227 314 357 286 190 199
20
311 546 204 323 210 305 253 313 143 576 468 487 471 460 580 150 367 231 250 360
20
248 513 181 541 169 410 439 475 325 535 442 244 103 188 270 227 251 117 469 565
20
478 347 179 184 579 135 412 562 444 278 258 460 265 387 272 312 236 589 254 203
20
410 118 465 485 529 315 181 320 581 231 526 311 262 176 600 526 318 113 233 536
20
239 171 505 520 139 414 497 347 417 354 529 263 210 454 422 550 162 455 384 324
20
597 351 551 264 436 407 505 377 233 395 490 171 207 441 130 356 359 427 572 233
20
181 565 376 212 506 358 281 373 346 436 193 571 101 227 252 239 487 198 307 559
20
269 305 448 128 301 205 376 111 346 270 100 170 537 466 396 269 460 195 169 511
20
435 214 342 474 199 401 366 188 147 362 248 453 525 362 481 260 502 171 347 538
20
117 462 149 567 118 547 118 330 187 589 595 231 497 435 526 354 103 314 233 135
20
193 121 278 538 523 416 362 219 260 150 423 494 516 588 220 526 327 421 522 434
20
514 458 263 133 454 187 568 593 502 595 540 595 457 325 370 529 528 553 423 138
20
591 474 338 225 114 562 586 120 224 517 241 239 389 591 101 255 279 249 368 470
20
599 177 347 548 373 175 439 311 215 386 481 124 568 570 407 510 157 546 554 302
20
363 315 464 529 341 222 262 266 234 465 142 244 156 401 429 167 292 188 526 188
20
242 470 420 158 419 584 361 309 400 467 595 149 344 155 562 153 215 554 129 396
20
104 515 302 493 454 102 209 356 390 125 427 357 134 451 236 128 410 217 515 257
20
216 565 135 150 226 331 200 597 306 452 146 315 471 185 427 332 157 578 279 267
20
140 256 174 505 376 237 308 147 335 540 559 114 468 188 570 554 336 136 450 320
20
431 428 467 458 341 472 466 212 312 423 123 461 368 145 458 361 118 569 450 439
20
439 107 291 597 102 472 236 351 567 123 436 564 304 245 269 373 463 389 439 453
20
569 464 370 304 377 534 485 539 212 491 485 340 189 361 409 183 211 394 377 336
20
369 546 571 327 507 553 162 107 497 498 268 201 574 574 477 435 368 412 218 594
20
347 131 431 296 116 390 570 354 481 334 595 495 557 463 567 297 104 356 336 400
20
566 529 388 407 194 237 586 484 286 515 257 516 126 548 578 286 367 231 591 188
20
595 230 278 168 541 370 554 421 203 107 264 468 514 249 159 517 473 328 259 185
20
159 288 288 107 376 346 545 179 139 452 429 307 520 581 222 424 402 423 470 191
20
526 297 405 100 437 375 535 199 282 272 544 142 169 194 321 118 297 185 452 471
20
411 267 388 354 186 549 209 297 326 274 217 160 103 293 266 314 504 590 563 232
20
444 208 589 468 540 595 297 449 429 399 353 322 596 316 192 491 234 372 428 380
20
420 205 246 368 461 170 204 406 434 490 318 122 587 306 205 286 310 139 243 380
20
178 214 399 399 426 236 587 262 599 491 344 221 120 284 369 282 342 253 485 165
20
263 457 547 546 139 306 317 594 122 131 311 458 344 456 557 318 544 592 493 492
20
505 224 149 169 562 508 523 515 107 233 108 107 176 488 417 498 200 229 438 257
20
499 512 247 322 517 568 446 299 182 236 390 443 559 141 385 553 310 514 553 258
20
171 587 480 316 360 329 533 458 481 342 595 543 467 133 565 287 116 471 208 542
20
169 379 439 475 528 247 246 430 225 561 118 408 153 404 579 299 455 155 319 439
20
501 339 436 517 154 349 105 478 107 518 413 499 589 275 325 277 579 465 146 557
20
557 380 487 523 432 201 583 416 597 474 240 290 385 339 500 240 524 392 114 170
20
276 281 329 218 222 154 327 416 426 111 227 341 416 151 254 360 132 183 557 236
20
419 478 375 351 483 422 154 130 111 348 153 111 568 142 444 436 113 425 147 537
20
485 159 238 364 248 232 198 253 287 186 404 575 191 114 562 213 463 231 312 575
20
249 207 175 108 552 569 470 565 266 552 257 549 310 291 577 179 347 134 199 589
20
272 387 395 385 516 510 299 147 179 313 449 557 600 502 258 284 499 446 326 372
20
349 482 335 100 146 517 197 170 336 383 491 215 175 207 122 312 149 151 507 154
20
344 211 113 452 565 296 290 419 216 315 402 188 391 291 475 132 347 535 567 161
20
396 295 177 338 444 556 182 178 275 466 376 225 164 389 269 503 130 115 148 462
20
599 197 319 260 486 562 259 438 273 558 537 523 234 153 135 194 526 230 262 392
20
402 593 308 118 306 254 368 514 301 542 326 223 251 149 516 522 261 487 492 236
20
564 562 141 492 416 175 267 500 393 562 158 143 117 129 563 169 135 411 263 518
20
226 565 125 443 175 126 101 362 204 586 237 451 247 256 451 354 567 238 555 504
20
597 284 543 279 108 437 589 113 554 143 570 425 483 482 520 277 404 382 579 436
20
218 202 437 260 263 447 147 241 517 245 501 561 441 307 150 178 299 517 542 340
20
271 210 456 319 592 147 446 107 330 102 420 459 483 177 362 141 295 526 582 479
20
126 255 187 443 259 594 367 206 424 315 201 507 195 554 399 320 155 498 296 124
20
483 327 445 496 340 312 511 273 157 255 326 110 198 199 397 527 175 295 477 351
20
407 207 197 123 311 484 409 296 478 486 537 156 103 303 411 243 141 101 354 546
20
125 148 560 421 499 427 222 449 438 383 525 348 303 508 271 218 381 269 165 336
20
567 524 536 126 185 546 542 289 279 150 116 552 307 451 380 294 393 430 279 418
20
149 434 255 598 463 372 564 277 188 129 597 384 461 315 567 580 546 416 529 307
20
195 197 563 267 351 593 502 540 551 396 387 337 249 214 415 253 532 462 320 345
20
277 319 526 451 526 375 449 569 133 484 233 181 105 390 267 135 158 336 122 516
20
221 565 231 283 273 483 467 421 348 489 582 385 555 136 213 212 516 443 276 391
20
112 389 452 533 340 223 587 176 530 124 586 145 190 288 377 360 305 484 583 356
20
155 389 194 536 138 410 303 480 360 544 434 413 335 319 367 454 373 445 578 595
20
401 218 600 260 283 144 269 387 387 197 297 537 411 330 580 309 535 228 560 524
20
513 122 496 377 541 580 107 593 249 503 339 414 426 180 122 280 344 249 496 169
20
282 370 442 544 261 148 596 517 292 547 163 207 567 502 191 168 284 128 114 199
20
382 367 164 470 348 363 113 157 581 505 538 319 145 227 474 310 512 238 220 407
20
289 468 584 168 101 316 451 210 352 103 468 592 261 296 153 390 563 447 182 412
20
210 190 423 570 350 242 143 365 341 264 510 123 318 257 318 306 282 587 499 143
20
333 110 529 332 477 325 354 276 267 295 121 263 345 119 489 297 310 542 453 538
20
336 441 375 166 228 586 229 223 550 137 228 438 179 306 254 494 136 464 537 224
