150
20
401 161 311 365 330 103 455 503 535 592 576 203 182 305 129 589 343 584 445 234
20
552 596 589 238 441 279 276 437 467 520 509 303 399 522 133 265 124 584 398 126
20
420 337 178 142 550 358 241 590 311 373 429 266 270 562 347 438 397 389 120 443
20
196 381 310 267 162 547 407 225 118 478 384 355 317 419 528 449 163 384 248 118
20
212 137 316 530 204 407 588 172 255 377 413 241 314 102 480 304 343 360 126 557
20
122 591 353 194 354 247 146 219 548 533 334 356 591 182 188 218 263 522 351 414
20
448 403 329 429 544 578 430 341 214 105 213 207 218 513 162 403 440 121 271 192
20
369 281 434 305 570 163 486 448 452 400 550 514 374 548 134 290 437 520 544 360
20
186 112 554 345 308 288 581 123 288 185 214 448 291 333 364 489 421 147 566 386
20
575 261 505 300 368 161 322 159 102 393 340 387 349 528 311 595 176 472 106 102
20
219 551 537 187 343 596 437 573 136 318 349 477 585 422 423 490 240 552 441 452
20
586 174 301 471 328 161 328 525 144 436 491 385 218 156 144 138 428 182 343 440
20
359 426 309 451 537 112 133 507 260 118 212 431 368 389 168 489 514 440 436 308
20
254 162 234 425 190 438 379 309 525 512 146 309 450 548 406 291 131 119 287 214
20
375 293 377 223 400 384 183 167 213 123 342 470 358 272 563 321 556 240 285 295
20
187 446 200 112 165 250 231 473 552 341 307 324 246 450 222 376 194 343 556 250
20
297 442 221 489 438 535 224 206 533 207 527 579 187 114 227 182 509 269 583 184
20
302 504 200 325 305 467 352 480 194 223 255 389 421 413 172 570 583 468 196 516
20
462 202 486 297 222 311 144 305 224 186 545 455 475 164 296 566 240 503 202 118
20
193 400 572 241 370 303 361 334 505 537 336 248 132 600 575 328 572 193 133 594
20
597 600 387 348 118 445 109 330 503 271 300 445 573 492 262 536 288 435 480 450
20
135 170 103 147 372 292 494 116 294 335 383 350 258 351 104 485 105 357 196 427
20
350 319 174 356 514 240 211 286 228 445 164 242 153 585 102 166 529 389 150 110
20
367 544 141 558 343 168 535 216 341 244 117 151 117 582 358 495 495 452 476 534
20
540 392 487 588 569 205 174 469 108 242 500 491 195 473 458 127 195 436 473 502
20
158 454 243 297 166 504 424 399 535 257 301 594 487 319 329 103 399 517 134 263
20
416 320 561 291 517 267 548 592 270 149 570 145 349 499 105 500 329 180 394 488
20
476 539 407 234 115 375 324 432 346 538 585 343 392 314 469 168 171 463 314 408
20
101 392 519 107 211 428 522 287 339 391 107 173 455 233 554 347 566 476 127 311
20
194 338 176 245 220 465 585 587 276 380 376 360 315 568 220 141 168 356 533 365
20
461 271 375 177 516 520 553 486 315 523 275 504 415 156 374 399 266 351 424 323
20
413 265 593 364 187 170 184 211 582 276 506 374 230 598 451 205 442 264 335 140
20
420 175 247 571 288 584 175 404 239 350 591 128 204 249 528 465 306 151 281 528
20
480 253 145 415 155 592 411 264 153 556 167 141 100 155 276 167 317 188 408 497
20
218 345 304 493 386 511 416 568 417 390 362 594 212 404 450 496 183 510 168 342
20
350 357 381 116 243 337 313 227 586 274 537 250 350 520 483 192 129 369 126 333
20
213 195 586 501 152 304 568 532 228 490 570 103 406 304 233 261 202 434 564 563
20
569 101 345 439 542 112 363 413 430 161 463 116 499 193 370 381 313 431 438 511
20
546 561 298 251 142 145 320 566 122 397 261 133 251 289 286 479 288 540 147 384
20
105 599 587 386 544 494 104 299 378 289 595 279 524 531 596 210 246 387 569 562
20
419 391 156 435 136 279 258 313 128 372 180 229 570 454 222 105 376 535 549 201
20
472 282 376 395 482 269 243 477 374 411 259 378 492 134 308 268 391 530 200 490
20
101 462 306 186 509 547 451 495 358 165 534 516 229 349 172 212 221 441 383 187
20
435 511 346 466 500 435 307 107 376 101 254 227 351 529 353 455 180 229 519 522
20
534 212 248 318 303 432 284 461 364 556 488 125 352 208 229 154 439 520 368 245
20
283 208 477 570 499 451 415 453 151 168 446 268 167 210 342 394 267 280 586 362
20
265 340 480 472 176 365 276 257 309 343 537 474 284 135 334 402 434 214 546 544
20
290 331 235 572 452 113 162 162 366 327 226 264 393 521 244 598 564 360 122 488
20
556 553 379 202 145 568 210 220 200 369 567 397 406 244 521 284 590 127 585 484
20
176 144 142 543 316 103 499 235 161 205 467 117 553 581 260 449 114 273 350 542
20
375 390 170 213 104 537 289 181 175 277 393 235 598 402 588 488 296 404 356 516
20
243 253 190 501 147 135 212 597 267 112 111 573 139 396 167 243 281 330 337 103
20
273 186 431 212 371 471 595 295 472 222 313 430 357 527 369 466 524 383 135 353
20
222 383 500 355 594 138 359 193 210 128 526 463 528 587 499 324 130 589 337 187
20
376 464 290 425 592 471 271 253 452 519 103 219 379 454 169 126 102 221 482 245
20
476 110 539 266 508 233 525 149 326 570 332 194 492 105 226 209 211 429 306 273
20
150 285 548 471 277 411 576 301 389 514 484 353 590 576 353 419 534 187 358 177
20
241 501 311 315 226 138 518 315 533 307 292 490 103 203 431 500 537 585 344 428
20
328 322 237 476 243 440 589 218 424 460 410 314 498 387 133 520 492 209 467 157
20
331 536 408 336 290 172 421 227 244 157 428 581 389 433 206 493 358 256 422 353
20
501 147 144 282 261 517 467 382 184 577 241 116 163 510 514 245 196 147 477 485
20
529 438 597 485 137 506 267 157 346 314 260 110 262 380 407 144 459 440 539 311
20
457 103 401 260 338 331 121 208 210 285 148 149 285 176 143 160 223 320 504 585
20
189 190 431 306 475 437 390 418 164 175 302 585 109 242 353 577 215 440 238 170
20
456 196 238 542 313 343 123 357 185 574 504 528 521 503 344 326 598 159 473 492
20
238 420 203 207 209 554 569 131 259 159 446 134 284 133 364 170 127 519 140 215
20
445 444 493 315 210 294 132 170 150 302 564 177 278 406 236 130 136 281 139 145
20
562 499 354 542 375 260 522 444 203 446 214 519 194 572 179 364 344 357 449 143
20
510 268 283 508 415 582 304 480 445 283 110 576 349 263 176 366 336 435 387 303
20
226 379 222 541 472 298 471 559 141 261 404 429 288 528 468 510 430 503 261 313
20
393 477 124 529 314 348 516 510 239 496 118 162 129 102 138 395 236 593 427 543
20
115 139 304 502 140 215 569 252 310 108 509 145 229 134 157 448 504 361 377 355
20
553 139 149 426 466 374 267 204 384 392 478 434 343 375 331 515 554 120 337 567
20
275 455 185 537 487 113 560 134 143 435 279 260 293 349 407 419 441 456 260 151
20
290 178 269 423 523 378 510 435 516 295 504 362 436 541 580 446 337 153 504 211
20
261 436 466 496 480 267 170 318 400 341 475 266 207 281 464 450 219 133 436 561
20
231 201 121 227 439 487 467 408 296 555 555 501 345 147 592 261 439 367 445 217
20
277 257 248 113 475 379 276 450 348 525 585 431 535 416 573 447 151 511 226 175
20
479 138 593 465 242 372 577 565 343 201 521 259 273 543 595 139 317 218 444 475
20
575 588 356 311 348 215 432 542 298 404 377 391 476 249 424 517 240 170 576 352
20
436 450 104 226 309 186 394 512 567 360 381 229 144 205 126 213 240 465 509 108
20
124 149 535 179 345 565 549 108 299 198 517 500 142 369 467 280 222 583 104 327
20
199 256 279 250 551 286 272 171 452 488 315 566 207 218 158 236 469 271 118 135
20
555 588 531 555 331 422 306 238 448 600 581 209 176 209 485 149 588 464 213 237
20
405 321 407 135 193 472 181 463 584 491 319 541 421 461 553 239 566 327 111 540
20
310 362 193 274 430 183 371 193 231 531 257 298 566 239 127 575 370 266 535 439
20
398 115 512 120 440 548 361 278 363 348 148 518 478 385 536 348 125 214 427 426
20
584 379 591 233 144 109 144 314 555 308 285 206 106 119 396 508 237 529 444 591
20
550 304 592 245 419 567 183 398 576 586 356 238 279 434 259 316 143 472 277 458
20
195 240 512 432 354 132 399 460 187 135 404 492 164 429 305 582 394 520 147 560
20
272 318 214 343 297 265 431 146 194 454 296 145 189 269 580 109 407 118 315 322
20
362 592 505 269 277 472 383 441 548 299 376 344 288 114 373 305 152 492 524 280
20
386 470 266 152 134 404 420 116 349 467 200 365 586 411 262 263 444 586 598 497
20
446 207 152 329 467 167 191 318 593 170 387 397 583 209 539 588 440 410 365 412
20
152 213 408 527 229 128 378 130 425 243 132 258 551 358 546 154 454 231 183 388
20
118 594 333 134 186 122 488 498 136 372 495 399 355 339 209 174 518 583 433 590
20
558 297 341 545 282 407 450 578 235 503 114 410 389 571 579 432 438 342 279 176
20
166 206 550 520 560 486 365 420 185 223 548 275 190 549 143 254 127 214 234 579
20
546 264 132 247 277 573 213 185 279 113 599 399 531 166 435 534 377 580 329 472
20
368 283 248 107 482 297 528 105 189 588 430 181 379 386 517 329 593 214 421 579
20
188 386 332 351 312 457 195 269 595 228 302 115 463 428 457 281 382 167 133 468
20
161 454 502 306 325 402 544 566 489 107 315 564 235 279 137 404 584 435 480 116
20
139 458 515 377 427 544 415 260 132 127 303 497 202 163 111 330 118 139 439 483
20
112 540 122 199 311 456 273 315 240 442 549 565 142 510 215 274 162 440 470 210
20
358 117 362 204 365 141 410 577 336 525 304 542 310 307 153 392 250 202 126 600
20
250 312 177 306 309 495 454 218 218 439 320 197 408 482 253 364 367 345 212 307
20
570 595 357 410 569 429 469 415 235 189 281 210 313 469 172 508 393 500 502 563
20
499 250 199 337 484 293 168 450 515 592 406 564 213 173 483 175 135 282 544 444
20
433 549 396 131 283 320 125 332 139 246 529 166 247 149 416 160 277 539 226 493
20
321 416 264 514 575 285 483 477 402 369 471 458 295 473 516 525 174 190 325 575
20
416 255 207 476 124 323 218 505 151 325 586 440 185 311 454 245 284 207 535 201
20
102 334 477 559 398 203 392 585 426 223 257 549 314 493 486 274 596 116 349 374
20
525 296 124 307 560 140 338 214 299 423 357 405 173 290 433 132 154 558 452 377
20
215 124 295 559 244 485 327 273 460 370 126 572 152 592 437 455 593 299 278 332
20
130 584 239 555 511 377 162 241 235 457 115 237 385 182 320 541 293 148 179 212
20
516 322 445 136 470 141 337 113 541 269 320 566 258 384 111 247 272 120 435 410
20
514 426 417 144 368 435 335 159 553 118 275 188 362 227 400 433 117 135 443 326
20
298 364 393 293 519 358 357 263 533 172 317 491 408 295 377 149 565 421 188 495
20
172 490 494 218 181 362 571 159 558 582 594 502 207 353 588 160 225 376 313 178
20
103 273 529 477 478 224 178 600 344 118 167 462 362 466 318 210 576 107 296 229
20
295 521 147 260 210 131 215 193 288 426 416 558 228 362 440 401 494 340 142 311
20
507 516 364 121 407 357 512 192 293 595 150 255 429 453 537 224 384 442 350 243
20
304 335 165 558 540 545 356 542 165 586 407 383 256 323 284 171 508 401 551 540
20
256 468 170 184 224 205 559 454 583 318 521 390 493 393 286 346 124 421 449 387
20
595 395 228 398 144 524 519 559 263 546 260 127 448 574 282 183 431 387 123 134
20
297 584 492 340 275 318 271 417 452 207 243 523 216 384 589 215 589 379 406 121
20
101 526 384 481 423 495 458 181 379 337 132 446 534 563 366 287 209 164 407 562
20
522 195 384 156 145 482 106 398 153 545 142 128 525 274 554 519 222 452 470 522
20
254 360 393 253 410 191 197 259 538 153 546 353 486 254 511 259 504 394 196 134
20
242 280 359 598 558 452 244 253 223 556 304 118 524 288 599 358 552 160 251 260
20
171 339 322 368 482 311 479 515 373 246 100 206 539 188 458 112 304 201 580 363
20
508 250 399 521 545 301 483 124 368 123 479 475 549 458 212 299 113 452 382 318
20
305 488 320 300 476 347 304 207 342 196 112 444 288 363 341 577 599 544 393 454
20
452 584 514 163 570 457 386 324 340 358 304 385 477 320 507 510 191 147 356 158
20
232 462 309 217 150 104 236 540 345 279 430 489 338 430 454 376 266 309 338 423
20
323 202 251 127 456 464 268 528 513 303 474 111 449 337 314 294 512 441 333 417
20
381 395 254 186 570 490 549 466 313 577 314 104 104 317 207 206 411 274 504 292
20
302 130 523 461 115 160 226 165 425 550 259 102 474 549 480 565 190 529 405 391
20
582 597 247 226 388 583 338 150 340 325 587 470 590 593 308 412 186 593 132 271
20
465 526 362 209 296 507 140 573 599 440 512 559 329 417 519 217 307 144 482 402
20
328 227 487 341 131 118 487 360 295 358 179 548 236 170 304 371 171 365 414 269
20
226 280 108 465 390 509 548 286 269 297 488 395 290 570 486 532 277 318 135 519
20
163 487 414 404 527 312 188 561 532 270 598 378 427 357 241 409 418 523 311 272
20
101 288 594 255 466 526 372 372 535 537 481 331 397 558 226 466 188 291 273 118
20
228 233 452 579 578 566 227 509 268 521 140 136 505 544 251 371 546 126 414 595
20
559 580 314 398 315 220 285 468 556 240 285 250 291 410 193 171 483 364 314 442
20
383 185 191 381 167 100 239 191 192 404 504 224 426 109 472 546 393 433 207 173
20
452 443 375 278 118 339 227 562 468 495 395 371 366 421 561 352 524 109 521 281
20
346 470 139 252 156 582 273 552 146 317 365 141 271 358 290 217 202 245 325 241
20
441 500 259 401 513 397 263 558 446 552 212 304 415 210 105 240 466 540 504 121
