150
20
284 345 407 543 278 451 355 481 465 449 529 279 245 252 199 518 552 473 163 582
20
499 546 346 398 406 308 440 327 214 207 299 335 298 493 470 483 459 528 282 214
20
369 233 267 145 324 285 105 267 440 246 117 253 439 331 310 308 549 549 469 448
20
388 531 227 519 221 513 138 326 177 413 163 131 469 157 261 582 418 340 301 586
20
485 341 342 196 316 143 525 254 144 406 323 317 243 241 341 150 554 549 191 557
20
366 116 445 340 413 397 305 483 419 328 409 119 593 123 203 557 100 414 161 194
20
520 217 445 218 445 251 301 243 546 105 134 221 231 535 600 504 190 285 210 176
20
223 209 269 258 322 336 352 247 594 145 135 249 579 372 505 252 169 338 236 246
20
342 548 335 212 328 374 310 508 142 230 178 564 319 475 391 176 238 477 488 436
20
495 506 359 148 292 261 388 306 363 270 404 356 435 307 530 173 446 275 180 361
20
262 228 436 180 216 270 488 222 456 321 275 245 457 563 584 417 574 410 495 299
20
564 565 106 310 301 166 103 503 549 401 478 303 500 110 562 324 146 437 185 155
20
551 587 449 576 518 114 512 237 177 467 279 554 370 579 243 175 429 117 358 575
20
142 582 131 552 565 512 474 399 195 425 596 429 248 329 367 469 167 420 554 317
20
476 491 291 277 561 595 384 482 347 423 597 112 225 563 283 473 582 137 114 455
20
180 309 553 110 409 103 441 322 429 429 564 115 312 245 234 566 552 278 485 271
20
344 431 500 326 136 172 486 134 492 377 453 447 537 177 182 349 320 579 439 477
20
118 386 354 376 399 484 138 121 176 140 450 414 381 349 530 351 283 340 354 252
20
248 431 136 492 378 344 231 531 252 223 354 148 117 298 204 341 576 128 265 411
20
529 532 288 225 418 128 558 354 247 542 197 319 384 127 490 153 139 443 258 109
20
417 371 323 568 545 122 404 350 508 526 143 106 483 215 138 522 357 125 220 122
20
128 322 306 274 575 194 585 455 343 491 297 545 427 315 446 206 582 448 569 480
20
430 109 470 203 299 507 342 507 411 265 250 301 484 230 260 263 523 439 591 417
20
152 187 386 389 567 509 590 484 287 494 339 100 238 494 112 527 434 361 334 438
20
502 397 234 480 438 205 554 163 309 264 359 122 237 305 505 323 433 218 272 542
20
536 486 362 128 370 525 216 145 436 245 352 119 116 580 261 256 474 145 376 392
20
153 223 428 535 492 600 149 316 575 435 565 510 268 327 116 240 596 234 492 583
20
449 543 360 119 222 501 170 477 509 334 307 235 305 201 584 171 327 284 308 193
20
341 314 585 196 227 237 219 125 475 186 261 459 264 320 113 569 467 235 435 310
20
369 495 212 488 310 277 503 474 258 402 301 529 266 578 246 314 386 600 317 522
20
525 449 250 313 126 271 431 207 180 267 135 510 276 571 211 317 462 368 199 318
20
291 296 371 433 478 522 251 397 263 219 460 558 519 211 439 503 330 442 505 439
20
351 215 198 589 177 318 470 121 574 145 187 450 241 517 428 411 196 587 201 455
20
200 427 280 251 415 228 584 582 427 105 513 282 168 537 343 258 565 441 174 478
20
297 135 110 298 238 187 572 437 161 137 471 483 186 421 133 370 434 553 421 485
20
195 433 346 395 469 484 204 429 396 132 168 138 426 137 537 403 346 118 302 283
20
140 196 181 257 538 417 268 261 186 214 183 484 173 171 509 418 520 263 122 317
20
205 233 459 174 377 414 486 479 240 116 514 312 450 188 294 590 554 495 362 351
20
369 236 144 418 461 220 281 587 343 239 377 129 184 108 292 471 568 409 143 345
20
136 179 433 325 327 343 497 499 288 194 231 489 527 328 534 503 285 561 305 187
20
387 392 304 297 201 298 325 149 285 534 575 335 337 309 292 235 340 553 111 219
20
203 276 574 449 337 193 261 119 343 356 119 365 200 564 379 366 212 594 122 293
20
214 364 599 496 184 195 413 269 560 296 494 231 230 530 449 427 411 308 162 162
20
401 403 152 244 129 372 412 567 586 192 205 371 299 393 266 334 544 419 388 269
20
162 125 301 312 577 170 446 456 598 345 413 524 323 289 445 311 486 256 353 324
20
140 194 448 161 335 596 367 586 342 188 427 232 574 342 567 574 482 140 556 385
20
295 310 568 416 279 126 145 540 426 187 551 135 576 472 409 436 411 565 354 289
20
534 243 538 137 288 141 272 119 599 108 292 115 121 114 187 237 577 523 123 553
20
518 258 199 532 125 176 229 335 203 290 557 330 190 194 111 297 590 489 139 446
20
570 175 434 507 461 579 253 113 307 203 337 115 143 135 422 383 534 261 388 224
20
141 355 306 323 305 204 474 418 378 287 216 174 555 355 228 266 579 413 544 355
20
340 217 560 235 353 563 371 110 447 513 422 142 465 570 344 134 320 138 242 299
20
341 307 426 405 259 125 265 225 333 286 533 318 472 306 174 440 470 226 268 160
20
188 256 104 495 379 305 579 115 508 292 174 301 332 304 270 308 238 401 599 456
20
595 435 289 449 348 521 599 439 323 421 379 256 156 401 335 455 134 443 246 414
20
595 184 116 341 285 565 431 142 476 578 434 269 119 345 350 206 226 336 165 595
20
593 100 209 375 222 201 277 346 324 153 464 406 168 413 193 424 381 577 236 276
20
420 564 335 398 517 212 155 284 323 325 350 292 378 214 296 243 240 156 417 137
20
211 411 177 211 260 375 237 148 429 326 297 467 234 227 494 414 158 315 394 479
20
223 351 202 449 258 368 588 234 138 296 293 334 418 254 432 454 493 165 597 135
20
557 441 467 526 397 570 329 423 279 423 296 496 598 380 175 466 590 351 258 199
20
368 473 354 577 442 552 412 476 568 255 127 388 442 396 353 531 516 333 466 500
20
177 103 151 160 464 553 211 508 283 307 221 305 255 321 363 318 320 512 395 317
20
548 174 523 323 118 403 579 475 134 125 214 490 222 212 484 550 314 479 384 369
20
483 167 129 525 265 336 238 132 385 281 567 430 236 241 283 421 387 279 518 586
20
536 182 360 584 337 551 591 461 101 365 169 313 210 355 567 490 319 432 434 144
20
473 291 573 503 220 336 307 413 205 351 137 287 408 265 210 209 297 449 341 148
20
187 301 423 261 564 150 274 122 325 236 515 239 117 588 484 297 590 578 206 134
20
458 222 349 257 286 472 383 389 331 361 296 149 530 275 196 257 229 316 390 542
20
198 424 430 130 339 360 571 445 553 145 471 113 200 358 387 372 166 573 354 516
20
445 466 335 117 353 106 274 442 426 382 576 103 461 487 307 523 371 564 267 542
20
442 278 466 571 458 283 262 272 378 422 468 315 293 457 552 525 573 579 554 531
20
366 552 310 254 207 363 463 106 597 194 202 178 179 398 349 171 165 443 283 495
20
571 144 446 290 113 135 445 141 250 570 512 538 194 522 520 554 529 179 160 335
20
198 453 177 112 341 493 206 209 518 140 305 496 559 413 481 524 185 462 593 587
20
330 567 429 488 216 358 568 201 451 444 318 435 274 218 513 365 153 554 193 304
20
152 456 222 593 282 114 495 278 424 123 368 320 343 203 322 231 316 511 252 244
20
252 211 332 165 236 407 229 141 263 231 423 476 241 321 185 554 527 435 167 504
20
397 111 345 124 104 470 416 383 550 189 444 562 253 522 517 472 247 100 225 514
20
301 328 252 554 344 553 226 473 204 560 362 369 359 145 304 398 188 380 370 181
20
546 370 491 417 260 587 312 369 367 533 532 349 317 559 417 127 177 503 497 371
20
104 123 162 496 190 330 242 561 595 209 519 141 428 427 286 240 531 275 128 219
20
117 536 360 206 436 161 341 328 283 398 214 248 132 252 567 281 328 234 161 524
20
202 106 481 246 527 142 277 192 179 519 523 454 251 139 414 468 548 465 245 508
20
158 162 141 574 340 571 179 569 332 575 187 159 538 455 325 191 326 455 479 517
20
146 516 525 280 422 306 599 373 159 566 461 333 410 569 459 268 558 387 140 540
20
326 559 346 105 409 565 568 231 157 463 259 469 327 386 427 545 589 208 599 557
20
557 223 196 349 385 124 396 549 532 164 315 220 256 218 161 104 457 302 264 210
20
581 102 408 331 406 471 559 101 389 293 356 109 280 186 186 132 176 544 441 139
20
403 137 137 210 153 252 185 110 376 594 184 500 447 420 449 522 162 206 250 420
20
555 197 228 257 370 338 507 447 165 205 323 355 192 597 204 141 302 569 201 492
20
379 315 183 398 502 413 317 540 374 491 551 245 480 149 325 550 429 455 445 120
20
313 363 546 554 254 546 102 348 529 171 485 308 473 396 394 245 274 562 230 348
20
173 526 451 193 123 267 347 338 474 581 300 199 507 112 185 494 380 181 349 188
20
403 381 579 599 361 325 494 551 333 540 398 305 109 209 517 571 515 183 296 348
20
123 304 352 508 364 245 471 532 430 379 577 255 201 407 516 560 323 447 572 456
20
546 421 243 122 269 529 458 578 296 435 470 393 459 292 325 342 418 233 316 315
20
208 438 206 349 514 515 565 179 181 194 110 484 243 374 199 398 150 428 392 296
20
239 279 484 122 203 194 462 289 191 505 173 600 215 265 118 434 405 428 200 418
20
143 162 593 368 137 578 254 155 258 460 283 571 128 507 133 517 174 264 174 331
20
455 565 309 316 588 165 398 500 249 447 179 595 482 345 553 569 369 254 205 542
20
324 575 596 393 224 526 568 245 359 257 471 371 339 318 543 320 415 229 525 213
20
393 133 494 188 383 392 374 364 104 413 573 395 166 145 199 553 107 430 121 122
20
302 517 341 202 303 371 543 374 118 558 392 478 222 410 228 288 445 216 433 427
20
173 489 234 424 572 409 248 285 472 532 222 335 377 228 506 439 529 136 458 161
20
430 361 335 491 146 300 228 544 591 104 133 431 403 404 280 150 338 582 175 512
20
161 256 431 378 551 264 312 412 120 349 480 370 527 123 462 268 529 421 392 567
20
435 304 514 269 547 405 532 249 520 453 478 462 205 525 564 138 596 510 275 294
20
358 573 406 490 214 329 495 524 101 569 579 213 414 393 378 421 439 258 559 380
20
407 405 332 147 349 231 442 246 303 111 538 473 537 197 348 404 561 274 575 383
20
106 591 184 313 294 442 479 553 207 474 337 491 347 474 153 286 282 325 277 331
20
346 419 490 561 207 252 285 410 506 139 512 480 454 186 331 326 322 457 396 509
20
166 545 192 257 141 339 498 244 126 182 444 235 539 253 574 370 504 192 232 328
20
161 574 117 105 255 556 509 335 339 200 499 291 310 191 496 318 346 525 206 116
20
330 325 191 586 417 196 254 106 337 335 312 600 256 552 579 395 143 483 547 171
20
406 276 308 206 285 597 521 302 115 156 371 378 123 522 104 343 475 370 348 389
20
123 273 282 177 200 286 282 234 588 479 109 261 119 227 460 204 499 262 125 133
20
275 335 157 447 511 101 428 442 287 549 350 472 363 269 583 101 455 418 368 437
20
108 233 187 528 364 324 246 208 284 555 527 299 371 469 331 365 383 247 156 543
20
394 407 577 229 590 492 481 142 534 218 158 558 402 345 161 414 231 189 459 156
20
129 488 256 529 281 582 267 567 388 371 102 600 316 265 373 265 187 289 116 299
20
252 381 239 162 472 246 453 132 279 263 225 128 595 164 222 379 473 290 364 594
20
400 551 170 413 188 183 325 462 510 389 261 375 232 193 520 243 298 135 115 125
20
317 431 390 108 230 512 565 117 496 462 584 578 311 172 388 125 521 383 121 421
20
475 262 106 536 120 259 406 502 576 392 478 551 452 148 275 291 308 495 542 480
20
544 144 566 409 260 349 486 480 490 208 417 550 225 498 503 349 540 240 591 190
20
413 252 556 366 353 126 276 145 527 562 472 337 171 156 450 293 323 498 194 155
20
143 263 476 155 462 125 104 548 246 242 253 447 107 240 290 313 441 565 515 111
20
210 456 585 531 265 493 433 550 528 416 441 397 528 359 249 155 312 141 393 384
20
590 285 101 572 311 529 111 124 366 232 278 167 383 534 493 486 110 288 236 116
20
597 233 567 392 525 595 299 211 342 118 335 582 155 390 395 274 512 589 125 317
20
118 408 394 165 428 426 207 281 440 360 473 372 254 316 563 298 137 243 543 460
20
173 337 236 252 494 201 223 118 598 303 453 235 351 211 188 435 503 295 292 256
20
374 576 600 488 546 109 515 329 493 599 560 414 550 481 357 317 206 496 184 295
20
534 532 121 401 535 407 259 210 514 302 133 530 505 406 302 579 132 389 408 391
20
560 324 122 301 158 318 203 293 512 486 528 278 213 408 318 385 589 108 310 556
20
502 598 408 178 493 309 111 129 549 585 117 259 558 336 176 280 318 453 407 450
20
238 382 427 100 594 411 428 503 530 100 581 105 483 493 106 136 212 204 597 499
20
506 164 256 291 552 356 103 468 353 480 440 133 411 421 300 123 537 442 503 188
20
243 566 347 243 599 164 422 401 204 505 382 532 345 544 255 113 280 333 593 469
20
566 513 432 441 255 109 167 512 353 402 110 186 323 404 207 335 503 336 211 389
20
429 508 128 230 132 587 207 225 307 335 581 295 196 186 181 585 410 596 175 423
20
441 247 148 231 553 114 417 502 453 245 555 489 493 493 384 544 554 106 223 501
20
198 555 472 125 161 375 431 402 344 105 318 571 385 567 370 238 580 307 507 575
20
391 192 189 452 434 504 594 276 162 412 218 247 263 573 571 123 552 111 410 343
20
216 432 413 211 578 189 127 478 506 563 461 443 600 513 571 384 117 237 485 412
20
477 245 470 343 428 166 423 596 296 387 139 145 490 287 467 104 422 537 160 370
20
496 262 122 177 355 477 544 415 354 555 280 136 478 115 396 571 467 239 202 310
20
591 231 244 357 557 549 269 501 490 413 454 457 206 329 506 531 224 134 298 129
20
432 382 549 447 459 282 387 345 145 328 191 494 208 570 202 335 591 404 405 265
