150
20
368 198 358 557 290 108 301 205 161 408 576 472 113 272 547 481 341 589 392 213
20
274 229 488 146 403 377 220 433 269 376 517 345 254 191 250 198 557 313 518 489
20
130 221 408 369 239 475 483 491 200 427 186 260 232 304 403 382 384 263 510 361
20
193 203 572 435 144 572 136 507 259 458 290 574 529 242 353 467 531 220 172 365
20
568 265 120 288 178 538 434 482 250 482 200 326 507 472 309 156 139 450 317 245
20
261 200 600 158 261 202 408 451 165 584 196 157 248 226 183 272 520 553 443 470
20
114 161 495 192 474 160 254 259 411 487 354 533 589 267 171 592 177 417 282 371
20
269 101 480 185 369 237 158 291 369 471 407 409 533 150 533 340 268 253 424 525
20
162 510 237 167 290 202 542 469 552 109 327 123 596 457 490 358 592 576 106 573
20
409 240 336 415 542 223 300 538 138 255 574 535 343 517 319 331 230 568 226 129
20
428 344 151 386 150 572 158 281 419 324 102 472 501 326 324 207 287 186 300 408
20
329 556 263 139 495 431 257 134 296 224 282 165 182 244 288 539 272 175 115 262
20
267 360 355 388 161 152 422 308 491 266 530 322 124 292 160 432 288 187 246 451
20
161 279 498 543 157 477 347 405 295 224 326 376 371 324 357 532 427 578 225 579
20
200 264 479 117 449 202 134 458 563 363 468 493 524 521 298 236 425 412 445 389
20
465 364 577 179 146 275 567 409 220 499 119 163 442 110 550 539 314 237 150 214
20
488 272 246 215 425 274 338 414 348 359 565 537 304 455 463 499 545 226 252 543
20
331 373 169 246 474 363 361 225 361 442 208 431 430 214 290 434 206 376 324 482
20
599 498 316 124 453 327 214 153 139 321 491 182 553 354 538 142 127 495 524 596
20
112 593 139 331 277 360 471 349 202 202 255 289 456 112 417 206 300 135 402 442
20
463 208 190 583 479 377 181 508 313 355 330 396 425 386 307 398 402 205 207 596
20
503 457 389 124 203 308 271 551 153 582 264 302 190 441 473 234 293 141 368 300
20
469 331 515 542 543 121 116 572 212 246 429 241 517 402 396 296 339 193 458 395
20
157 163 300 130 176 444 423 248 407 134 487 363 253 152 174 577 112 299 528 575
20
445 499 117 182 460 226 516 513 314 491 570 323 185 367 188 363 161 487 399 419
20
170 546 472 525 293 385 449 555 233 490 559 457 467 243 483 360 360 464 536 272
20
421 362 524 237 355 267 207 390 375 237 183 286 444 398 364 444 222 447 290 145
20
240 112 321 293 461 546 455 497 558 103 418 398 281 592 552 347 569 296 331 390
20
407 283 342 557 376 294 205 448 291 420 159 228 395 530 385 350 183 187 376 447
20
142 598 121 219 135 285 404 123 585 156 353 494 101 468 343 356 228 486 211 260
20
172 118 395 395 521 389 254 315 123 595 132 560 143 324 522 532 555 536 333 574
20
316 297 497 297 100 436 321 160 488 178 287 237 507 596 348 530 257 275 477 298
20
152 125 471 599 309 336 181 580 538 258 148 415 528 136 151 233 483 253 539 282
20
410 372 349 286 148 279 234 283 475 554 217 156 337 201 362 209 511 338 513 227
20
108 390 379 541 138 107 567 578 202 589 197 486 555 426 421 551 517 481 567 152
20
222 531 246 506 470 518 523 258 573 539 524 505 350 307 373 564 435 236 575 280
20
298 157 270 285 349 107 593 105 498 178 541 466 578 107 308 459 421 461 270 402
20
124 384 361 325 213 461 493 306 547 537 234 444 356 452 458 413 512 292 356 577
20
169 555 131 124 164 157 333 303 290 119 589 373 242 274 525 423 523 205 224 434
20
424 509 491 396 129 416 504 221 465 152 171 593 564 450 402 319 375 291 274 576
20
350 335 210 533 501 283 576 342 315 281 136 381 290 110 594 460 461 141 502 582
20
290 211 139 145 290 103 127 318 576 575 600 461 232 256 178 128 569 365 189 596
20
222 348 457 437 256 257 399 108 381 566 589 565 208 293 502 252 126 173 240 162
20
230 329 414 257 338 169 186 564 320 455 297 316 385 163 309 193 217 430 523 315
20
462 515 448 431 520 278 250 481 252 553 408 508 267 141 142 346 319 172 280 220
20
144 463 590 116 440 417 125 342 559 159 417 242 101 249 380 460 406 184 517 181
20
288 141 528 270 414 291 252 470 454 426 449 407 326 382 327 208 106 578 164 521
20
130 377 367 264 265 210 421 246 428 169 596 123 548 543 454 510 343 466 522 532
20
460 155 469 253 208 396 125 345 383 187 314 275 502 582 440 353 599 366 311 232
20
270 119 280 567 597 294 241 253 528 209 201 279 346 141 564 109 503 512 550 593
20
387 513 479 471 441 222 257 347 302 119 252 429 370 285 524 588 377 497 122 388
20
441 191 246 353 357 286 582 519 321 226 178 453 458 407 155 251 425 453 544 335
20
476 416 477 142 204 173 304 596 188 411 195 339 156 163 541 174 188 319 272 353
20
563 130 153 325 585 166 257 254 121 182 324 353 181 230 516 560 305 564 213 191
20
498 320 562 341 147 298 227 498 420 386 115 242 466 127 212 336 380 584 325 270
20
500 541 517 252 133 424 547 443 195 364 287 153 253 413 549 322 154 256 216 207
20
151 167 240 236 106 345 555 175 175 509 492 193 336 508 109 275 321 236 306 555
20
190 592 174 573 586 384 439 581 104 573 160 525 158 316 160 241 358 455 496 168
20
105 480 271 191 184 183 597 393 480 572 118 516 550 553 256 249 558 438 406 568
20
280 484 226 571 546 144 394 276 145 210 427 366 541 108 121 588 170 318 259 234
20
554 531 128 276 536 580 384 143 231 234 598 231 448 156 404 141 475 573 430 121
20
461 145 480 376 340 515 313 509 429 353 448 333 405 518 103 547 578 409 344 498
20
190 172 175 569 167 566 544 433 102 365 212 312 357 319 365 437 182 500 310 355
20
186 483 528 200 330 389 425 240 175 366 209 488 163 109 384 403 337 420 140 184
20
516 460 379 200 496 174 380 140 440 141 472 395 343 561 387 293 508 344 592 553
20
215 163 399 506 403 308 309 348 547 376 531 113 136 359 469 141 437 474 562 277
20
307 142 518 532 457 543 209 275 469 111 345 416 497 427 299 469 438 574 149 341
20
177 384 355 342 168 325 186 267 562 536 110 514 137 193 305 271 326 217 200 510
20
101 518 284 585 558 221 560 314 571 397 416 179 112 425 343 352 417 280 294 101
20
428 591 593 595 594 472 332 325 228 341 368 340 491 531 221 538 306 556 393 390
20
408 325 100 342 467 137 471 585 408 534 415 492 408 363 547 127 450 492 271 239
20
457 293 593 317 106 449 286 274 579 567 206 532 137 529 301 378 459 467 132 553
20
118 543 231 260 472 401 392 168 503 161 484 485 512 520 132 180 513 405 568 447
20
129 468 598 134 585 266 463 160 167 590 142 207 137 386 223 557 295 190 118 517
20
382 248 599 492 540 327 415 265 518 315 299 557 164 558 183 388 431 393 374 217
20
186 573 430 559 348 394 344 395 500 255 555 137 239 530 498 249 244 235 321 347
20
115 456 110 308 134 493 476 587 384 438 322 299 505 259 228 221 349 261 355 565
20
354 304 149 127 492 180 500 409 141 451 304 122 192 378 157 444 584 126 212 418
20
390 471 421 303 157 285 242 367 447 462 134 376 292 160 246 500 319 230 264 413
20
157 341 159 413 590 194 535 335 202 358 434 319 292 179 502 454 214 468 582 145
20
238 175 121 251 398 454 522 455 407 354 403 187 297 265 151 539 341 132 423 374
20
504 141 107 262 515 335 102 399 236 352 147 407 422 377 303 568 367 548 299 327
20
460 365 471 437 553 409 439 329 594 139 160 191 224 328 352 192 463 276 181 276
20
493 576 414 318 313 177 362 353 253 184 158 357 404 475 384 352 174 575 306 594
20
122 394 362 295 104 345 237 452 476 288 572 101 215 169 434 388 152 503 470 120
20
445 132 259 433 209 497 201 592 335 212 448 150 595 378 524 218 297 596 494 238
20
499 286 277 541 387 418 416 209 223 418 211 380 445 368 302 148 160 451 411 482
20
305 369 317 311 546 507 570 549 444 520 442 360 565 244 462 307 399 411 306 361
20
170 487 561 152 252 248 261 394 216 118 393 279 513 467 459 384 519 361 370 440
20
177 248 161 188 136 130 491 427 398 244 335 523 332 367 438 343 539 577 206 362
20
263 218 144 200 183 376 592 550 240 460 194 557 528 451 553 114 282 229 394 598
20
144 242 495 422 113 352 538 357 189 584 114 234 490 181 433 561 282 478 159 490
20
243 292 141 431 422 550 185 422 561 366 468 350 461 434 329 575 110 532 438 551
20
502 240 510 147 448 360 132 141 279 307 522 188 287 202 102 163 455 272 428 169
20
245 151 218 347 241 474 149 345 345 234 271 576 472 131 456 211 396 385 205 358
20
517 408 174 414 458 122 489 319 540 480 516 580 333 293 281 584 589 236 124 161
20
397 568 384 241 396 165 472 444 435 189 127 462 423 411 176 552 117 513 364 576
20
399 361 426 423 265 446 289 581 524 130 447 214 120 500 262 112 398 403 349 441
20
144 292 535 411 157 182 361 583 333 408 182 203 499 355 294 501 431 230 406 386
20
293 502 526 187 233 384 252 481 415 399 353 452 487 543 522 566 194 222 232 232
20
233 392 398 301 542 195 148 559 100 232 483 476 294 308 289 101 350 515 420 216
20
371 583 213 483 543 559 426 104 162 307 393 453 248 268 487 408 451 354 508 528
20
308 297 477 115 262 251 600 385 229 376 504 317 326 130 550 436 478 150 350 395
20
330 553 286 422 485 431 402 450 521 449 435 184 184 200 207 561 542 330 259 291
20
539 530 561 590 519 207 501 505 204 498 520 325 539 147 409 571 263 186 566 423
20
201 568 139 276 391 422 503 151 163 243 200 427 116 286 320 507 438 219 462 369
20
356 530 372 469 409 533 564 504 194 334 345 458 352 544 334 429 435 574 534 493
20
460 540 299 486 352 403 472 364 432 571 420 508 362 495 194 146 370 594 394 503
20
308 596 123 235 358 572 170 359 125 301 120 112 382 256 297 368 391 480 430 427
20
461 539 497 144 115 558 368 326 168 460 315 101 416 439 157 115 511 280 335 162
20
293 403 214 219 213 282 391 496 176 472 382 253 225 292 403 445 243 369 319 111
20
279 191 398 532 512 537 131 267 341 416 375 345 265 598 250 430 155 559 368 119
20
269 221 156 478 196 342 398 545 371 200 522 149 475 403 233 577 127 251 560 139
20
496 584 189 104 266 434 348 472 542 448 183 540 590 311 132 262 116 433 389 144
20
540 399 425 502 120 307 121 419 466 309 128 541 141 534 103 343 194 407 455 458
20
437 364 308 381 599 476 190 132 112 203 208 195 428 178 589 408 135 482 405 441
20
587 424 515 137 558 131 315 110 163 428 536 165 361 565 452 262 331 517 438 376
20
292 581 534 191 550 327 318 567 528 521 329 378 504 445 346 287 300 525 593 177
20
241 372 485 329 508 389 340 408 199 115 173 228 496 590 282 247 320 237 403 491
20
524 232 318 184 345 439 177 392 590 196 481 588 284 356 343 117 394 588 449 160
20
344 142 172 193 425 345 511 270 596 276 284 157 256 508 274 493 580 309 365 412
20
278 492 294 206 517 588 181 114 536 360 454 233 469 148 345 229 114 482 515 294
20
172 158 100 243 216 352 491 441 516 347 296 134 173 307 241 373 230 272 552 186
20
126 136 600 562 122 444 104 402 571 548 442 386 480 212 343 541 128 247 400 563
20
249 248 131 276 102 157 273 206 470 565 567 404 195 410 389 197 367 135 481 100
20
280 107 462 501 261 106 302 519 339 240 236 168 385 581 123 179 468 526 407 459
20
277 462 241 314 178 223 510 440 116 375 503 533 137 368 583 411 576 147 223 154
20
427 249 457 415 474 208 322 245 461 573 331 577 126 399 445 518 392 255 216 105
20
578 111 372 103 387 394 448 181 447 247 404 457 574 196 293 470 339 404 271 514
20
494 128 301 594 462 322 201 428 158 132 244 278 227 464 596 568 261 599 408 425
20
252 218 520 129 522 217 557 583 397 380 261 476 144 102 310 552 383 464 152 427
20
180 320 262 240 187 372 185 439 261 282 305 383 325 183 316 424 265 557 347 114
20
283 183 514 160 118 379 517 165 179 472 553 227 235 341 388 120 382 369 210 589
20
217 407 330 282 467 127 291 494 179 412 535 494 138 592 532 499 535 313 367 413
20
413 103 197 101 304 471 401 279 272 171 343 477 142 103 378 233 132 484 234 272
20
150 357 498 330 188 545 463 323 244 108 598 484 140 410 546 394 241 129 509 564
20
549 550 226 596 339 516 349 305 550 142 337 516 261 371 483 497 367 538 535 219
20
376 283 566 278 562 510 480 383 575 153 442 324 555 169 532 337 495 351 558 596
20
516 222 173 380 279 348 145 152 277 513 288 490 307 160 406 140 290 118 575 536
20
273 210 229 222 343 191 304 224 553 468 216 141 192 585 300 139 445 117 539 567
20
523 172 368 302 475 368 161 501 447 420 154 553 276 117 409 401 216 341 516 340
20
522 311 154 596 297 107 195 299 541 328 238 181 199 164 344 151 297 505 425 516
20
238 462 452 499 406 317 585 204 221 590 569 364 464 485 545 465 459 195 390 595
20
429 358 131 597 453 488 181 489 419 592 206 254 600 446 447 584 341 365 255 473
20
461 481 429 429 571 258 437 129 504 294 212 165 124 448 288 479 256 269 288 541
20
442 110 600 429 550 174 107 383 311 301 560 278 170 241 596 556 288 346 339 532
20
515 567 293 389 581 493 373 190 247 510 108 217 503 372 349 462 353 326 347 146
20
288 270 342 170 472 360 201 589 157 358 137 593 109 142 498 167 197 308 256 203
20
278 537 256 555 132 515 135 339 571 462 222 158 252 229 538 520 419 398 417 438
20
440 317 229 245 357 500 232 209 497 268 390 196 181 303 308 515 208 487 567 417
