150
20
454 166 319 386 206 257 584 492 316 120 451 559 501 240 333 399 492 250 233 507
20
152 264 472 396 320 407 148 148 590 528 209 359 244 521 424 199 364 403 487 340
20
366 105 200 318 217 587 189 333 486 336 353 479 445 246 154 354 124 526 476 201
20
554 304 383 464 437 271 514 396 502 441 472 239 362 411 204 541 567 414 527 351
20
131 482 397 169 301 481 213 400 324 575 494 308 410 458 251 553 537 454 324 453
20
490 569 392 307 204 500 138 444 445 357 310 279 208 397 374 557 543 418 259 213
20
293 352 379 479 155 200 554 230 348 454 111 506 537 298 330 344 281 557 408 272
20
488 333 245 279 448 149 434 257 475 589 586 246 373 336 196 137 568 467 261 146
20
521 136 135 419 162 143 318 340 599 589 483 284 356 321 108 289 473 409 214 466
20
115 546 458 459 181 584 501 585 471 356 381 271 274 102 139 277 385 180 328 248
20
150 282 355 110 189 179 271 501 372 493 238 196 172 285 386 509 527 205 292 340
20
345 179 241 120 199 298 198 382 384 308 509 389 544 288 478 370 175 488 287 301
20
597 237 494 169 550 144 244 494 306 423 147 394 343 272 380 266 474 247 392 466
20
434 250 235 419 538 219 286 370 263 200 263 106 251 260 111 297 478 521 373 419
20
470 334 370 416 205 321 192 403 496 348 154 351 544 332 400 208 503 271 385 150
20
377 600 200 116 326 597 311 218 503 472 544 242 122 493 280 580 119 133 507 117
20
191 205 369 533 486 535 220 580 289 405 192 209 356 562 551 458 544 345 514 345
20
579 582 235 351 361 549 557 309 320 195 261 103 475 267 596 527 298 462 455 305
20
142 419 255 576 265 134 166 230 542 487 256 243 112 303 284 292 317 588 505 561
20
181 218 295 389 531 174 514 246 589 496 394 468 513 578 167 415 398 505 113 421
20
252 540 247 175 283 387 110 134 102 101 385 462 557 420 595 437 579 505 461 485
20
168 126 112 353 235 422 116 402 539 272 305 356 573 369 183 197 499 584 313 561
20
385 329 123 178 513 234 479 559 262 199 355 504 528 491 338 589 524 135 483 346
20
156 266 542 217 156 241 424 111 223 209 284 235 134 132 384 192 461 169 237 394
20
437 394 248 588 132 167 354 160 337 572 562 584 572 424 243 565 508 387 241 256
20
367 526 106 583 460 298 488 365 388 531 148 264 260 160 246 174 443 256 329 515
20
466 235 211 386 470 115 556 150 172 543 183 546 468 331 468 529 355 154 478 572
20
103 301 410 514 254 414 342 228 408 144 407 268 285 230 154 352 266 112 599 595
20
118 292 519 535 395 257 521 248 249 547 486 571 481 464 264 496 585 123 105 470
20
345 404 273 297 274 376 565 445 384 351 509 425 286 558 191 448 390 291 425 283
20
301 413 420 298 347 377 295 151 100 106 480 343 251 472 559 516 557 114 558 176
20
184 141 281 477 315 470 506 536 380 353 147 173 279 462 431 374 287 481 406 320
20
429 111 585 496 447 531 331 412 133 166 118 532 144 357 496 565 273 235 484 149
20
427 124 260 301 406 134 129 531 555 389 234 542 277 393 583 278 255 296 582 406
20
309 356 404 100 118 417 132 219 478 404 593 107 212 481 384 179 147 583 164 351
20
361 206 595 557 307 490 556 433 170 436 333 184 504 493 244 204 383 255 515 533
20
554 221 211 122 499 297 408 195 258 127 111 351 328 100 314 268 400 345 395 127
20
162 237 201 316 238 141 518 377 100 211 564 349 498 485 358 187 220 316 540 579
20
159 279 393 464 590 509 199 140 329 205 535 534 284 134 267 600 483 248 251 290
20
571 564 582 160 237 470 531 262 270 555 263 375 476 557 499 142 199 511 278 539
20
472 264 449 203 543 278 597 201 598 197 467 325 162 409 368 369 277 356 426 466
20
277 483 129 325 148 336 302 100 379 360 399 422 337 519 125 556 322 397 143 357
20
499 582 504 368 324 234 541 257 126 565 200 367 467 394 503 204 497 457 587 266
20
576 113 328 582 369 511 586 281 399 557 440 139 563 140 374 280 259 460 112 589
20
239 415 229 502 101 455 113 484 352 584 414 194 379 130 118 104 508 359 462 493
20
106 172 573 308 404 543 186 537 244 107 334 475 409 385 121 564 238 268 387 143
20
231 395 432 546 206 403 211 334 457 390 447 136 278 293 461 266 226 200 460 548
20
117 188 313 321 128 260 419 262 377 507 278 552 169 162 115 390 238 361 574 373
20
481 527 385 584 192 156 347 357 264 328 199 215 222 262 336 578 523 591 468 307
20
595 535 529 497 382 540 144 162 511 403 148 324 210 514 473 316 363 182 374 270
20
517 259 221 585 194 573 382 492 297 550 534 301 488 249 277 454 587 299 265 517
20
471 306 322 457 222 170 175 556 544 188 282 299 577 343 373 213 531 257 101 384
20
558 473 125 332 437 264 163 240 327 203 258 405 162 251 467 199 102 274 261 390
20
108 192 246 264 236 205 440 476 404 547 309 462 551 390 365 311 242 121 144 503
20
253 397 417 583 203 433 475 545 385 371 429 240 184 187 151 281 425 198 118 197
20
485 557 315 127 106 445 448 562 212 216 457 394 257 537 227 262 432 557 375 430
20
212 513 525 486 179 428 345 597 393 180 119 210 277 120 395 278 417 387 289 118
20
461 400 496 123 104 532 250 306 150 388 198 123 130 450 535 272 362 163 469 548
20
407 122 197 503 349 578 266 149 535 399 498 388 479 569 409 168 560 132 360 116
20
121 290 491 360 163 350 456 430 135 582 330 246 235 546 396 597 270 595 213 493
20
139 327 432 157 138 442 137 256 251 528 544 559 253 134 562 211 477 234 343 161
20
151 564 432 326 359 162 232 212 445 487 454 318 543 462 164 481 231 255 410 156
20
500 460 496 544 207 181 491 459 393 515 138 216 423 334 317 195 406 327 562 205
20
308 494 205 501 316 241 518 352 526 293 230 228 215 340 193 187 244 296 393 561
20
146 367 420 545 504 207 402 133 598 109 168 172 411 172 190 134 319 408 240 152
20
205 318 440 171 379 504 322 447 206 441 497 357 249 477 589 224 562 557 423 106
20
498 222 522 551 409 193 444 170 282 111 590 232 372 519 171 596 151 179 582 498
20
342 162 352 524 298 334 104 448 441 189 292 379 412 106 293 413 365 452 260 452
20
488 406 552 214 554 366 489 141 522 358 112 534 514 171 554 595 382 285 257 284
20
129 330 521 283 564 251 473 497 310 181 517 133 437 124 383 325 399 508 156 226
20
128 151 157 382 266 141 350 354 160 406 458 548 181 178 459 106 441 203 446 303
20
299 127 146 367 578 356 592 316 278 231 592 263 496 463 556 165 546 324 545 393
20
571 531 419 479 255 159 280 150 212 350 195 429 225 413 440 334 154 430 506 462
20
417 214 309 357 219 175 165 400 243 323 482 165 502 573 247 590 589 261 528 164
20
317 478 304 464 157 296 170 562 181 372 496 412 257 198 424 294 166 217 576 405
20
490 511 165 101 181 370 313 261 408 404 210 537 402 454 375 577 205 287 466 138
20
382 192 172 186 109 469 353 167 596 574 113 315 574 412 211 374 169 173 251 546
20
319 359 485 408 415 517 369 433 286 242 558 272 189 282 575 378 474 416 415 347
20
449 176 526 575 363 516 245 240 257 440 347 153 229 188 398 536 145 274 220 144
20
472 237 341 533 216 571 182 473 489 216 577 465 434 272 415 528 112 424 207 397
20
195 273 407 448 174 380 577 100 435 424 409 194 151 376 444 272 313 250 197 411
20
260 250 309 595 386 347 133 593 231 354 170 300 544 290 392 448 326 474 223 563
20
460 428 231 474 446 562 434 371 470 561 258 131 257 411 579 592 551 537 557 446
20
512 369 351 409 457 553 403 511 223 450 237 327 437 382 129 595 203 346 541 238
20
477 428 185 189 321 498 164 573 255 419 588 418 445 341 396 280 331 525 283 114
20
406 171 392 211 444 586 265 119 392 574 298 316 555 106 516 117 360 339 314 581
20
116 552 252 406 198 169 460 326 573 433 116 400 208 391 460 214 203 483 241 302
20
203 389 488 243 257 490 533 280 317 538 487 586 357 496 551 530 382 403 257 240
20
212 514 252 289 291 322 108 352 292 132 338 512 226 361 110 105 374 526 217 379
20
175 425 130 252 246 272 184 528 324 111 342 545 136 142 333 315 210 215 351 185
20
113 458 583 179 381 587 487 498 150 548 485 158 477 177 160 528 417 273 244 578
20
265 248 176 279 183 146 522 584 324 577 180 246 183 490 123 174 489 583 170 260
20
375 419 273 255 519 380 475 178 193 404 295 277 574 263 503 346 498 318 386 444
20
277 253 372 154 578 589 113 114 524 515 506 567 246 369 298 512 140 587 409 441
20
294 369 210 529 249 315 460 538 167 550 598 114 389 548 589 555 444 265 369 427
20
316 304 241 255 276 287 485 147 330 498 568 424 549 252 443 413 133 263 120 108
20
128 393 228 423 503 268 148 313 514 484 432 348 412 522 561 398 430 178 366 107
20
569 569 496 228 452 582 271 193 157 333 471 517 347 539 138 131 210 446 332 431
20
355 544 315 597 571 314 540 348 278 340 469 512 527 144 487 252 214 279 559 248
20
578 299 502 588 536 365 492 478 159 327 397 257 552 473 429 447 296 437 483 402
20
228 279 308 212 140 477 348 598 478 325 556 308 189 448 294 537 594 230 332 452
20
190 564 590 440 269 409 221 507 133 207 438 260 360 142 395 450 319 585 154 146
20
116 563 484 409 429 385 515 353 351 435 390 106 352 533 470 251 167 567 520 240
20
505 142 221 222 358 228 275 455 357 118 454 532 378 189 461 226 343 510 315 398
20
538 527 184 256 420 557 111 412 412 562 360 588 553 375 542 368 450 442 176 207
20
334 272 437 560 463 589 266 227 218 420 327 275 531 454 253 451 285 272 347 144
20
507 557 539 117 324 419 545 503 276 449 291 513 344 362 427 165 462 536 173 151
20
316 222 338 580 134 398 416 467 131 508 499 422 240 530 144 419 495 124 570 226
20
332 583 244 333 138 597 238 538 523 422 234 200 501 255 415 112 363 151 529 402
20
464 585 475 425 567 364 349 123 116 254 367 173 525 111 265 266 557 207 521 560
20
328 170 275 459 545 191 328 384 443 447 249 355 450 578 201 279 474 545 218 335
20
487 367 376 119 323 517 213 582 558 437 192 255 556 211 424 183 365 513 330 432
20
235 597 397 296 408 499 428 399 172 433 581 201 218 512 573 493 473 282 387 578
20
569 171 490 298 287 167 477 519 477 347 300 150 105 354 195 546 409 171 266 275
20
456 565 360 261 400 343 597 229 385 270 434 473 232 285 311 338 528 362 556 108
20
133 358 577 141 455 481 469 279 187 358 573 173 427 509 159 364 421 119 349 361
20
561 332 446 251 498 442 359 495 538 114 250 401 168 433 109 151 130 573 533 309
20
277 464 243 529 356 214 238 389 516 244 306 230 457 166 153 432 540 584 407 589
20
478 121 323 470 250 508 344 406 499 115 251 369 439 360 231 596 194 369 173 540
20
460 335 548 373 385 306 178 333 577 227 296 509 459 233 317 138 249 521 434 194
20
580 190 478 286 308 195 244 188 537 313 107 371 193 271 126 225 331 565 162 117
20
104 534 434 454 414 202 143 502 196 515 182 309 408 580 199 115 142 528 136 328
20
547 483 520 147 212 468 473 269 507 284 354 541 135 446 140 403 275 336 187 330
20
172 440 578 513 149 526 536 437 180 362 525 508 291 434 143 588 569 508 520 281
20
413 202 304 122 410 196 535 124 501 365 352 177 532 240 236 500 361 318 476 542
20
135 406 427 524 590 256 381 405 215 362 362 155 575 325 475 351 104 124 118 516
20
556 330 293 190 337 338 467 338 400 259 400 464 331 517 451 316 418 348 306 247
20
201 534 385 495 135 237 110 449 346 496 454 346 420 507 439 435 385 365 472 122
20
407 182 279 339 432 480 419 274 172 293 515 440 205 131 441 375 499 256 585 149
20
158 193 217 340 390 201 514 342 160 548 593 397 289 488 192 276 342 126 252 559
20
555 505 579 279 439 155 278 334 194 388 424 188 158 309 221 295 441 499 553 231
20
318 215 423 578 148 532 164 250 383 408 552 312 457 501 540 135 278 588 280 195
20
171 243 351 411 518 241 589 364 176 196 582 150 118 485 299 335 243 470 566 261
20
180 269 266 417 426 476 305 543 256 398 195 566 395 300 510 351 259 227 588 331
20
383 338 181 257 547 221 146 536 106 534 535 364 483 384 446 205 498 516 506 286
20
579 530 314 119 541 445 350 584 485 348 313 341 368 396 168 292 421 378 266 274
20
159 582 431 237 515 580 356 141 530 218 200 356 540 467 322 158 358 181 516 217
20
246 391 443 322 132 115 100 204 274 311 409 183 395 481 281 425 211 306 474 221
20
483 445 157 553 299 473 530 525 553 233 276 403 522 446 365 177 473 182 354 390
20
510 286 434 208 521 575 557 330 600 596 200 142 457 264 522 598 192 486 200 170
20
352 148 270 578 555 157 414 455 140 161 192 328 132 347 211 138 347 342 460 416
20
100 512 535 195 588 215 121 346 410 379 468 453 398 433 258 330 239 600 490 363
20
531 440 338 202 503 474 458 568 491 119 458 363 480 316 198 183 201 359 278 444
20
239 284 595 179 193 370 204 575 524 149 410 247 306 241 235 297 303 520 318 397
20
112 403 550 591 418 201 316 592 452 486 241 398 138 391 149 369 590 328 248 495
20
475 325 494 200 546 242 249 568 196 132 546 132 401 427 492 543 522 544 529 321
20
143 216 491 456 474 513 482 305 333 150 331 511 386 141 212 217 309 450 214 143
20
537 197 398 297 491 100 492 468 104 345 132 443 408 466 136 254 341 189 447 486
20
135 593 419 428 248 314 418 456 130 462 218 496 219 574 556 279 518 362 503 266
20
204 366 148 558 182 507 326 600 342 268 486 213 232 324 594 436 506 463 180 326
