150
20
400 594 509 212 175 494 446 329 210 119 363 517 147 408 165 313 551 487 414 141
20
287 442 257 309 496 596 242 447 230 293 181 233 250 208 527 373 242 457 428 356
20
433 212 454 549 345 381 103 579 373 254 414 306 181 574 468 199 320 575 534 162
20
511 428 103 391 183 598 173 287 354 445 312 593 314 270 171 373 132 278 526 397
20
511 208 271 560 486 334 302 438 406 423 260 437 199 524 313 339 394 113 505 298
20
592 393 188 355 354 179 169 186 366 157 128 581 122 524 293 314 536 476 104 583
20
415 255 188 289 204 235 299 168 135 491 534 380 147 360 144 511 509 505 280 517
20
264 563 573 131 490 392 472 421 165 371 546 586 117 413 571 190 212 573 176 198
20
488 184 402 147 530 551 498 477 274 345 176 573 170 107 461 325 222 155 595 460
20
320 229 487 524 397 513 248 305 399 492 110 381 488 309 342 167 585 212 242 507
20
130 221 483 162 466 530 579 434 395 135 483 476 360 194 127 319 119 228 207 152
20
311 222 435 517 463 376 414 576 367 488 376 277 353 494 144 386 322 443 528 338
20
573 152 380 171 130 503 273 576 396 376 287 164 420 380 370 254 331 195 214 542
20
256 171 194 282 352 198 535 535 178 586 130 517 369 459 182 102 113 322 301 479
20
311 181 360 342 460 514 258 595 588 598 395 464 446 451 574 347 550 328 104 522
20
105 439 499 596 150 297 387 511 203 291 248 572 162 397 119 158 435 447 399 464
20
239 388 115 287 370 450 535 266 287 146 525 126 157 322 509 468 168 597 531 313
20
141 557 437 241 591 532 448 196 323 527 506 260 102 169 501 492 307 486 230 557
20
409 497 594 189 569 485 426 396 126 226 577 227 278 322 247 398 232 549 519 585
20
241 142 240 578 496 579 431 413 386 136 293 142 202 312 292 127 550 207 475 199
20
410 290 235 255 417 373 578 172 509 426 433 596 538 575 540 283 349 115 551 386
20
393 362 535 185 536 522 192 538 271 599 149 332 385 196 327 272 500 206 377 367
20
287 439 493 121 582 482 385 540 507 264 472 496 483 260 515 408 119 563 571 367
20
385 102 386 279 240 175 253 204 374 253 167 163 596 519 490 537 117 104 177 538
20
149 549 398 432 215 177 321 593 589 596 160 106 471 269 219 520 439 185 356 419
20
496 265 529 257 104 293 561 141 343 101 460 261 555 376 321 257 271 398 149 295
20
390 451 166 166 486 339 557 304 108 300 556 536 138 232 523 412 398 119 381 471
20
152 325 496 393 293 188 337 340 485 405 270 434 382 308 559 264 530 534 438 531
20
357 290 109 545 196 279 249 508 574 452 548 390 592 495 388 318 518 374 368 246
20
525 294 156 366 288 331 189 174 230 205 299 409 125 561 438 178 530 127 212 475
20
103 363 265 342 407 581 154 190 397 417 184 327 559 222 509 585 257 333 405 192
20
110 515 146 203 355 424 143 403 441 436 473 219 416 127 412 331 528 443 406 125
20
456 292 348 487 353 469 106 435 143 159 522 334 491 381 544 186 283 176 385 383
20
504 101 530 422 337 466 489 120 366 318 323 538 155 198 411 564 377 281 391 106
20
531 203 410 347 174 420 593 216 380 556 163 284 208 465 236 192 185 221 216 268
20
208 265 327 118 141 286 399 178 479 484 429 497 339 385 521 585 214 285 334 475
20
252 364 586 256 460 562 350 498 160 299 436 245 510 545 234 123 161 587 412 117
20
532 347 280 191 372 165 280 124 587 314 526 157 205 170 411 595 599 471 199 148
20
237 448 553 399 455 556 342 132 357 397 190 116 396 335 135 165 437 462 101 574
20
550 185 390 350 237 489 503 130 441 357 568 213 185 244 393 258 427 532 238 317
20
108 593 429 422 114 571 217 192 423 112 101 334 246 511 327 487 494 463 476 300
20
525 124 499 287 591 115 292 150 401 258 358 133 122 418 478 238 409 472 291 226
20
494 305 234 298 158 548 109 199 152 124 425 340 413 199 405 298 323 263 586 472
20
513 565 396 384 329 176 427 120 592 465 367 200 418 319 516 263 138 325 223 339
20
225 429 282 135 167 531 487 455 498 511 168 513 127 279 549 270 134 120 241 417
20
232 466 506 194 349 267 304 387 590 218 479 548 124 440 201 270 326 142 562 185
20
455 460 584 592 330 253 385 186 322 517 149 432 508 175 275 568 523 229 260 485
20
225 139 275 377 124 540 490 432 598 554 203 213 121 309 263 586 368 527 418 539
20
401 229 542 257 539 156 471 142 472 401 555 144 263 530 592 575 591 300 160 205
20
330 211 306 404 254 236 225 211 262 172 350 126 403 212 510 272 511 390 101 525
20
467 159 252 497 239 121 354 371 107 519 132 334 251 213 130 523 133 420 545 578
20
581 453 496 352 102 480 369 155 232 355 587 149 521 594 230 421 389 530 250 425
20
383 173 187 115 573 581 201 413 296 358 515 590 484 381 118 285 531 341 284 335
20
600 388 199 428 388 119 536 295 283 141 149 349 388 485 541 359 451 149 594 398
20
184 124 178 545 521 570 123 109 183 229 131 304 141 139 551 237 579 483 421 203
20
574 349 284 163 367 462 378 296 264 163 205 221 273 524 399 355 317 152 427 193
20
206 301 200 101 389 411 583 261 544 105 375 396 106 434 434 242 211 124 214 350
20
215 200 467 458 278 487 387 133 461 251 524 206 226 403 499 564 290 258 416 128
20
111 214 590 541 191 441 383 523 365 430 450 254 155 194 416 171 278 152 570 281
20
209 557 342 193 407 450 390 555 462 567 439 457 547 361 577 470 315 274 424 478
20
455 470 266 132 147 380 598 155 451 133 540 317 422 139 332 374 186 197 126 515
20
406 312 212 515 370 350 228 341 301 130 565 540 486 232 337 515 479 290 543 559
20
366 507 337 220 313 278 460 279 575 413 147 507 351 500 244 431 158 419 394 367
20
432 298 281 316 176 491 296 350 266 326 108 329 467 113 253 375 393 254 417 211
20
567 150 415 364 108 581 250 299 468 595 579 102 289 311 210 239 579 376 565 494
20
496 199 377 493 130 394 340 417 223 271 550 154 301 153 347 546 565 474 352 375
20
109 343 193 392 519 522 480 323 541 409 288 589 400 480 109 209 121 454 446 240
20
283 573 331 252 208 249 486 378 435 169 177 160 196 160 261 292 138 503 589 346
20
487 490 258 135 176 427 400 338 198 468 487 578 261 148 148 456 146 562 371 364
20
360 367 472 382 463 466 517 174 254 467 226 379 130 356 294 522 343 429 390 418
20
568 290 486 315 404 578 472 515 144 263 196 149 322 122 600 589 272 362 128 373
20
369 274 116 168 439 440 460 600 245 329 256 192 323 380 251 376 377 306 458 278
20
370 115 424 229 346 570 378 239 496 365 100 458 527 121 235 365 359 555 109 329
20
461 514 312 207 356 256 477 160 508 355 223 537 529 211 372 128 379 278 411 352
20
201 332 392 400 117 179 432 121 324 452 224 572 568 457 412 464 265 287 589 421
20
254 190 178 281 432 127 463 507 368 526 395 427 386 147 567 558 198 335 283 440
20
240 202 141 180 235 307 310 446 297 391 491 133 159 403 103 588 578 152 465 284
20
380 465 233 553 330 247 399 194 474 260 102 111 530 374 503 133 227 523 369 155
20
125 204 562 268 437 119 365 324 246 585 581 129 332 204 279 402 533 255 366 284
20
279 551 199 303 384 118 235 593 512 411 313 368 211 239 241 137 401 169 506 114
20
517 155 203 371 356 351 491 183 498 450 581 226 469 396 530 444 303 335 496 258
20
558 165 399 574 401 176 209 245 481 363 587 355 333 388 528 300 413 311 352 161
20
465 221 170 502 537 349 532 452 233 547 412 578 541 108 439 331 181 318 106 292
20
459 385 420 208 311 504 176 156 279 460 447 118 570 456 404 160 242 508 355 188
20
278 162 440 158 520 446 501 574 310 408 181 192 208 147 437 559 219 400 130 577
20
455 350 583 485 482 121 389 417 273 391 319 221 587 477 533 512 206 413 383 375
20
105 391 328 187 273 574 455 177 321 456 379 103 558 110 359 329 186 253 271 582
20
354 433 477 111 475 541 598 269 561 304 421 457 219 358 566 171 326 504 401 153
20
482 255 190 449 454 599 414 405 474 260 473 436 535 237 141 414 178 243 452 263
20
527 517 155 525 415 183 403 285 123 119 211 216 294 388 290 299 294 369 584 390
20
509 538 315 213 138 568 542 166 223 259 126 468 480 404 502 371 354 132 343 575
20
160 368 162 215 102 342 442 365 381 390 569 532 367 291 261 322 201 305 119 477
20
342 435 316 121 310 213 141 353 164 399 205 498 496 440 384 238 387 158 479 482
20
421 556 154 568 465 225 311 177 164 115 338 480 325 188 140 166 398 592 554 131
20
345 427 126 451 205 272 524 227 275 304 259 439 542 304 151 413 241 218 178 576
20
124 432 347 358 506 516 535 593 418 195 252 440 574 454 221 444 143 314 559 398
20
504 105 568 203 382 548 425 470 293 448 444 310 111 600 573 363 590 433 166 558
20
384 142 561 477 298 266 483 572 403 170 465 294 524 587 382 564 269 323 525 115
20
476 397 155 215 307 203 438 597 170 292 345 250 439 484 298 132 537 406 329 561
20
404 399 372 340 362 204 155 422 328 249 465 265 419 101 265 167 155 282 292 428
20
117 343 241 494 514 507 584 358 127 268 129 326 219 489 369 181 560 239 210 319
20
424 125 318 394 118 478 499 468 509 495 129 164 196 452 287 116 188 437 250 328
20
403 141 152 328 478 508 403 224 362 476 188 133 236 210 163 358 203 465 502 367
20
500 489 414 565 419 279 513 384 154 574 398 379 464 362 531 332 434 535 581 384
20
550 508 146 237 252 577 329 397 262 269 312 120 516 499 162 424 234 267 113 171
20
537 223 424 512 369 395 423 345 526 228 287 135 220 182 361 486 521 379 287 382
20
250 275 543 120 537 270 317 336 599 316 322 352 194 190 263 302 311 297 186 387
20
443 289 335 123 237 501 394 163 575 441 416 577 497 252 291 418 377 100 372 184
20
493 578 533 424 453 332 389 565 572 593 310 164 229 500 554 284 287 168 336 520
20
434 541 416 348 208 425 177 155 403 162 312 214 491 260 317 477 291 284 159 418
20
218 277 236 581 580 294 319 274 197 562 412 124 220 285 165 264 167 387 485 521
20
189 307 433 195 551 146 566 573 574 302 533 192 363 125 379 263 587 126 149 393
20
177 550 217 245 508 465 330 583 194 418 242 502 126 288 518 213 419 240 489 540
20
242 453 275 268 113 402 209 287 186 210 224 461 186 270 140 168 186 239 408 281
20
368 387 350 470 412 375 321 316 396 283 577 127 522 388 328 507 531 220 506 330
20
322 305 114 227 359 532 533 404 203 414 217 503 219 457 484 264 429 582 493 142
20
477 472 209 201 312 500 129 561 348 337 267 512 246 101 320 318 369 453 235 297
20
302 308 504 195 375 345 444 517 453 424 506 427 344 557 227 525 330 565 296 309
20
191 492 412 575 192 508 393 304 153 481 305 179 438 209 173 462 307 290 205 372
20
276 142 454 282 440 519 158 569 393 577 146 300 300 509 558 351 510 308 169 317
20
538 262 256 476 385 227 213 513 300 369 136 334 438 535 132 593 355 221 118 243
20
156 169 583 533 290 587 486 497 203 443 457 331 343 425 546 315 220 490 523 548
20
152 451 466 387 446 306 390 585 426 476 100 320 230 434 385 408 225 491 423 165
20
366 596 248 165 385 402 390 343 369 208 362 430 450 486 221 575 257 446 315 381
20
463 349 160 223 471 318 246 389 265 191 257 488 280 126 294 329 514 411 136 435
20
515 223 203 446 476 419 404 555 501 599 354 160 480 523 383 251 318 473 486 408
20
177 179 303 322 480 331 416 541 531 325 596 317 559 164 136 425 327 303 545 445
20
200 225 470 378 124 573 239 524 397 341 590 394 169 290 452 153 508 367 212 151
20
372 261 404 249 315 298 176 343 481 131 559 551 163 440 244 156 328 537 510 561
20
339 557 227 472 297 476 123 558 356 330 549 145 240 117 522 113 362 437 139 149
20
425 228 532 296 228 188 429 289 263 591 332 432 123 486 418 356 348 339 521 460
20
395 286 307 120 122 131 180 290 514 119 111 405 579 453 217 494 496 494 176 482
20
162 511 237 531 333 566 525 408 516 221 172 435 292 318 291 505 388 600 141 466
20
393 420 511 470 580 329 337 229 431 233 405 443 310 427 427 285 154 335 552 124
20
410 293 241 281 587 282 276 235 308 115 400 133 293 244 439 161 189 331 236 484
20
103 178 519 394 390 292 281 528 390 244 294 119 203 457 273 411 356 192 492 535
20
224 418 348 194 279 409 396 398 542 116 459 177 175 413 318 367 561 556 213 415
20
307 462 409 355 254 411 539 173 459 296 281 558 515 320 237 385 376 537 376 545
20
435 148 320 295 328 156 256 244 539 500 123 261 548 451 255 460 557 437 302 116
20
498 380 482 214 580 515 209 228 385 428 376 290 267 285 451 205 471 211 543 257
20
419 241 392 178 471 543 367 327 466 360 346 303 562 397 333 337 557 353 342 445
20
112 232 513 476 391 178 526 166 291 277 446 386 524 517 469 583 174 556 266 391
20
244 562 437 342 486 468 571 130 129 343 585 430 296 108 171 415 142 147 364 338
20
529 311 307 557 301 104 223 569 206 281 268 355 363 281 328 378 281 366 355 117
20
164 516 335 241 403 518 557 437 251 366 461 538 514 416 206 368 225 438 182 286
20
314 304 183 424 155 128 444 417 513 188 200 571 309 391 276 198 468 485 596 496
20
318 412 116 241 291 185 300 129 159 207 253 545 382 296 350 408 321 301 101 341
20
527 339 344 205 545 235 178 438 456 167 494 118 581 535 313 484 204 448 448 555
20
530 237 315 565 238 293 170 144 420 117 564 498 457 331 542 179 511 416 582 536
20
440 206 125 331 383 336 201 161 324 495 358 515 510 411 257 580 532 486 501 347
