150
20
517 556 294 219 229 470 226 152 194 580 122 264 173 535 311 411 452 109 536 287
20
292 241 577 473 255 465 224 392 501 512 114 309 103 325 284 410 449 549 105 359
20
482 367 315 477 149 156 531 510 100 508 320 542 472 505 133 326 158 146 172 247
20
587 363 153 437 148 466 322 350 466 536 138 431 566 186 169 213 555 354 131 522
20
243 431 211 101 593 155 519 348 359 202 386 556 150 434 531 166 493 217 233 439
20
371 468 504 246 321 447 551 171 473 260 114 431 208 147 232 332 162 216 100 277
20
127 322 452 279 378 261 362 259 491 321 253 135 262 212 171 421 411 226 518 200
20
132 235 391 596 277 277 570 223 259 383 151 474 158 455 549 447 265 528 540 245
20
230 582 355 248 467 228 358 173 472 269 278 205 325 388 284 162 363 354 178 403
20
188 194 297 154 552 517 474 420 455 336 285 582 451 560 403 153 447 553 352 195
20
388 249 474 294 480 342 284 425 141 281 536 427 290 339 366 275 248 447 563 548
20
307 569 332 496 472 540 186 272 589 496 125 307 225 377 580 442 303 217 347 232
20
134 596 254 110 203 162 549 217 487 367 376 186 529 429 357 535 407 485 470 580
20
388 318 379 171 491 130 198 130 551 323 454 485 400 446 599 390 416 361 144 345
20
432 296 397 408 503 581 116 115 126 470 135 488 107 218 487 399 226 368 536 214
20
107 370 250 456 364 371 353 309 564 145 303 143 505 553 264 257 362 521 109 173
20
415 303 311 111 567 178 294 246 185 284 270 559 289 158 324 578 580 352 453 315
20
536 424 183 504 290 582 121 187 472 160 249 184 303 112 481 284 592 498 301 336
20
219 310 167 106 320 213 485 293 175 167 414 169 569 270 313 477 313 254 278 445
20
167 476 517 575 132 409 333 242 430 328 456 353 110 207 317 394 126 562 356 166
20
566 400 344 517 597 287 403 338 218 112 502 100 382 287 531 450 298 288 541 405
20
573 572 536 119 278 581 589 319 450 580 581 173 270 180 307 287 280 593 185 276
20
561 510 122 297 439 468 337 503 558 424 332 132 300 350 179 117 180 243 430 354
20
119 313 286 528 311 490 369 219 103 584 328 433 200 370 357 197 131 152 546 256
20
399 438 583 382 203 157 411 493 424 331 132 429 285 100 419 183 302 298 364 145
20
451 213 546 574 202 191 429 245 260 438 235 280 330 501 361 180 486 164 120 323
20
519 431 403 201 338 193 400 153 560 394 270 258 448 207 544 440 508 463 545 130
20
165 153 270 576 176 255 184 329 177 427 471 425 522 549 393 156 182 157 252 366
20
518 231 294 573 577 278 291 551 595 284 406 107 579 585 526 372 123 401 558 560
20
110 380 362 511 252 236 176 127 332 572 533 300 379 226 414 539 221 252 403 173
20
111 512 183 138 587 493 204 285 508 253 112 474 237 264 459 182 388 291 600 571
20
159 511 424 173 275 571 439 401 553 457 510 539 545 221 292 591 372 451 118 246
20
426 230 554 498 365 584 245 580 524 237 264 464 494 378 298 284 319 293 546 116
20
428 309 415 137 217 305 152 331 172 440 353 427 507 329 349 446 311 574 600 270
20
240 397 542 436 461 367 289 478 473 252 114 591 313 295 488 431 425 335 530 140
20
120 242 349 393 505 581 176 195 202 519 570 192 255 587 375 107 195 531 107 266
20
205 338 220 489 148 312 574 413 421 392 129 354 355 230 511 543 114 568 480 376
20
259 157 282 294 213 312 162 441 322 372 117 213 105 553 408 303 338 193 518 440
20
312 445 263 332 160 473 504 270 561 566 382 392 583 439 269 213 541 514 223 163
20
276 561 569 468 321 251 196 133 153 291 553 428 472 466 516 122 192 148 350 561
20
552 122 153 188 155 381 359 568 340 464 430 102 149 528 272 241 315 290 527 162
20
526 394 174 594 474 360 142 227 372 450 276 321 351 531 245 284 128 493 387 177
20
105 411 522 594 234 473 295 471 229 522 121 567 274 285 104 582 246 562 426 525
20
347 210 154 131 107 173 167 351 115 574 398 516 192 136 175 253 598 305 419 316
20
247 411 140 219 376 538 440 331 137 573 266 425 316 106 155 372 541 558 125 597
20
402 207 208 266 115 464 394 186 468 368 244 426 270 505 213 383 482 422 286 273
20
270 598 501 294 134 120 528 435 290 434 581 476 434 349 164 492 129 107 168 152
20
328 400 498 247 216 264 164 483 129 120 230 104 246 349 346 462 413 427 403 132
20
213 520 138 429 356 544 108 134 292 181 323 205 459 484 160 197 597 121 482 187
20
161 370 291 290 489 168 236 118 164 215 354 123 387 402 178 138 398 160 109 223
20
175 499 240 507 569 209 321 319 220 535 428 591 467 263 339 416 451 492 335 433
20
265 531 539 246 519 377 343 119 129 118 289 220 113 192 125 413 207 225 225 535
20
103 480 493 385 365 593 278 163 319 381 368 134 364 506 127 120 415 509 115 562
20
573 313 254 443 559 341 459 303 590 576 419 237 164 381 571 444 264 224 264 151
20
197 599 161 242 205 383 525 296 537 440 392 261 271 471 115 487 101 404 437 225
20
514 475 584 437 176 260 218 333 522 205 302 465 540 111 546 377 395 304 115 185
20
551 333 564 588 143 180 595 439 426 556 394 222 352 246 390 492 421 473 553 375
20
491 133 146 373 325 273 296 441 261 126 437 434 166 448 139 227 292 356 191 158
20
253 387 501 398 281 575 128 301 527 558 264 306 308 520 145 283 576 473 242 236
20
563 269 299 413 539 220 390 574 175 137 426 429 337 435 216 342 234 550 594 145
20
319 429 398 542 457 269 549 160 283 151 134 174 431 173 193 152 175 340 593 478
20
136 399 265 512 165 180 542 161 545 339 458 133 508 414 454 489 396 556 118 415
20
444 299 117 293 505 536 458 517 164 434 578 363 392 418 310 309 266 169 121 264
20
244 165 352 594 153 562 314 485 287 240 280 132 276 391 510 128 472 356 162 440
20
528 469 148 579 585 443 520 430 394 219 143 163 515 462 223 427 572 413 245 229
20
405 560 557 575 497 201 192 105 168 458 149 532 305 266 191 290 142 533 162 281
20
188 494 443 273 194 116 389 217 231 191 214 407 398 298 387 347 132 387 370 349
20
417 235 465 166 527 580 340 443 547 181 217 261 262 161 134 237 337 224 550 549
20
117 374 387 545 416 590 131 300 470 176 208 268 142 108 467 317 215 408 486 267
20
305 190 376 236 260 189 298 495 237 278 131 258 130 380 386 124 510 359 540 385
20
196 108 298 417 497 225 278 161 547 165 340 427 304 519 227 207 581 556 256 160
20
513 322 361 437 232 111 453 340 300 488 322 299 280 563 179 385 200 372 282 233
20
523 338 554 342 169 530 178 248 455 336 107 529 273 230 583 285 374 533 253 485
20
552 170 292 317 239 287 280 191 326 479 337 183 335 551 592 499 261 357 464 423
20
381 292 443 389 455 174 292 307 417 126 337 441 320 335 333 289 298 531 496 168
20
454 529 181 314 572 394 202 286 288 240 138 289 402 131 553 203 569 498 446 360
20
235 420 593 543 151 496 318 153 154 166 498 288 238 474 468 515 560 503 494 204
20
195 488 259 102 472 424 381 471 289 313 403 137 569 237 252 285 177 376 311 403
20
559 129 114 565 529 537 425 458 196 189 170 401 307 231 279 589 304 496 339 310
20
348 410 434 240 155 296 506 487 532 538 526 115 242 568 556 205 441 296 444 523
20
153 466 238 600 258 263 122 223 361 219 540 494 268 479 103 412 318 127 553 153
20
264 101 261 571 190 436 557 538 301 541 418 279 527 529 405 171 160 135 502 484
20
555 326 186 550 188 552 478 425 526 374 366 474 533 570 307 384 287 161 144 288
20
165 182 549 487 157 378 189 349 224 429 127 573 598 142 579 244 108 336 441 593
20
152 514 468 205 188 501 161 554 408 411 372 265 409 592 488 101 267 354 422 375
20
427 540 158 370 500 445 109 383 253 453 127 457 549 296 502 167 191 241 369 416
20
324 401 432 235 466 279 203 172 425 390 141 368 153 553 376 390 183 515 593 418
20
224 193 448 406 382 315 527 235 289 434 127 201 528 520 429 457 345 277 158 597
20
417 558 313 531 376 206 550 123 564 198 107 118 232 517 382 501 562 181 505 148
20
322 476 481 497 556 551 246 452 534 399 182 345 233 102 203 125 472 232 265 560
20
395 447 470 432 365 599 494 354 460 161 513 243 451 488 236 207 209 279 162 427
20
152 399 389 385 577 289 588 392 223 223 464 156 414 357 546 210 320 560 257 524
20
401 346 319 244 358 463 125 519 489 505 343 547 363 120 260 516 292 446 111 169
20
482 257 248 245 237 419 481 447 152 217 172 534 467 260 292 107 202 120 376 144
20
551 461 487 406 556 387 335 252 414 558 200 107 480 181 253 221 447 370 260 405
20
176 311 231 502 162 180 433 140 243 201 109 338 182 299 476 559 456 279 452 480
20
232 474 514 242 569 583 478 403 500 572 335 558 252 493 235 439 390 520 283 153
20
409 289 260 116 180 172 101 476 154 302 265 476 548 125 489 197 227 205 551 249
20
127 387 591 589 141 207 217 185 135 303 236 223 195 227 157 206 273 310 220 313
20
514 313 193 109 320 169 363 343 361 514 552 425 403 167 111 512 303 182 573 594
20
348 427 216 339 557 424 187 538 528 495 487 279 158 499 366 192 302 216 257 268
20
475 319 222 552 508 256 286 341 489 412 409 510 169 281 415 304 378 537 355 445
20
318 166 445 132 173 356 271 334 553 200 156 214 315 260 200 430 301 341 126 213
20
292 268 524 573 249 114 212 132 448 416 220 289 202 378 544 246 136 505 322 468
20
449 110 431 143 324 214 256 170 313 326 496 358 157 534 421 294 516 597 542 319
20
451 128 302 281 272 454 137 424 149 500 344 591 277 395 324 128 351 465 119 555
20
109 177 182 134 194 311 332 238 463 564 418 424 191 167 439 171 491 135 186 158
20
512 525 223 173 198 365 233 350 414 357 485 445 571 176 229 372 298 565 378 364
20
109 299 310 581 180 142 105 528 258 403 493 115 471 241 415 386 557 184 418 152
20
314 412 130 287 323 558 260 403 202 267 125 507 332 291 161 558 594 531 273 517
20
369 544 334 188 264 168 587 558 527 488 224 318 419 236 522 382 222 163 180 340
20
234 335 543 132 119 438 302 280 285 478 538 459 560 304 145 517 372 307 276 124
20
548 219 362 292 521 536 307 513 409 318 399 525 444 544 139 329 373 201 187 417
20
283 527 488 558 543 513 175 131 462 348 422 487 445 524 434 205 448 472 251 373
20
113 347 406 407 114 348 240 378 257 301 287 451 333 201 565 371 451 266 587 282
20
128 281 478 174 451 220 249 263 352 536 216 368 341 333 553 353 264 113 105 117
20
264 124 336 325 142 536 135 518 407 558 519 476 173 359 487 525 160 386 338 342
20
401 225 444 206 447 478 580 245 304 225 411 303 511 108 243 222 345 475 193 583
20
150 452 105 264 527 266 148 464 559 339 337 245 399 562 492 425 600 553 223 458
20
243 520 497 447 508 391 430 326 302 598 596 444 406 530 583 247 331 516 360 224
20
558 465 325 438 506 467 507 427 519 178 392 439 130 241 163 165 564 185 153 425
20
296 173 314 590 206 475 590 273 301 422 406 443 473 592 320 252 491 449 218 167
20
361 444 535 250 126 222 531 394 354 141 293 396 141 134 574 100 337 247 382 510
20
248 593 262 215 140 573 248 413 265 531 176 275 302 266 294 371 405 320 247 339
20
333 106 182 144 538 322 528 519 576 554 194 564 343 598 584 448 464 301 174 409
20
475 408 272 517 156 514 182 201 594 314 189 287 135 247 230 247 129 418 483 473
20
251 377 498 175 330 520 341 308 103 468 302 222 424 134 529 103 163 439 256 359
20
575 247 123 255 222 373 386 282 246 596 394 528 177 132 317 402 272 538 493 461
20
218 323 575 167 113 166 138 550 559 279 139 533 205 426 405 200 330 140 413 168
20
177 176 119 515 360 198 393 151 482 594 536 417 165 467 365 429 235 176 289 211
20
466 481 500 395 112 126 245 450 427 211 300 430 130 155 246 421 341 566 551 176
20
206 445 362 545 313 591 285 529 423 340 193 524 220 271 418 502 362 524 473 484
20
159 538 409 178 539 262 463 112 226 179 256 470 544 412 425 564 283 145 342 418
20
148 105 585 328 567 584 535 153 176 328 287 375 417 590 286 125 444 218 277 470
20
387 105 149 575 210 268 503 547 259 478 516 278 229 108 129 432 231 182 587 473
20
592 147 237 537 149 321 221 121 446 570 241 362 247 118 182 341 104 277 337 221
20
490 461 514 459 563 172 191 432 547 405 418 522 359 388 581 116 496 480 248 278
20
465 557 179 547 279 551 111 382 473 269 398 531 310 227 320 158 209 277 271 258
20
211 508 147 108 194 363 145 237 489 567 254 434 600 418 356 218 174 148 541 351
20
444 230 108 366 357 120 590 413 217 232 365 129 329 471 599 333 319 316 316 293
20
462 490 209 157 514 332 380 367 368 451 472 155 581 104 443 469 468 327 309 243
20
406 235 240 295 457 274 286 553 464 562 434 103 322 121 446 183 387 114 125 402
20
482 401 343 106 419 444 454 187 116 298 314 481 414 275 380 131 542 457 175 170
20
572 286 352 576 213 494 514 494 416 548 403 516 342 597 456 155 354 234 540 200
20
376 484 579 290 590 452 432 140 416 267 554 447 388 246 275 179 329 464 189 548
20
310 276 306 107 433 434 288 575 283 280 436 129 507 312 415 202 485 170 483 340
20
105 245 544 586 224 215 484 148 332 428 198 160 208 431 518 255 598 325 165 542
20
534 597 442 567 114 258 156 455 565 128 295 263 130 582 266 527 581 500 310 512
20
299 192 188 488 382 331 268 156 356 136 424 426 275 215 314 511 102 301 146 407
20
275 228 276 600 274 312 208 237 318 152 201 361 496 339 134 474 447 321 426 358
