150
20
461 496 118 431 164 528 600 275 339 213 144 213 259 419 213 436 246 517 219 372
20
511 157 566 594 255 340 239 264 488 529 403 462 539 400 402 415 153 355 110 345
20
396 472 214 260 173 458 419 577 338 403 344 422 411 176 215 184 256 473 434 416
20
323 451 478 575 243 471 370 360 166 384 521 391 157 559 242 433 245 549 104 323
20
188 535 449 398 454 491 310 109 398 181 362 216 500 563 340 362 365 437 260 569
20
239 347 496 140 498 261 325 597 375 289 401 428 334 110 297 235 411 550 167 121
20
185 460 368 266 408 185 581 481 181 369 243 326 302 107 386 243 383 537 511 309
20
324 220 153 448 373 247 302 435 554 383 126 396 474 231 220 203 341 514 275 557
20
373 104 558 381 546 592 531 207 394 149 388 164 316 592 438 523 293 444 242 435
20
117 187 119 166 269 219 129 198 486 494 550 394 391 331 478 454 565 201 179 356
20
208 208 392 494 583 409 362 188 513 167 378 222 597 459 361 182 190 489 573 148
20
599 298 293 493 554 334 223 114 296 542 553 405 566 181 424 203 562 109 341 499
20
527 453 472 176 110 299 224 460 371 190 394 418 598 308 295 155 590 323 159 452
20
251 368 276 255 219 598 212 568 509 198 600 255 382 321 192 559 228 303 543 121
20
141 264 321 576 561 478 314 226 324 512 419 162 318 540 261 245 104 202 171 374
20
134 410 453 496 350 452 308 230 472 385 592 597 102 215 121 215 556 252 217 600
20
381 267 323 518 472 251 217 599 301 418 240 250 600 156 584 561 117 589 309 149
20
339 156 100 233 542 342 272 130 455 260 531 476 224 535 348 410 249 236 383 156
20
499 208 154 401 467 526 172 529 386 559 153 364 397 121 312 579 201 214 390 198
20
159 348 120 298 176 163 475 596 432 286 299 567 502 569 360 482 206 259 236 449
20
438 458 541 277 498 210 445 191 600 371 442 314 122 387 271 278 392 516 438 414
20
297 161 417 517 421 561 285 473 238 465 361 313 455 573 361 249 272 490 458 146
20
221 590 566 106 429 217 200 331 360 391 449 427 476 409 439 563 561 558 130 299
20
562 426 180 452 564 585 115 185 298 492 426 236 477 366 504 410 274 553 215 143
20
476 281 527 283 502 456 586 514 179 139 485 171 189 517 580 262 206 173 138 393
20
357 352 156 330 489 128 380 203 254 378 287 596 399 296 257 102 284 329 499 236
20
136 167 531 330 180 426 226 360 592 548 148 130 155 573 104 340 224 210 341 346
20
210 364 577 505 365 286 292 559 266 297 196 518 276 563 220 552 214 308 264 127
20
483 230 189 141 205 444 109 282 407 114 166 515 331 443 205 164 107 502 167 167
20
262 579 562 291 586 586 207 463 162 400 548 165 161 209 296 122 229 387 176 190
20
366 308 209 451 570 134 415 199 525 292 431 453 151 201 298 330 348 351 387 217
20
535 458 196 578 475 378 441 581 367 583 190 224 457 486 414 243 174 538 544 115
20
225 242 335 128 449 171 364 516 578 342 442 371 139 555 361 381 359 363 502 285
20
313 420 185 527 497 525 304 100 282 200 594 419 554 241 345 160 220 303 322 157
20
590 262 226 559 316 365 494 151 561 582 253 269 447 119 534 374 494 457 362 576
20
328 419 113 269 556 597 464 380 157 184 598 184 328 439 527 410 547 261 488 187
20
277 201 295 538 348 597 109 387 587 568 584 275 352 584 268 151 206 382 592 283
20
508 592 411 310 210 591 464 211 350 582 339 221 130 340 574 544 433 488 203 432
20
338 217 148 423 459 505 355 141 528 118 297 180 413 298 132 517 456 483 359 402
20
583 148 407 380 572 552 340 527 200 396 557 293 525 429 220 199 473 261 380 130
20
249 312 150 233 265 235 548 345 333 415 374 229 121 245 137 444 227 113 481 417
20
328 396 258 204 502 203 187 520 130 356 210 106 329 457 209 178 152 343 335 262
20
414 409 215 239 329 391 349 469 497 480 569 192 551 506 537 540 417 402 443 196
20
369 145 186 525 288 355 323 239 404 450 161 360 335 213 289 104 552 487 298 501
20
338 243 584 159 342 232 313 416 111 433 354 448 212 201 543 143 250 102 162 102
20
582 568 197 532 276 567 193 372 391 241 422 221 577 508 412 257 586 198 171 553
20
598 462 121 327 452 402 126 177 234 280 205 546 125 176 257 285 118 234 249 216
20
150 476 103 274 385 267 425 494 299 514 350 225 307 508 293 229 221 560 257 326
20
349 188 408 401 245 212 132 151 553 135 403 267 579 436 592 279 424 483 134 367
20
293 492 334 431 142 587 189 248 551 154 120 438 386 316 139 145 318 406 142 597
20
515 418 573 138 437 290 198 222 594 369 491 230 533 334 287 484 553 221 548 131
20
579 118 432 392 231 539 345 554 481 478 310 544 368 345 432 544 349 197 292 450
20
523 204 307 212 353 557 362 429 447 476 450 378 426 372 345 178 363 367 402 182
20
307 191 483 120 533 377 447 224 200 553 225 396 301 350 562 454 130 321 250 137
20
414 194 181 410 208 357 386 221 175 329 586 131 234 478 536 357 356 236 571 434
20
396 457 464 544 281 336 133 257 300 438 162 194 376 341 342 411 209 136 539 494
20
569 287 375 255 431 459 412 598 457 516 509 341 432 446 467 298 374 429 108 123
20
141 114 597 323 260 565 572 557 487 478 506 243 572 220 587 596 543 346 234 249
20
397 564 600 320 209 275 379 216 554 349 356 560 133 308 188 507 529 421 437 482
20
428 168 288 492 436 511 170 301 509 426 403 338 403 214 293 260 587 123 511 240
20
436 129 593 375 402 295 325 129 272 166 323 479 518 198 246 465 267 553 504 454
20
516 567 453 482 109 204 174 272 501 252 459 167 473 133 532 356 373 218 280 532
20
339 477 596 497 399 449 133 139 421 484 437 500 256 575 459 274 168 441 490 145
20
388 287 259 133 306 430 496 117 149 214 367 560 476 295 535 262 547 365 353 291
20
534 593 353 512 178 329 484 100 404 264 586 228 154 507 382 366 310 440 264 268
20
209 135 230 413 485 591 114 448 225 197 263 376 260 531 413 361 312 586 491 471
20
470 147 300 446 578 101 550 163 352 403 547 120 389 266 519 509 562 109 364 593
20
581 335 249 276 245 498 383 273 526 567 496 133 572 358 592 579 396 233 319 165
20
198 315 361 360 165 112 307 585 212 334 408 367 192 251 491 107 254 587 501 564
20
489 359 245 312 204 266 333 594 151 417 533 163 467 281 346 400 274 382 500 495
20
333 212 390 124 194 362 293 261 271 501 421 256 458 305 110 346 114 456 282 117
20
454 519 220 539 214 182 331 460 491 149 542 220 299 184 246 469 430 183 379 482
20
192 257 266 452 299 368 325 236 409 355 185 241 553 274 332 515 422 288 476 444
20
537 168 145 249 246 549 432 493 446 146 506 461 118 215 567 341 220 462 462 530
20
138 205 421 253 525 382 547 326 447 232 224 235 417 446 501 596 550 417 371 375
20
393 534 284 265 265 390 335 293 423 241 202 136 278 516 186 512 600 203 257 580
20
321 418 562 409 465 144 300 206 111 260 229 185 523 206 153 233 392 530 444 426
20
212 589 341 386 280 396 347 187 489 312 201 414 117 508 507 399 317 269 119 477
20
328 460 184 516 128 220 127 554 223 354 322 314 315 131 544 517 298 549 338 347
20
182 390 490 587 381 482 135 519 268 376 414 263 529 569 305 375 594 464 356 153
20
358 517 577 255 330 523 277 478 341 198 110 585 257 431 231 586 492 270 433 401
20
564 135 104 217 583 193 430 413 268 503 378 368 221 360 272 360 428 574 309 264
20
553 238 200 140 214 446 329 238 411 334 445 343 449 540 206 208 554 567 459 505
20
578 108 567 186 359 554 101 461 545 379 123 222 505 389 286 199 462 413 565 449
20
235 582 487 208 193 280 467 538 231 427 583 412 509 329 185 396 594 349 245 264
20
424 470 477 188 411 485 128 148 373 216 270 376 484 207 224 235 291 561 240 484
20
403 186 214 541 117 184 398 600 198 433 151 463 300 299 221 207 127 174 373 189
20
431 513 485 398 462 114 105 216 531 499 540 260 312 386 197 383 452 263 597 116
20
317 507 299 523 436 115 340 357 209 224 504 306 494 556 431 144 383 351 445 484
20
250 268 530 460 545 343 138 386 598 549 163 480 404 137 414 402 403 270 196 322
20
544 193 541 360 182 418 299 260 476 153 184 133 363 351 332 581 413 110 246 269
20
272 255 351 311 389 486 366 316 582 477 595 559 440 531 129 447 585 402 270 432
20
589 146 514 598 243 418 390 121 467 555 564 103 380 329 556 503 418 351 250 567
20
529 596 452 179 405 517 130 114 200 173 594 151 144 166 503 120 354 258 443 410
20
306 335 260 516 183 114 261 377 236 570 185 114 378 270 209 298 517 530 373 182
20
480 164 471 305 174 588 589 530 356 431 235 283 271 412 139 451 335 278 492 272
20
278 237 578 401 496 447 498 248 473 325 267 203 233 331 342 448 293 373 565 522
20
387 463 278 202 149 368 410 448 206 412 357 140 404 408 108 356 464 297 574 509
20
380 147 540 279 137 250 126 448 102 557 120 317 381 342 229 400 226 275 239 519
20
336 184 313 299 212 199 125 242 168 417 391 332 233 312 222 112 165 380 462 102
20
499 432 325 511 390 495 294 452 543 133 441 464 493 431 357 538 507 182 566 181
20
351 314 413 447 305 469 483 361 555 579 213 100 374 280 573 121 126 408 556 201
20
566 389 297 116 537 443 264 169 533 155 600 593 376 108 536 319 182 355 355 292
20
144 427 318 421 143 334 219 548 439 137 204 442 191 333 574 329 246 511 495 592
20
202 226 416 118 523 164 420 101 525 258 310 407 552 227 343 396 122 355 573 547
20
353 249 245 584 582 567 413 434 289 156 162 134 232 473 418 237 347 336 391 372
20
299 138 582 114 269 568 429 108 243 101 288 344 255 305 234 182 352 187 370 215
20
591 250 161 493 540 121 100 567 272 116 451 150 356 189 309 538 263 375 345 167
20
379 496 137 465 291 534 434 322 489 135 248 424 416 405 484 540 542 325 580 252
20
285 412 178 174 216 213 264 107 594 286 564 427 300 569 415 224 470 377 285 297
20
417 420 157 381 538 484 210 207 382 243 500 455 556 363 486 588 222 278 548 493
20
433 299 103 325 120 336 284 587 589 504 538 546 214 150 111 262 372 522 491 155
20
125 192 485 358 595 373 367 498 582 321 373 480 109 585 119 182 369 538 531 416
20
540 435 118 499 421 435 203 294 565 162 448 263 438 221 158 104 528 273 453 574
20
501 235 400 246 557 399 342 336 562 437 247 162 415 423 553 245 361 557 209 307
20
468 293 224 280 278 346 581 282 317 493 142 513 327 556 313 234 469 305 191 386
20
335 120 132 557 465 352 209 230 586 111 353 596 179 490 510 124 194 457 270 122
20
425 381 205 515 106 543 470 578 108 151 178 173 534 581 136 349 168 354 314 340
20
371 533 583 322 569 248 580 333 104 270 477 421 377 500 320 120 399 109 434 357
20
226 435 351 530 241 418 524 448 277 522 582 439 112 590 541 218 375 566 126 407
20
184 108 215 283 419 498 183 538 587 287 159 501 231 302 116 155 487 466 453 420
20
421 206 546 365 343 393 490 436 232 153 278 323 405 415 483 195 392 167 123 325
20
350 513 111 512 475 331 179 168 135 367 484 598 524 141 326 355 154 147 373 544
20
477 492 393 496 213 397 408 437 488 488 281 447 593 586 101 142 210 257 477 565
20
173 384 439 423 400 259 593 496 147 151 262 132 195 496 572 144 300 335 144 545
20
248 510 249 465 121 590 333 228 186 109 469 262 294 327 259 227 171 131 538 395
20
261 461 401 207 274 504 113 241 406 175 437 467 358 423 263 247 531 282 371 464
20
292 476 579 291 391 564 526 107 531 499 205 390 277 580 475 499 273 316 515 132
20
218 211 374 585 183 586 499 132 382 422 110 597 201 297 222 384 248 178 438 232
20
570 320 347 467 459 369 366 234 574 470 169 103 199 161 353 157 363 223 282 159
20
484 501 480 397 543 208 325 374 422 534 300 394 341 350 259 167 443 466 198 152
20
556 352 323 158 495 593 148 364 222 555 180 371 105 328 436 520 505 248 504 586
20
208 145 357 285 233 437 309 268 430 547 105 490 193 309 165 575 571 154 494 320
20
589 315 359 197 452 207 161 258 192 348 483 221 597 157 142 208 223 114 243 226
20
449 209 542 499 413 436 309 583 207 248 105 514 237 498 355 115 221 116 486 377
20
116 361 360 283 575 208 360 391 469 138 232 270 581 464 436 469 511 115 584 573
20
148 597 569 152 564 484 386 392 187 277 549 462 476 260 170 262 189 325 205 350
20
347 556 375 478 258 189 151 112 147 265 456 377 171 419 226 193 447 515 309 116
20
184 284 506 265 381 514 477 470 541 354 154 278 352 140 588 522 215 301 501 350
20
217 522 122 239 499 185 493 443 222 197 185 545 152 194 545 384 101 155 418 532
20
233 178 185 255 164 151 308 435 218 391 464 426 309 208 144 351 483 272 508 318
20
466 316 115 105 498 555 527 158 170 320 376 241 229 300 519 579 171 401 375 171
20
253 232 376 513 369 325 511 176 476 337 528 325 589 389 263 133 586 583 239 571
20
145 501 309 375 346 542 150 371 219 351 470 285 166 156 362 577 486 268 422 133
20
245 523 243 286 509 570 568 505 155 356 463 219 426 555 121 114 379 354 212 404
20
438 180 592 101 563 592 245 530 526 391 495 261 579 118 444 532 531 187 470 284
20
275 215 383 144 350 373 126 139 451 487 173 163 246 100 172 410 186 378 382 523
20
284 374 596 246 498 432 262 129 513 116 101 385 258 163 335 214 159 131 493 543
20
530 232 467 404 567 160 477 270 402 225 353 424 373 502 166 231 322 580 199 566
20
203 562 586 343 416 221 265 150 425 287 531 253 132 505 124 487 569 509 470 346
