150
20
499 206 185 137 262 439 579 425 234 287 473 357 403 246 524 426 147 552 287 194
20
254 393 518 468 148 498 221 389 591 477 429 226 274 412 430 510 162 289 299 429
20
579 496 132 233 424 529 298 565 576 495 437 583 227 471 293 178 191 216 367 310
20
266 112 339 510 172 144 268 571 341 462 391 234 194 484 448 600 482 256 404 343
20
591 153 432 381 239 285 102 370 565 167 158 346 202 365 583 477 471 300 212 501
20
524 135 408 495 377 105 512 438 261 307 459 463 354 487 198 518 311 248 544 245
20
325 597 519 298 422 359 405 400 515 465 117 175 386 538 256 579 279 131 465 291
20
414 594 140 503 175 528 442 498 117 180 334 418 552 195 371 108 560 314 308 191
20
564 590 366 240 121 223 506 163 489 520 517 364 421 152 384 559 558 385 207 355
20
139 376 117 492 354 473 389 596 409 157 194 338 120 227 248 436 342 579 146 409
20
118 216 366 126 382 450 245 270 410 477 482 162 557 591 525 280 312 158 180 367
20
318 421 352 237 393 492 588 455 374 428 409 377 141 101 434 370 162 242 184 461
20
216 374 350 205 217 141 559 155 287 198 133 122 435 282 208 427 207 283 378 212
20
434 125 599 170 212 376 311 336 423 505 409 293 327 226 163 573 223 400 315 510
20
295 329 573 220 223 429 279 159 456 339 258 469 450 345 231 309 125 315 543 595
20
290 122 596 600 320 164 457 488 518 500 455 351 551 117 309 333 541 251 298 584
20
150 269 165 567 444 497 530 103 439 467 269 134 405 502 389 383 274 174 521 334
20
336 394 184 196 103 309 228 475 454 349 572 571 140 117 144 462 389 270 298 352
20
597 224 572 217 405 583 522 361 124 490 301 408 338 109 353 115 279 478 495 436
20
146 494 589 261 413 323 463 468 147 151 580 239 240 449 179 253 182 568 503 316
20
243 343 482 371 413 101 583 319 172 354 255 511 271 428 291 246 287 520 475 123
20
570 286 535 172 269 299 207 224 597 109 464 339 237 387 454 492 234 545 311 383
20
202 370 389 386 336 466 526 537 364 186 466 400 578 304 303 410 488 564 289 151
20
272 191 351 554 217 185 542 439 260 163 203 407 529 548 126 222 581 234 393 575
20
374 571 328 411 329 524 434 247 216 262 253 419 217 228 175 162 417 209 276 133
20
256 166 501 160 202 434 146 109 374 183 540 393 296 259 437 207 167 330 136 165
20
309 215 358 145 159 531 501 508 475 542 347 157 541 237 176 423 251 122 514 237
20
403 533 469 587 196 186 464 240 116 471 137 472 502 474 553 135 579 392 226 343
20
242 186 313 191 342 452 140 574 295 251 263 512 458 148 114 514 510 198 194 526
20
279 463 296 490 237 342 294 304 390 331 396 592 520 311 505 186 275 491 162 277
20
189 564 244 103 127 300 552 202 395 469 328 559 231 533 378 153 178 100 188 311
20
265 465 174 366 303 242 150 366 397 211 461 261 405 547 347 444 394 223 413 533
20
211 520 236 461 275 173 524 185 598 472 250 473 255 341 525 365 340 358 283 208
20
379 461 457 204 377 376 221 424 508 493 378 332 139 394 566 479 483 179 431 114
20
286 430 124 231 274 308 138 476 462 477 598 407 512 244 521 402 193 150 179 378
20
584 346 430 225 282 169 127 588 279 347 155 394 416 584 230 286 564 393 245 460
20
370 356 125 212 491 596 402 569 472 332 569 243 335 422 326 448 231 172 298 184
20
489 348 206 211 589 300 300 212 452 323 193 272 545 145 201 485 308 325 429 537
20
342 317 518 175 212 202 379 253 531 303 134 421 483 412 192 580 549 250 340 122
20
445 525 244 392 538 516 311 396 185 389 381 594 589 384 197 160 250 536 549 549
20
424 155 154 309 559 235 204 412 463 199 473 216 553 120 400 510 106 282 553 427
20
516 330 535 439 462 150 282 116 522 241 256 590 109 298 300 426 263 579 528 497
20
271 433 356 185 505 339 160 599 131 171 100 472 133 522 248 450 188 152 404 421
20
246 484 381 432 154 406 292 428 329 332 254 198 261 324 155 330 395 600 362 383
20
378 415 282 119 125 146 572 566 505 392 110 186 503 585 520 558 473 194 501 486
20
280 404 353 111 215 272 174 577 384 310 494 544 369 204 279 208 261 242 439 216
20
348 517 294 114 313 162 363 358 186 577 265 524 415 116 237 358 357 228 359 248
20
291 296 594 429 426 582 306 570 414 575 397 181 375 441 266 431 332 211 372 265
20
260 322 446 304 169 514 452 334 465 233 345 418 470 457 524 110 403 318 569 590
20
431 552 439 575 108 406 375 103 323 140 542 185 488 359 594 439 593 534 590 564
20
468 529 242 220 381 294 324 549 365 462 142 359 392 138 435 298 231 176 101 202
20
405 568 377 148 531 347 159 291 249 107 275 584 130 211 181 408 186 196 203 240
20
153 565 175 321 147 244 129 359 461 577 413 506 310 227 544 155 294 530 457 265
20
107 405 105 580 476 231 363 483 412 437 309 424 551 475 295 369 594 507 413 560
20
559 472 148 546 134 287 509 406 301 582 170 248 541 147 160 163 514 218 424 482
20
175 477 566 298 102 477 424 160 264 236 297 361 437 440 482 309 283 279 187 356
20
269 217 180 132 297 264 460 418 389 454 184 589 361 408 366 416 252 563 202 142
20
361 373 127 471 332 598 188 297 141 150 331 406 341 600 108 338 408 131 324 111
20
446 400 308 340 523 580 593 187 354 362 542 567 476 140 217 590 422 316 346 288
20
550 346 581 344 137 182 570 362 361 506 288 341 515 145 589 413 519 220 472 179
20
294 415 108 593 411 365 472 106 553 564 331 269 435 322 566 233 242 367 433 578
20
254 561 469 238 210 288 345 193 171 481 336 270 203 498 243 260 554 466 360 492
20
414 341 137 508 438 179 246 429 511 386 356 153 433 338 149 554 532 231 456 307
20
341 445 301 486 600 466 545 294 302 241 433 532 546 161 424 572 174 596 496 391
20
100 238 238 218 186 582 387 481 349 428 279 416 176 449 571 257 166 552 477 248
20
165 102 368 211 134 177 540 277 141 509 280 365 236 579 146 523 144 530 268 187
20
159 130 245 228 585 275 472 292 277 568 348 493 369 108 526 558 428 208 219 250
20
594 597 522 598 116 138 183 322 594 245 305 582 182 244 508 243 129 425 156 278
20
325 153 292 336 186 523 529 562 349 229 447 220 501 254 558 481 280 448 183 396
20
470 466 344 266 171 522 270 354 162 302 189 153 254 382 556 539 130 591 434 434
20
479 137 512 116 591 355 585 229 220 414 369 532 361 333 354 485 232 385 353 168
20
363 523 527 456 426 358 456 208 120 203 573 146 131 479 393 228 111 196 544 318
20
300 239 266 409 580 388 236 142 563 455 179 491 573 585 401 340 462 444 417 346
20
322 519 170 377 278 302 101 323 490 402 364 128 574 165 232 487 178 526 151 525
20
248 278 340 159 527 228 157 476 427 471 428 124 124 240 596 446 174 198 534 267
20
268 233 189 248 352 191 311 558 419 537 530 450 281 592 117 415 320 226 174 390
20
188 300 298 254 462 160 246 144 490 156 524 177 432 515 545 102 298 489 148 234
20
544 185 413 410 419 398 530 390 188 515 522 405 516 136 281 305 351 135 544 539
20
355 257 381 215 593 334 187 596 534 236 541 355 395 556 257 227 511 307 506 330
20
119 285 132 326 153 212 263 208 227 281 541 149 240 344 208 119 450 540 269 290
20
106 483 446 206 240 394 464 250 470 101 482 448 493 200 219 578 335 227 182 189
20
318 313 313 314 261 439 418 245 278 106 231 495 481 265 272 541 544 385 430 100
20
513 530 438 385 568 507 228 247 418 330 131 107 553 214 101 513 448 295 450 248
20
459 439 354 106 203 275 534 370 317 465 456 543 400 235 548 560 269 545 415 520
20
403 576 238 180 186 422 378 301 168 219 197 564 524 392 253 435 127 175 281 242
20
520 329 546 117 569 594 300 155 376 547 343 369 583 306 391 583 179 207 556 369
20
242 520 139 358 246 219 202 319 357 501 154 373 233 550 124 250 285 127 571 579
20
249 583 159 277 139 337 537 289 470 351 240 458 345 503 322 157 311 137 134 246
20
286 361 349 526 285 508 573 333 328 256 122 190 423 361 425 491 349 160 442 214
20
538 395 333 298 263 166 368 357 537 229 450 321 195 398 394 435 358 384 249 430
20
572 515 444 109 175 427 525 150 235 211 381 294 590 249 390 451 562 535 519 520
20
139 499 440 303 554 306 292 138 433 185 483 245 384 204 109 416 323 452 281 245
20
395 558 523 512 488 520 598 152 532 379 442 326 439 150 491 556 486 353 308 362
20
136 531 219 375 594 269 317 355 385 391 479 373 284 396 412 469 233 401 550 419
20
113 486 551 513 192 351 600 167 158 184 390 511 159 431 174 146 274 481 291 398
20
437 479 128 570 295 178 446 234 242 443 412 567 585 568 137 213 198 188 380 361
20
554 335 276 445 408 565 160 240 586 460 210 310 171 184 429 495 326 414 556 278
20
420 289 343 292 134 365 194 373 160 393 111 243 253 278 193 328 444 465 524 374
20
591 109 501 349 168 306 565 287 517 568 385 519 491 279 293 329 527 203 478 172
20
320 545 598 447 383 231 267 179 376 112 593 458 432 340 405 267 308 132 197 580
20
158 102 122 496 535 576 391 358 127 101 308 184 585 341 325 540 152 204 457 148
20
356 555 282 551 349 422 499 597 219 576 176 600 268 321 123 355 458 445 502 266
20
584 189 119 295 349 342 559 166 258 154 163 411 308 504 560 310 231 463 315 175
20
240 294 208 518 440 385 528 405 318 355 551 149 488 469 212 305 538 136 405 245
20
446 369 441 549 476 283 598 581 456 224 597 232 586 123 313 227 305 242 227 127
20
228 213 298 524 146 573 519 175 130 145 596 400 314 135 250 366 337 459 574 336
20
544 486 392 146 405 438 372 578 507 247 300 548 296 511 248 519 106 372 105 564
20
307 544 404 504 490 162 522 392 219 117 557 337 194 175 456 530 543 479 134 224
20
527 501 361 568 403 534 137 461 233 239 277 161 484 324 203 116 469 426 178 533
20
536 593 539 553 267 352 172 515 201 452 271 460 333 256 209 451 363 193 510 282
20
200 205 256 481 389 506 492 171 469 596 354 505 102 589 211 503 357 360 217 174
20
474 237 183 272 460 120 220 171 379 327 281 355 339 418 124 566 228 337 141 570
20
332 266 470 257 474 330 330 551 112 472 391 357 260 550 471 320 363 325 265 572
20
523 354 235 124 283 307 179 180 406 434 104 546 446 128 478 108 267 537 531 329
20
288 154 258 246 294 303 464 519 379 517 556 576 137 169 343 209 142 245 220 289
20
117 104 106 598 285 568 381 438 380 189 528 489 322 485 222 149 544 173 485 489
20
220 596 456 277 233 535 398 484 234 322 332 449 221 140 595 399 282 157 201 292
20
316 248 301 247 307 580 172 257 495 163 313 398 490 547 542 559 492 159 441 246
20
239 508 522 407 592 241 213 339 222 526 588 315 471 552 199 316 104 415 175 451
20
197 571 581 239 261 475 322 189 171 384 272 283 328 388 466 415 128 421 501 417
20
517 120 524 152 523 565 359 310 246 181 251 132 462 466 217 510 545 457 140 304
20
182 582 242 599 446 308 248 484 124 202 325 557 433 201 436 178 504 111 441 553
20
218 596 455 295 366 494 174 349 134 368 596 256 311 571 560 504 506 582 167 200
20
211 331 270 569 115 543 571 282 419 529 328 150 202 415 148 223 169 138 599 242
20
285 579 570 259 239 480 290 420 531 312 445 320 370 494 505 332 365 354 246 375
20
382 380 195 559 370 584 385 472 122 471 576 331 423 361 450 164 561 337 255 219
20
226 306 599 174 468 386 442 116 486 375 463 501 370 131 311 492 117 237 195 461
20
548 240 443 202 288 600 310 467 411 303 138 582 566 101 413 250 519 380 228 192
20
186 580 236 579 463 597 103 489 463 152 344 376 113 589 344 396 198 380 402 528
20
590 450 442 231 452 530 553 197 314 560 486 560 325 507 495 123 119 513 181 519
20
276 279 358 448 119 373 134 257 241 386 479 433 169 449 330 470 427 366 594 229
20
135 505 246 192 316 326 434 506 209 580 181 174 132 514 382 235 555 525 373 590
20
414 245 406 321 450 177 573 180 370 577 442 555 500 330 232 576 134 553 596 140
20
131 501 155 530 422 178 553 245 517 371 534 428 398 329 246 449 303 156 448 499
20
592 445 476 438 442 582 366 354 461 482 337 222 234 351 523 506 132 504 312 107
20
141 595 299 120 414 177 253 110 344 144 453 355 118 282 458 188 583 408 138 204
20
568 300 104 390 295 171 591 332 417 275 116 268 267 138 464 202 382 159 190 413
20
451 576 278 261 145 233 343 104 343 185 364 364 308 497 497 496 113 509 480 583
20
250 504 381 453 320 153 548 575 584 587 372 382 193 155 270 136 150 525 457 265
20
569 334 428 397 348 245 146 504 228 455 466 538 455 463 279 181 594 120 496 170
20
551 218 210 419 290 397 502 106 479 356 393 127 288 468 439 499 315 508 440 253
20
477 116 538 426 181 326 283 547 383 418 386 322 566 478 516 600 174 375 503 313
20
225 543 309 467 320 479 161 345 553 270 402 546 479 562 515 344 328 190 256 583
20
298 348 269 557 353 363 556 536 359 243 504 456 406 315 276 139 565 355 116 378
20
364 488 446 576 452 582 321 169 273 240 134 394 323 188 558 503 472 394 123 382
20
387 455 259 281 399 311 427 555 534 492 204 247 221 173 133 476 105 120 346 539
20
310 144 308 491 587 268 212 196 343 406 551 329 399 555 532 292 336 531 600 598
20
540 338 331 516 221 324 404 160 449 104 482 400 273 360 584 321 370 261 379 325
20
559 287 291 382 436 438 291 152 430 282 538 228 304 144 333 359 549 345 407 330
20
123 310 448 165 558 429 595 175 255 303 426 547 541 438 230 574 226 271 305 248
