150
20
416 384 204 426 580 282 252 221 436 169 279 204 277 154 257 243 360 336 232 334
20
120 293 175 251 207 556 204 273 484 384 137 435 587 332 165 594 594 475 209 592
20
352 592 406 185 357 470 118 386 223 203 275 283 351 187 464 254 405 386 589 273
20
190 465 540 484 205 262 532 446 311 132 102 512 149 343 411 211 579 552 245 113
20
488 180 505 343 405 521 577 557 566 111 500 281 446 460 328 560 351 325 570 307
20
148 306 461 330 276 343 332 397 120 391 316 574 260 133 230 456 568 267 476 114
20
214 278 196 424 148 450 267 179 385 197 586 513 296 283 303 175 580 518 526 555
20
536 594 593 267 245 111 468 174 385 143 407 152 272 454 522 357 378 253 321 414
20
435 204 585 464 225 147 448 522 168 481 557 356 292 158 188 506 575 152 241 139
20
103 525 244 404 534 569 309 232 327 587 156 494 466 158 188 497 127 587 582 369
20
474 536 401 562 255 196 244 404 142 265 185 243 515 561 207 314 427 247 231 211
20
125 274 421 518 462 123 499 114 573 438 366 162 481 236 203 167 429 599 261 478
20
408 121 484 469 406 412 328 136 469 120 447 142 170 305 172 436 562 158 182 277
20
288 521 188 219 152 178 125 337 170 592 567 220 579 299 437 423 202 118 358 587
20
548 324 471 133 576 520 100 225 501 103 362 292 485 271 322 205 181 577 160 140
20
365 493 278 284 480 118 568 371 338 165 110 217 103 118 357 175 425 576 377 190
20
154 450 512 242 107 505 509 147 210 302 159 192 432 289 368 245 357 354 413 171
20
470 561 172 199 374 379 599 200 301 219 317 252 285 129 223 164 457 233 306 179
20
222 305 407 294 127 327 343 233 199 402 546 266 304 458 486 567 301 200 595 130
20
504 501 489 149 301 512 377 196 320 105 418 329 564 268 281 104 126 404 451 259
20
448 537 592 159 261 390 470 594 273 304 565 368 147 171 465 192 133 132 232 302
20
391 322 244 524 461 326 395 429 285 587 310 306 328 421 588 123 264 581 468 427
20
319 351 595 532 412 160 432 113 123 218 213 358 519 232 149 168 386 509 285 110
20
146 409 216 472 454 253 516 403 264 114 504 286 155 108 338 522 531 237 458 411
20
534 295 494 126 221 361 481 224 315 362 593 594 209 420 392 402 511 323 442 113
20
484 366 590 389 413 432 413 449 130 361 134 221 113 569 445 375 541 429 257 271
20
353 225 419 386 398 492 578 586 570 212 282 240 400 436 220 364 371 591 398 310
20
329 338 285 443 139 290 389 329 215 242 214 153 418 508 342 363 333 387 529 338
20
480 207 158 412 220 306 386 373 328 257 514 508 369 509 157 366 157 277 597 361
20
173 434 239 497 391 503 139 565 221 580 360 411 337 313 357 333 209 358 322 170
20
256 517 502 262 238 127 391 579 264 371 329 569 457 246 359 497 500 278 225 388
20
426 323 100 580 148 115 356 301 208 279 513 554 127 467 164 225 209 449 584 130
20
582 120 549 298 146 379 233 242 108 453 487 398 329 350 557 178 375 228 151 399
20
259 344 474 347 337 375 376 327 507 105 561 321 324 199 162 185 161 354 488 451
20
411 328 218 439 427 301 407 103 432 101 421 200 180 578 184 430 215 544 559 567
20
337 132 565 318 455 293 546 538 263 466 301 241 105 449 140 380 417 189 221 291
20
557 181 463 494 472 122 145 351 331 156 502 376 392 508 295 121 104 594 345 413
20
223 225 111 502 431 343 586 523 557 299 419 247 405 424 157 364 344 491 471 488
20
485 113 566 239 306 120 462 136 537 498 258 208 223 391 272 531 532 216 408 394
20
509 259 243 565 423 206 188 134 582 221 481 409 558 132 226 214 306 123 260 499
20
115 355 338 389 528 199 246 438 286 121 354 271 525 496 268 273 316 494 444 133
20
131 533 282 135 550 464 234 453 247 118 328 324 452 361 402 450 341 261 211 398
20
470 183 169 255 248 187 237 297 221 217 396 515 505 404 584 377 435 294 327 527
20
233 320 307 494 520 554 119 441 445 348 541 304 331 331 307 177 514 278 596 216
20
128 548 133 252 440 232 574 384 273 421 417 580 346 507 291 139 445 168 335 561
20
283 188 562 190 354 308 108 529 253 364 566 132 368 293 535 436 444 276 251 471
20
561 533 279 475 573 463 480 373 121 346 164 152 130 441 207 498 341 498 180 262
20
483 403 189 453 492 299 369 456 316 581 364 243 432 173 365 369 201 232 209 300
20
270 435 421 126 593 349 183 225 368 344 114 116 423 594 557 531 112 506 372 219
20
193 308 365 184 329 155 122 222 395 486 563 502 145 265 258 597 158 546 558 129
20
506 118 556 582 594 469 338 299 389 376 387 243 232 431 122 586 234 467 235 433
20
276 309 279 292 390 340 556 561 571 387 367 129 350 116 114 307 348 506 208 257
20
324 515 505 564 554 362 473 159 428 530 339 316 535 302 211 528 221 530 100 367
20
390 442 273 269 111 448 555 279 585 536 238 255 404 538 236 244 390 470 551 487
20
121 202 100 569 558 307 100 207 277 210 219 506 325 432 581 322 325 144 341 397
20
564 246 123 213 545 440 276 350 211 282 577 146 140 162 545 233 509 536 104 597
20
117 446 547 132 233 465 251 476 343 146 363 410 403 356 257 327 493 439 584 150
20
222 358 199 575 521 246 402 248 106 318 440 220 436 500 448 512 284 487 244 431
20
334 544 130 446 432 534 304 334 381 529 259 477 429 235 511 567 365 140 417 286
20
227 464 599 181 356 579 386 145 167 494 273 570 142 107 280 379 320 432 430 388
20
167 220 208 599 436 360 330 427 313 494 535 200 302 556 145 451 275 424 190 407
20
448 206 592 409 218 367 427 529 192 446 352 318 282 274 122 135 362 276 322 231
20
405 547 223 444 398 205 185 110 441 157 508 115 341 347 259 380 204 579 482 470
20
215 417 556 242 557 288 573 329 178 528 275 184 571 273 160 261 270 145 281 411
20
119 370 401 286 273 455 535 442 152 116 323 528 188 361 311 291 421 495 235 116
20
431 579 189 469 595 334 454 207 345 409 237 221 265 234 112 139 285 388 159 581
20
229 431 328 558 480 527 549 573 247 468 395 334 406 354 132 309 129 262 394 593
20
470 148 258 465 554 407 280 195 213 176 120 222 185 215 252 499 171 476 156 161
20
576 395 391 140 595 203 518 134 277 439 284 557 150 374 105 455 280 260 156 472
20
170 240 315 282 524 508 293 125 253 356 334 572 288 328 203 467 253 569 272 117
20
167 403 483 250 331 250 221 280 376 522 592 476 239 440 590 265 288 521 283 380
20
187 454 355 396 470 490 187 418 598 260 574 399 540 571 250 546 120 128 233 425
20
272 543 243 204 598 570 426 247 367 381 273 423 206 447 471 592 224 435 153 541
20
129 566 465 552 547 195 440 268 223 428 593 297 299 254 148 511 124 355 287 249
20
149 498 149 529 578 204 358 209 237 553 236 141 472 192 551 567 336 429 599 516
20
333 362 487 172 490 476 141 555 358 323 503 100 215 519 161 410 186 515 493 366
20
308 407 346 264 447 458 261 104 108 288 544 433 192 389 194 570 399 387 535 332
20
287 478 229 243 105 266 218 172 427 134 257 176 563 407 278 513 359 114 476 557
20
462 300 186 340 293 333 491 553 272 358 469 112 150 590 331 292 240 347 558 313
20
398 331 328 538 331 583 581 538 464 434 512 519 337 412 555 220 534 298 371 323
20
331 448 529 219 196 193 468 423 551 285 507 397 153 294 299 268 549 420 122 392
20
522 389 177 529 439 535 404 483 588 597 554 161 458 247 175 215 395 333 126 261
20
441 289 441 134 470 422 260 332 224 477 252 429 413 367 349 425 466 114 185 357
20
155 204 279 564 229 446 326 492 563 302 405 341 286 576 246 530 584 530 259 401
20
373 158 162 275 549 416 482 386 437 560 139 197 157 130 583 469 104 574 216 289
20
274 186 553 446 327 511 210 235 531 348 542 584 101 576 104 367 149 474 337 563
20
345 349 532 206 587 476 107 298 165 174 479 510 350 390 554 447 104 373 535 489
20
507 290 195 160 423 468 102 510 497 448 485 121 403 313 123 459 213 193 241 455
20
318 168 578 360 132 352 497 434 352 450 189 307 422 266 375 396 128 108 178 516
20
345 399 105 304 435 376 308 381 243 537 250 373 582 329 476 563 206 130 356 126
20
418 280 235 384 131 488 410 305 415 567 308 348 538 572 515 520 311 219 179 140
20
460 422 540 271 148 348 344 332 491 242 427 393 534 135 539 379 341 221 316 538
20
457 337 277 550 436 136 214 543 325 205 436 476 463 200 362 402 282 168 172 372
20
549 251 197 564 356 439 131 372 582 463 348 574 220 509 140 169 356 558 240 311
20
554 574 314 207 479 443 293 369 470 230 558 571 219 262 145 114 364 465 358 211
20
298 398 533 318 250 575 556 406 395 253 129 160 595 118 400 304 531 487 455 169
20
321 395 411 267 147 259 587 485 348 442 425 417 141 303 462 366 540 578 168 541
20
336 590 216 135 102 276 564 580 411 383 464 365 550 169 220 108 400 349 437 512
20
100 219 193 305 560 140 461 398 395 162 589 361 440 529 179 334 152 506 211 593
20
480 246 401 408 226 345 293 541 538 164 309 346 380 366 176 123 231 515 413 173
20
539 195 527 481 402 407 104 255 493 258 479 422 375 244 216 532 479 515 461 170
20
284 491 565 394 160 540 268 521 323 356 298 190 257 248 335 396 129 177 274 304
20
255 326 426 292 306 205 496 457 183 142 141 363 549 566 468 155 515 147 155 374
20
474 558 112 196 414 555 364 289 399 273 374 365 275 434 134 111 225 217 559 309
20
577 376 546 419 355 288 569 549 357 568 177 153 214 355 305 382 320 286 463 107
20
214 310 430 338 276 388 423 258 168 179 508 194 136 445 441 575 290 180 167 263
20
569 142 189 578 204 406 391 121 296 132 524 221 327 555 327 388 532 100 307 388
20
434 290 293 308 471 476 182 221 207 336 100 353 491 543 484 329 534 472 532 363
20
542 214 244 505 582 465 238 420 345 518 272 110 561 255 500 138 248 131 114 300
20
521 382 336 143 506 389 449 283 251 250 233 514 182 516 147 143 390 520 255 386
20
120 554 511 125 474 583 193 389 503 317 349 181 484 101 328 168 572 311 304 176
20
204 366 447 449 589 225 322 261 115 533 106 538 460 208 520 485 305 506 347 477
20
570 132 475 311 499 150 454 158 382 313 420 600 427 354 347 247 589 534 469 526
20
570 244 118 492 408 505 278 419 561 530 466 296 263 575 478 554 577 198 300 344
20
120 542 103 567 350 575 267 178 540 246 251 345 106 587 396 405 546 483 356 455
20
585 555 400 328 456 575 361 427 226 567 157 309 329 398 337 315 112 532 451 386
20
288 357 503 393 298 484 313 185 102 444 461 227 478 378 421 390 596 510 265 394
20
481 181 496 231 188 228 111 122 131 285 519 298 168 373 121 135 481 482 486 205
20
463 215 437 580 481 298 413 182 578 598 471 102 144 489 172 567 198 241 454 242
20
230 418 427 534 505 178 582 435 344 293 309 449 308 483 208 370 527 497 568 103
20
575 476 384 462 230 278 260 212 370 433 429 191 391 535 585 331 130 520 220 333
20
358 193 125 518 445 433 297 497 165 537 511 236 525 182 492 516 427 454 305 144
20
202 323 301 100 158 168 436 207 384 552 469 251 246 449 240 471 578 179 550 458
20
197 172 315 563 416 518 195 227 481 498 121 375 417 502 155 569 413 163 227 107
20
464 444 505 474 419 426 451 503 119 325 590 456 313 280 190 396 286 461 439 438
20
407 254 310 431 315 343 540 332 557 164 102 231 432 421 580 523 339 242 113 370
20
428 271 227 596 353 304 217 299 348 538 185 319 422 339 580 589 600 473 166 444
20
308 345 371 497 381 138 338 576 581 144 193 448 144 592 574 210 392 535 393 524
20
574 128 400 344 346 549 409 478 314 255 305 303 248 410 600 247 510 288 386 413
20
262 178 438 206 501 332 128 190 391 444 246 146 354 369 473 394 421 343 240 507
20
301 222 159 332 440 145 439 116 507 558 503 553 442 354 384 430 209 151 255 308
20
309 315 438 380 504 168 431 152 543 100 128 563 520 303 350 518 165 204 460 221
20
171 449 519 384 118 477 491 498 437 528 217 428 262 509 184 398 361 303 571 308
20
363 179 229 501 466 328 409 428 501 331 104 207 502 168 435 148 517 469 297 181
20
567 185 585 501 487 306 173 577 248 413 146 452 517 276 235 131 123 451 214 533
20
515 348 566 147 486 419 293 382 547 264 275 194 157 392 177 491 451 374 237 353
20
538 405 333 158 246 200 193 552 158 402 595 395 383 392 234 125 345 125 565 583
20
359 124 340 342 328 446 296 308 433 141 591 156 486 517 417 265 225 509 169 366
20
587 140 484 279 446 308 244 221 468 344 583 468 107 384 354 473 579 589 249 210
20
224 460 246 245 222 144 358 550 290 412 374 549 111 323 595 306 193 101 551 143
20
121 171 548 436 177 473 142 183 295 567 112 344 253 413 385 487 244 279 156 263
20
269 101 514 245 420 556 168 104 442 321 433 259 437 215 198 471 229 548 263 554
20
353 434 390 174 140 585 479 407 507 199 572 327 280 406 378 153 482 393 226 133
20
441 120 285 352 147 543 171 567 563 192 291 517 551 103 444 464 104 304 382 273
20
122 210 287 573 182 307 598 269 376 471 560 292 262 421 153 552 387 521 570 405
20
559 166 180 303 240 546 141 289 542 220 194 273 113 546 473 401 299 306 204 400
20
322 341 159 262 133 229 596 336 461 582 504 224 437 556 119 346 205 139 152 200
20
160 504 452 576 292 145 294 286 302 169 577 242 497 550 552 264 255 397 524 168
20
554 375 582 123 414 234 264 563 452 348 117 134 390 364 210 178 206 259 532 116
20
421 287 533 246 283 240 460 364 389 436 177 490 157 100 573 155 114 532 454 546
