150
20
589 236 551 417 410 219 159 355 407 548 329 480 553 375 252 101 102 342 481 455
20
552 202 444 198 153 579 136 173 259 285 103 342 502 487 124 401 430 200 514 491
20
579 527 506 493 600 466 574 324 337 517 214 388 265 495 390 136 236 364 212 292
20
280 288 127 332 500 444 276 413 593 213 164 128 197 422 366 438 413 307 445 177
20
566 423 131 523 440 348 477 230 482 115 491 427 237 594 518 597 459 318 376 390
20
115 203 472 467 412 256 599 581 204 501 584 488 283 154 168 529 168 231 365 584
20
355 343 235 584 489 451 216 287 226 590 514 154 342 545 293 108 479 416 119 103
20
578 131 172 477 355 311 511 419 240 283 523 355 404 377 416 585 554 394 456 471
20
569 117 490 499 411 167 485 484 189 261 158 239 400 358 233 316 295 266 469 230
20
341 356 488 156 572 419 498 266 528 591 367 210 233 242 554 516 323 272 377 309
20
537 524 206 525 572 109 294 370 434 297 211 429 363 158 224 436 443 498 396 379
20
156 578 310 158 494 242 156 255 324 223 288 492 191 518 557 274 480 413 415 234
20
546 379 486 155 287 251 225 272 535 164 221 503 105 252 289 159 355 263 326 324
20
336 283 136 393 335 178 543 529 489 490 390 490 328 201 582 224 371 457 303 160
20
153 261 444 297 177 199 541 485 268 229 156 594 524 435 545 462 588 240 180 295
20
228 449 244 287 377 258 295 545 539 131 440 157 135 517 107 145 327 145 129 481
20
168 166 256 441 166 463 236 270 593 307 540 178 578 468 208 178 268 263 295 463
20
354 111 497 422 133 251 502 361 159 350 208 190 195 597 346 511 187 131 408 180
20
501 482 417 128 176 194 240 239 445 192 121 160 215 582 312 208 161 245 252 431
20
194 590 368 289 555 453 507 463 238 559 135 236 146 195 347 547 586 588 596 135
20
238 468 599 210 551 330 257 575 159 210 442 462 351 468 273 156 508 187 160 263
20
228 400 166 413 487 130 228 252 562 168 160 401 534 403 177 375 497 312 292 344
20
348 479 140 455 415 325 181 535 328 134 174 344 208 120 301 142 250 480 494 156
20
136 237 355 526 573 542 232 134 198 281 541 112 551 352 473 267 118 382 267 422
20
358 138 319 451 494 297 466 398 298 432 309 275 311 190 122 354 149 553 357 515
20
176 552 506 164 569 453 139 249 118 210 259 441 302 269 213 143 497 510 405 528
20
207 514 264 295 558 370 406 171 135 394 311 577 181 530 473 344 546 509 438 222
20
299 133 391 449 138 521 308 268 222 580 491 116 214 467 367 205 276 410 102 399
20
317 476 270 176 260 259 578 159 556 246 245 567 460 275 257 417 134 415 352 249
20
403 220 170 487 190 584 262 380 162 126 459 284 523 228 362 249 347 161 498 354
20
158 175 139 248 322 342 428 295 575 137 150 166 257 357 420 455 569 108 477 352
20
214 463 442 229 185 573 358 560 385 150 571 435 582 325 562 431 117 404 422 551
20
151 400 588 587 530 560 292 526 419 166 455 291 170 186 136 271 580 527 207 347
20
242 212 595 382 467 207 536 305 166 476 438 155 302 310 181 342 310 579 522 546
20
468 327 224 359 295 170 597 178 335 564 591 466 576 499 470 113 256 281 516 349
20
248 381 281 124 438 122 130 396 260 594 120 235 585 203 298 591 576 435 586 555
20
296 445 185 277 396 442 277 398 184 110 303 512 167 330 102 244 451 109 561 218
20
519 522 288 523 573 162 427 374 402 312 204 421 103 142 150 478 260 369 219 125
20
153 175 246 581 400 527 315 277 396 446 199 228 322 110 164 120 134 381 179 324
20
419 363 128 342 328 302 597 196 160 131 437 592 152 313 420 552 317 322 464 533
20
187 327 544 545 477 521 348 363 231 347 399 397 379 441 553 331 114 291 369 384
20
576 375 122 377 122 493 320 445 130 496 367 336 544 260 394 485 350 454 538 276
20
400 576 151 486 221 403 383 316 510 369 158 479 338 187 131 384 454 105 197 139
20
558 276 589 480 539 596 387 270 187 369 414 463 163 391 554 258 386 579 194 215
20
571 465 216 122 368 254 454 344 477 405 198 173 263 342 286 378 308 421 452 384
20
514 351 376 555 517 600 414 329 476 443 436 101 286 138 281 314 298 107 277 243
20
151 317 416 381 159 581 454 238 313 389 230 148 173 265 242 423 277 421 305 356
20
261 424 482 404 366 159 529 362 556 292 429 290 523 111 246 488 513 178 455 281
20
487 142 523 408 193 418 518 432 473 289 173 570 122 162 119 499 316 570 253 328
20
116 370 395 529 159 185 284 309 330 443 512 509 459 454 371 127 266 101 283 470
20
483 359 198 374 220 233 187 442 517 280 422 580 408 403 108 152 306 192 111 102
20
397 349 317 422 255 370 153 403 124 140 462 310 542 106 561 280 200 356 378 152
20
530 461 467 145 186 307 342 357 582 306 590 116 482 136 159 445 588 305 102 490
20
455 325 202 378 328 122 465 158 433 138 529 308 426 474 357 454 353 281 173 272
20
165 576 212 380 217 395 449 523 365 333 455 123 600 385 432 156 231 162 590 551
20
295 379 124 233 222 416 248 505 199 168 195 578 595 222 172 153 233 264 473 460
20
381 325 326 429 376 107 101 521 341 320 194 446 264 358 251 274 358 122 100 109
20
300 575 564 129 500 141 455 183 239 329 516 509 238 556 105 131 375 494 439 237
20
160 104 522 262 304 107 411 305 250 314 489 250 199 282 189 286 599 243 396 117
20
550 124 240 553 466 450 110 512 517 543 588 496 133 499 333 523 383 158 221 481
20
139 213 403 319 316 275 532 133 443 253 520 275 579 105 381 261 377 302 123 518
20
136 486 452 342 582 508 168 478 381 118 515 540 540 213 263 581 529 122 535 239
20
144 576 511 278 545 598 265 198 450 350 158 155 335 553 157 547 497 143 248 162
20
122 201 486 477 382 528 493 520 454 100 528 408 492 486 316 162 131 389 381 110
20
454 162 532 284 368 245 539 273 394 373 547 133 376 537 163 384 584 112 114 301
20
138 461 221 161 474 282 382 550 459 426 132 361 278 369 517 404 257 156 103 578
20
362 157 593 543 575 385 388 215 483 112 589 367 556 342 217 421 318 499 107 262
20
240 546 336 418 195 170 502 165 175 468 429 157 534 314 410 120 549 118 431 371
20
390 155 553 499 437 295 461 417 497 294 384 187 311 226 101 231 124 189 517 488
20
369 476 570 436 291 462 167 349 581 260 273 509 524 387 343 444 358 500 464 433
20
422 534 192 236 502 146 437 203 554 433 119 488 246 193 397 359 495 508 576 560
20
100 277 352 244 448 168 493 196 164 491 311 229 541 292 349 152 144 298 190 250
20
337 136 268 388 533 273 460 429 561 233 427 267 285 465 566 575 251 368 389 483
20
436 260 417 538 431 348 485 450 419 205 317 398 432 471 105 147 116 540 100 151
20
367 442 472 347 201 469 580 185 320 477 473 490 577 371 540 137 374 433 557 380
20
281 542 409 578 444 293 358 596 592 402 241 452 185 484 129 272 141 576 349 301
20
481 410 382 214 226 458 197 324 142 379 371 568 292 261 115 318 410 324 408 255
20
109 464 266 179 472 566 156 227 423 581 419 171 149 317 111 397 587 208 155 188
20
419 563 573 366 371 179 204 464 421 383 253 451 135 290 551 431 582 529 594 348
20
257 563 390 508 434 123 252 238 502 119 325 104 508 224 388 370 265 497 406 275
20
456 307 131 358 467 412 481 265 413 436 512 466 292 321 286 100 328 565 132 270
20
348 261 571 330 209 168 302 395 155 166 161 154 123 569 415 198 409 595 255 327
20
441 320 534 169 211 422 531 244 350 325 467 208 303 541 575 507 128 435 408 465
20
142 117 508 387 319 573 184 247 525 526 526 467 364 330 581 574 269 102 164 419
20
215 100 485 204 391 259 273 539 419 271 112 113 135 317 592 562 445 248 281 451
20
599 389 594 296 272 225 228 568 263 240 282 499 245 588 172 128 579 140 221 499
20
462 337 588 512 231 241 589 163 216 536 346 390 334 595 404 214 406 225 133 381
20
228 203 264 399 262 142 600 540 407 527 405 329 178 196 150 280 472 404 511 318
20
569 499 288 506 397 447 314 379 202 215 360 175 279 510 135 457 528 398 149 568
20
417 157 391 227 331 378 256 542 406 395 222 367 266 147 206 408 397 395 494 530
20
220 296 126 549 164 478 110 219 105 381 344 210 230 328 475 281 529 587 524 178
20
451 188 420 352 181 362 483 550 240 433 511 203 162 579 325 452 147 595 111 310
20
281 460 187 486 296 424 425 177 276 574 264 399 456 394 430 457 499 128 330 239
20
417 443 395 401 100 271 334 277 263 457 526 123 351 260 327 464 290 165 275 453
20
362 126 291 222 304 397 384 481 219 209 192 276 181 217 305 573 155 540 574 100
20
222 118 197 269 239 274 353 309 580 134 148 516 533 298 106 409 287 522 236 129
20
140 259 272 399 113 570 400 148 199 284 197 256 584 259 598 506 442 468 156 426
20
598 145 569 502 168 561 303 129 123 338 112 207 345 159 155 569 257 445 178 192
20
401 457 165 261 312 258 535 376 568 444 164 460 237 121 491 590 178 596 431 494
20
378 462 517 285 182 265 256 179 382 374 414 422 473 546 335 179 162 280 500 418
20
479 312 206 283 256 130 459 543 561 180 507 461 592 571 351 157 133 157 521 391
20
457 326 495 569 434 251 187 251 231 259 404 422 569 586 276 156 480 245 314 167
20
240 555 479 512 536 386 177 482 253 313 451 552 260 535 235 470 404 367 380 571
20
367 242 360 474 290 555 203 265 160 477 436 268 119 246 497 486 425 161 285 277
20
367 557 352 203 518 586 496 551 524 499 578 277 112 291 449 374 230 168 261 166
20
373 296 136 555 485 430 214 507 363 418 587 416 347 436 433 125 178 482 565 409
20
441 161 158 433 423 129 332 443 232 482 489 442 481 103 289 419 178 272 194 470
20
321 130 510 160 300 275 546 202 464 375 307 233 436 550 314 174 560 223 327 554
20
221 558 414 485 594 136 306 581 224 542 300 515 510 199 198 285 241 294 202 438
20
498 585 366 452 122 245 217 178 190 154 313 351 413 549 459 220 274 125 300 336
20
368 568 580 491 269 327 488 531 124 145 210 223 576 146 245 107 588 159 589 467
20
176 223 360 336 490 164 553 141 548 331 293 547 130 218 188 123 258 178 405 116
20
306 435 484 285 568 353 105 507 339 486 349 264 380 468 493 251 497 568 292 139
20
583 502 146 166 567 189 249 472 546 391 512 286 422 228 235 459 589 313 540 574
20
496 580 105 542 445 586 194 112 115 420 409 138 363 457 547 160 290 383 190 210
20
307 288 599 519 535 550 596 210 325 576 203 336 273 553 428 100 291 285 202 197
20
405 536 363 537 567 105 520 388 328 549 196 442 229 449 583 547 297 320 419 121
20
456 208 422 122 444 210 404 403 251 223 386 599 530 318 470 296 347 517 371 331
20
595 547 245 110 437 219 330 294 252 426 537 427 509 272 109 128 242 140 277 520
20
129 592 509 135 594 242 308 114 335 359 131 439 292 282 532 484 211 531 334 306
20
139 587 336 449 155 479 428 180 416 238 459 442 166 535 150 170 392 315 139 385
20
593 407 430 410 583 410 177 562 312 564 415 359 242 242 516 301 446 507 213 184
20
476 521 569 313 430 360 593 185 528 324 162 575 444 202 244 486 202 465 109 597
20
451 265 523 249 383 336 600 555 312 270 501 314 597 141 410 562 415 222 498 155
20
561 358 319 297 303 176 363 357 259 288 518 244 508 102 511 435 560 458 169 358
20
428 244 584 590 486 302 202 534 406 571 561 413 236 564 368 349 462 538 582 265
20
207 483 375 460 486 157 407 442 400 121 132 224 406 462 386 320 383 469 359 371
20
355 277 420 181 430 347 401 149 191 123 310 138 285 531 394 349 286 378 419 533
20
519 151 249 515 109 340 178 594 440 289 128 487 519 156 471 175 292 300 383 578
20
343 368 281 557 499 196 115 529 270 380 226 345 201 464 403 131 583 228 224 440
20
538 506 376 135 444 545 170 291 236 553 415 254 213 448 156 394 308 155 101 303
20
575 553 387 221 232 370 238 229 375 572 397 580 305 115 139 114 263 347 358 306
20
118 292 568 568 309 424 294 570 582 558 132 594 284 187 421 565 118 275 562 365
20
121 416 453 549 487 175 155 534 255 387 368 336 360 157 292 161 581 521 109 284
20
368 250 232 539 303 310 354 327 161 234 490 123 414 243 461 428 568 130 103 101
20
401 599 159 424 474 384 588 420 169 157 217 192 408 437 227 212 267 429 377 538
20
240 317 375 555 443 103 321 489 555 394 146 325 345 322 141 359 125 500 114 455
20
318 515 231 308 225 314 567 599 127 277 309 573 101 245 417 408 489 136 293 395
20
245 363 477 554 219 577 381 143 107 177 520 502 294 347 521 540 253 208 353 269
20
550 251 131 425 441 431 294 235 170 310 319 150 280 566 301 430 213 473 203 556
20
592 408 479 259 575 544 347 397 377 485 106 301 528 372 445 150 569 323 118 187
20
493 306 187 169 251 473 209 409 194 208 405 434 320 460 305 461 171 194 342 405
20
440 122 471 411 333 450 267 219 408 246 167 432 259 138 238 268 248 139 583 115
20
124 383 411 316 422 585 326 160 521 360 439 291 580 424 427 481 289 102 572 377
20
378 553 361 457 100 499 505 570 428 247 403 212 350 363 594 401 109 266 333 363
20
543 336 244 517 291 596 182 570 249 218 247 237 131 234 417 403 226 294 397 186
20
470 117 574 554 212 586 476 210 238 139 150 466 600 494 440 411 120 209 506 215
20
532 485 337 553 319 274 587 253 417 105 174 222 405 386 319 148 427 591 548 511
20
529 344 361 390 546 147 238 547 501 530 500 436 337 395 383 347 265 448 236 560
20
365 102 347 265 179 186 202 582 563 412 378 511 514 289 529 315 579 112 412 348
