150
20
482 462 329 230 278 170 460 124 247 350 228 309 272 239 291 247 159 559 296 528
20
182 216 445 447 529 497 282 235 284 479 197 303 446 326 440 430 103 194 317 114
20
508 424 416 127 372 494 192 278 558 368 201 433 177 518 330 497 591 241 361 561
20
452 237 236 208 249 227 159 513 432 569 358 366 112 560 224 437 533 305 125 545
20
242 314 156 498 230 222 562 428 459 510 563 291 142 261 242 578 412 173 198 472
20
395 496 539 406 514 303 109 124 406 344 228 173 398 451 244 553 570 164 590 593
20
278 371 194 483 407 589 236 374 244 233 466 522 505 528 329 153 246 528 570 450
20
506 343 404 408 244 460 149 199 290 572 426 465 207 439 316 415 277 517 351 548
20
531 398 267 576 224 596 218 291 177 574 349 237 334 466 191 263 483 575 530 312
20
554 324 385 130 289 132 574 594 307 216 185 458 179 516 576 446 184 531 515 148
20
134 197 173 259 492 171 251 599 108 217 571 561 289 553 437 274 182 274 336 529
20
441 109 138 255 436 177 111 151 261 495 319 397 567 159 330 528 255 207 402 206
20
525 478 463 103 534 345 178 325 256 159 149 559 573 219 326 319 538 453 360 479
20
574 441 345 364 473 331 106 410 404 139 296 254 545 502 173 129 542 302 459 567
20
327 214 145 406 237 531 383 170 148 112 399 188 229 184 409 495 191 363 315 123
20
398 292 548 218 445 500 586 286 481 255 492 168 106 406 464 250 574 210 582 430
20
289 110 399 203 230 564 236 154 310 323 101 283 114 514 208 222 424 469 248 235
20
347 129 334 495 232 317 476 332 293 287 596 486 589 217 213 169 480 166 451 135
20
379 215 561 413 114 290 401 164 480 190 497 156 355 225 460 416 308 227 325 197
20
369 355 599 581 270 225 566 144 532 349 479 107 101 142 407 124 265 186 179 341
20
251 387 320 522 110 295 314 321 176 424 395 547 202 450 418 288 148 164 332 178
20
527 281 463 164 589 495 272 283 345 204 593 256 174 305 257 259 247 520 185 237
20
392 202 151 184 527 510 593 290 158 133 382 586 536 443 506 213 524 525 483 435
20
260 123 265 348 388 356 592 423 300 284 204 504 209 278 136 279 553 167 452 126
20
478 554 150 310 599 393 499 123 373 199 201 580 421 114 415 255 462 505 465 371
20
508 238 105 185 506 454 530 244 148 299 119 265 499 296 261 126 234 423 362 215
20
118 194 168 545 526 266 342 226 460 359 371 279 107 525 385 331 107 565 277 255
20
371 256 434 465 435 257 138 177 513 547 174 318 417 473 556 348 407 477 111 316
20
318 105 548 116 225 584 279 108 186 494 354 110 217 438 404 284 448 543 442 244
20
274 475 362 418 412 564 429 565 372 384 579 387 309 188 568 268 550 177 475 242
20
222 253 238 159 536 535 357 242 167 246 562 401 548 360 185 505 459 536 506 371
20
153 336 374 276 377 341 281 242 271 251 517 503 450 292 187 264 290 564 580 440
20
274 430 317 411 285 274 362 481 273 514 344 345 381 117 172 170 486 360 107 462
20
278 108 410 595 522 135 540 119 592 561 444 474 253 195 330 161 111 473 417 276
20
353 467 167 492 197 199 172 531 409 500 204 457 542 266 393 436 479 441 155 566
20
121 513 252 348 137 173 454 139 229 592 235 276 436 266 374 587 263 588 348 219
20
372 423 591 381 545 439 195 259 567 455 257 216 556 155 255 225 130 120 442 359
20
417 467 339 318 405 212 279 199 593 297 600 120 373 550 342 579 512 443 409 280
20
375 284 330 428 513 476 274 503 387 120 131 156 516 148 216 342 398 456 516 427
20
260 568 501 553 129 440 570 223 421 286 159 337 193 529 138 557 174 319 362 120
20
505 343 356 187 314 123 240 143 466 217 416 305 350 505 114 553 542 531 394 242
20
265 199 241 541 147 529 211 167 196 411 177 457 278 149 218 209 483 270 104 246
20
527 159 406 245 592 541 384 393 123 236 172 323 112 342 344 488 578 338 176 331
20
549 115 506 600 398 464 200 513 584 177 358 532 386 244 436 338 297 585 230 164
20
479 274 147 542 349 187 341 138 456 526 411 168 148 308 251 486 328 452 219 422
20
164 226 418 238 376 399 406 169 172 257 587 550 575 430 300 452 588 552 141 207
20
257 454 138 422 229 153 110 307 467 348 407 104 347 526 444 512 106 388 499 429
20
285 197 288 388 579 451 403 289 589 135 108 498 361 180 585 312 231 101 116 248
20
389 492 433 447 517 229 243 203 600 505 127 420 494 426 487 239 162 165 189 422
20
323 202 204 480 181 372 360 325 174 261 341 443 563 178 389 477 320 184 329 347
20
249 430 519 216 531 290 417 490 479 201 478 503 387 233 190 531 458 208 597 199
20
110 569 100 264 135 241 316 580 123 479 539 184 218 323 414 542 391 378 179 542
20
406 241 490 109 239 490 320 413 304 298 484 386 471 477 301 247 183 224 270 234
20
417 363 299 118 226 576 147 534 531 215 233 567 294 448 145 359 101 512 328 282
20
380 214 141 411 191 428 389 586 201 592 531 300 346 304 406 127 365 405 157 100
20
295 526 445 303 128 189 301 219 197 151 227 340 474 440 164 158 358 595 430 130
20
284 529 465 574 291 146 263 426 113 415 255 475 228 190 454 385 308 333 374 253
20
115 475 562 306 381 359 252 572 479 397 217 162 548 453 410 303 412 490 340 394
20
562 526 146 499 344 281 147 101 475 150 582 561 147 268 537 175 164 497 115 590
20
590 557 362 105 392 459 319 198 270 197 350 513 459 222 189 521 224 336 261 531
20
273 252 270 471 317 203 101 229 373 270 233 144 319 345 381 280 318 299 387 131
20
265 547 175 297 234 542 129 148 552 291 485 458 386 203 574 300 347 327 319 251
20
177 184 376 486 352 186 317 578 518 359 145 187 557 221 349 593 216 476 345 142
20
366 320 353 500 298 507 209 355 357 287 519 230 110 595 534 491 538 296 369 553
20
517 303 516 363 318 191 515 517 108 596 453 533 547 518 251 597 190 388 598 223
20
333 304 343 245 467 482 527 461 143 231 189 314 438 199 484 221 393 180 307 287
20
404 453 173 498 491 385 552 105 522 345 132 594 561 501 542 356 190 394 158 483
20
203 160 267 162 118 293 481 113 385 268 168 274 534 573 427 282 146 121 342 517
20
417 126 498 339 201 297 575 439 299 578 205 410 502 451 177 160 497 538 542 384
20
280 106 326 258 460 425 430 389 443 567 273 590 171 489 205 350 598 582 579 426
20
315 297 106 450 583 181 127 272 254 243 529 559 124 337 178 238 395 277 555 105
20
560 338 559 323 417 107 239 453 278 217 545 281 554 133 421 295 200 141 496 151
20
109 357 296 169 600 124 531 483 172 206 108 215 395 397 167 407 292 453 561 218
20
124 482 313 349 539 233 343 146 565 540 150 123 472 129 485 542 343 423 600 538
20
498 586 348 268 402 287 119 474 121 235 357 356 230 288 521 274 407 475 584 451
20
141 591 208 110 144 343 512 465 184 210 560 573 298 279 124 339 431 472 502 220
20
359 195 323 261 364 437 314 571 197 524 451 105 557 268 186 448 492 196 330 190
20
571 522 353 222 226 333 347 417 429 366 545 347 587 395 557 314 130 254 537 444
20
392 536 418 537 125 476 378 393 166 239 352 404 556 190 458 255 208 159 151 361
20
261 130 242 567 468 585 316 377 429 142 479 123 505 452 340 129 436 546 220 279
20
191 288 169 453 205 500 431 382 189 201 524 230 463 511 480 450 414 471 376 189
20
108 158 120 139 237 103 498 343 188 554 400 323 428 590 558 252 185 421 371 505
20
116 495 245 438 246 461 203 490 190 431 258 132 338 187 500 433 205 292 393 432
20
177 563 152 251 561 438 179 185 211 371 153 312 187 426 501 551 438 528 171 411
20
555 462 305 196 183 507 289 577 183 129 445 177 520 369 476 440 480 211 409 416
20
332 191 542 198 568 518 271 594 460 314 186 537 168 260 544 457 235 202 592 237
20
572 361 376 258 404 434 282 513 333 248 344 374 132 507 560 251 197 139 502 520
20
482 123 502 102 415 365 344 451 581 121 514 201 324 526 253 581 359 355 215 486
20
432 125 253 294 399 255 559 471 264 541 308 274 256 244 265 551 521 539 556 334
20
228 180 122 383 496 556 587 300 373 467 103 479 224 391 490 460 177 330 105 286
20
207 385 225 366 244 443 254 426 112 346 543 295 324 239 461 509 301 362 170 164
20
210 333 228 386 431 356 124 572 160 367 527 594 561 479 349 536 461 171 452 270
20
600 129 379 441 214 145 238 236 584 390 267 142 104 520 472 214 222 548 284 385
20
575 571 582 310 103 454 371 290 572 405 334 414 219 388 548 508 100 562 381 394
20
495 505 454 158 475 206 135 428 198 230 292 154 205 543 196 297 419 498 257 395
20
165 279 158 232 317 318 135 215 286 222 405 200 472 198 160 467 149 156 586 586
20
274 392 209 118 231 286 153 429 537 593 529 442 505 546 386 583 336 567 240 600
20
468 593 232 267 405 442 397 136 547 235 521 462 231 336 193 180 470 213 189 317
20
275 555 174 285 349 211 245 458 347 262 532 282 529 377 303 457 229 447 519 478
20
150 215 184 361 208 178 390 393 252 280 388 208 372 484 268 442 243 491 483 410
20
553 278 378 451 300 272 369 209 446 426 447 302 290 230 297 248 137 417 214 488
20
365 433 543 468 592 505 214 158 261 146 422 483 440 144 197 565 231 542 307 561
20
543 148 550 351 355 325 568 399 588 529 363 202 214 253 174 150 132 360 487 518
20
362 227 296 437 481 381 274 443 299 372 569 139 539 476 591 437 298 477 273 559
20
321 223 307 315 384 484 440 194 267 249 547 241 174 285 337 101 173 333 341 521
20
460 469 353 358 382 350 479 159 523 391 290 137 494 563 152 218 418 248 300 563
20
114 269 118 209 293 508 297 277 320 284 283 125 152 352 146 454 282 201 407 226
20
189 157 237 285 575 502 516 593 230 515 520 518 509 451 298 554 480 420 284 241
20
187 554 382 214 508 471 273 416 136 240 207 224 539 497 511 400 297 139 492 301
20
562 583 210 582 229 241 234 118 376 202 266 568 406 160 328 289 449 560 446 438
20
200 350 544 178 278 457 234 435 310 577 556 528 420 181 268 190 117 166 189 391
20
272 159 452 473 395 467 259 220 315 505 489 115 334 567 338 221 398 480 599 100
20
408 525 460 586 181 163 377 514 121 130 101 262 553 393 416 556 414 330 576 173
20
300 321 350 270 106 359 190 245 289 170 342 397 569 515 359 473 237 478 174 393
20
407 286 330 181 327 578 227 392 304 392 129 458 216 256 508 524 510 241 568 257
20
164 125 409 303 367 267 516 269 418 342 412 440 322 529 308 345 477 377 153 112
20
444 416 524 468 527 277 426 374 593 379 502 588 592 445 485 591 351 161 595 447
20
250 183 248 100 420 312 473 298 296 128 459 531 576 500 244 579 269 235 446 491
20
139 446 425 467 430 590 108 523 238 142 541 501 317 395 281 483 367 307 327 205
20
323 167 142 293 420 280 565 137 125 140 466 454 406 311 166 116 539 306 590 536
20
225 498 277 127 258 536 600 555 366 290 317 247 125 109 224 366 165 466 484 333
20
473 198 319 415 292 262 579 220 324 452 563 183 107 501 222 565 171 151 141 495
20
216 148 299 348 558 192 125 290 329 387 322 169 146 527 147 527 228 517 430 393
20
157 523 486 390 415 146 392 162 217 237 463 344 193 403 467 531 553 214 557 522
20
201 231 600 315 206 544 487 346 461 401 423 442 533 265 296 347 235 481 322 132
20
492 585 264 500 268 486 220 545 524 462 158 121 549 475 360 475 218 163 268 165
20
354 567 335 566 190 455 358 125 598 230 555 372 480 467 324 535 287 143 479 272
20
426 440 592 575 288 290 163 242 460 587 471 502 359 408 541 247 161 192 142 179
20
231 209 578 284 237 104 583 330 310 298 252 588 115 462 371 545 508 445 447 425
20
534 132 305 150 243 558 328 164 349 339 420 125 505 355 552 255 515 429 130 574
20
156 175 285 180 396 366 187 403 240 595 486 183 327 210 371 508 582 342 157 339
20
367 412 333 458 318 365 456 498 435 125 536 230 173 600 483 113 585 544 575 460
20
351 351 418 144 418 535 120 598 385 440 268 243 354 452 120 321 277 244 155 368
20
282 281 188 312 471 201 210 139 425 581 229 233 400 359 537 398 301 206 144 211
20
565 388 451 260 200 197 256 340 546 502 529 229 584 369 218 543 374 528 272 453
20
120 247 372 336 489 538 586 317 481 460 489 460 330 441 577 583 195 108 497 278
20
122 491 329 400 468 353 458 407 460 340 407 261 306 239 327 468 382 320 393 273
20
309 564 432 120 324 199 177 533 270 449 378 360 528 414 595 423 422 445 165 299
20
269 405 509 557 319 434 595 142 549 528 335 118 500 441 466 255 380 446 556 200
20
568 296 346 301 197 261 469 446 383 170 466 184 230 527 100 390 489 134 511 599
20
260 297 147 498 298 257 371 204 152 127 536 508 541 448 520 389 114 196 236 227
20
397 341 407 325 322 232 395 174 395 181 446 338 365 550 130 418 203 208 112 182
20
581 528 486 296 384 301 307 581 188 309 274 156 600 128 532 259 568 465 312 264
20
310 340 518 484 333 330 572 459 543 375 466 404 207 186 196 243 508 323 323 205
20
268 444 179 246 535 408 220 221 327 263 247 163 374 524 420 298 178 344 224 217
20
478 501 565 424 329 135 245 215 416 408 234 457 356 535 593 274 391 462 156 380
20
101 286 410 497 367 186 572 372 523 252 219 408 132 195 569 224 164 502 589 527
20
479 442 244 593 127 219 196 410 125 382 413 252 319 442 357 197 291 373 553 294
20
219 158 324 301 472 225 580 331 544 418 517 470 420 522 314 598 499 210 324 438
20
207 495 259 541 375 271 329 343 236 472 229 235 139 345 423 530 150 314 128 325
