150
20
118 495 162 180 483 556 424 283 505 199 575 368 574 198 562 394 212 259 167 575
20
264 484 386 188 346 389 317 170 179 184 317 585 356 253 136 267 519 528 506 341
20
360 263 163 582 584 594 335 477 546 154 546 463 555 246 531 360 484 305 353 587
20
389 342 595 249 321 242 130 195 334 513 274 311 111 215 390 351 219 101 551 386
20
105 151 212 356 489 571 196 425 248 475 249 407 109 422 475 342 459 369 494 549
20
308 247 290 522 367 105 395 255 565 554 235 561 530 471 229 540 247 524 268 122
20
339 459 436 263 574 210 285 130 186 176 327 344 142 144 378 316 138 470 486 239
20
584 571 225 539 233 117 378 472 369 241 474 234 452 311 121 546 525 587 258 327
20
496 483 486 546 385 530 165 491 256 589 330 488 242 423 464 345 430 146 251 442
20
123 126 131 431 317 445 356 107 280 193 195 372 122 586 225 313 449 561 445 269
20
319 592 454 418 545 350 122 179 149 225 240 451 418 159 318 394 271 115 320 356
20
237 193 429 356 416 525 192 393 318 270 326 302 325 414 173 278 561 108 587 460
20
526 366 428 337 149 502 403 588 438 297 558 429 462 416 179 172 496 295 435 456
20
368 233 166 213 135 334 197 506 400 486 435 450 523 183 454 153 179 495 182 438
20
303 469 434 378 285 181 330 390 342 121 433 460 499 454 562 428 296 160 216 511
20
214 495 557 534 150 152 465 233 310 551 276 393 315 576 313 594 464 254 526 518
20
406 360 380 219 297 199 369 219 131 527 213 407 599 179 245 295 501 549 264 245
20
599 337 500 495 316 148 251 430 505 476 550 547 335 110 473 124 193 374 212 172
20
147 334 369 559 296 219 266 479 232 182 522 521 531 213 420 323 234 400 549 380
20
220 466 190 372 475 333 384 291 155 520 395 337 352 442 303 268 135 447 180 389
20
134 146 515 296 559 175 329 496 411 326 152 547 400 177 406 520 509 177 374 142
20
477 409 106 189 355 397 452 231 583 214 134 580 467 210 115 152 117 182 513 459
20
224 420 588 388 128 172 494 305 137 188 171 136 473 380 566 424 495 366 210 518
20
473 346 215 598 594 599 408 430 198 367 394 400 150 357 431 382 597 590 192 359
20
570 365 277 435 159 253 382 549 378 273 416 390 490 323 492 476 163 554 446 383
20
114 464 153 458 491 482 489 296 473 458 110 463 480 466 341 117 229 545 411 230
20
561 207 385 242 170 371 294 364 255 526 161 543 143 175 457 155 570 547 400 223
20
549 372 541 111 190 242 283 274 314 187 358 514 131 362 381 172 296 445 339 465
20
476 102 213 467 229 216 442 107 232 242 218 519 428 383 303 410 453 192 247 142
20
127 106 103 157 536 450 330 506 519 464 327 244 190 306 434 337 446 278 454 246
20
425 358 259 232 582 318 256 553 476 386 167 145 456 414 129 135 324 574 502 551
20
469 164 249 574 370 185 215 227 522 312 341 141 456 450 289 387 542 585 549 271
20
384 424 521 513 561 563 475 478 579 511 431 168 215 143 460 395 143 558 295 517
20
249 203 435 559 459 493 250 368 405 302 287 571 238 406 251 480 549 205 530 569
20
522 478 421 194 222 252 533 184 576 299 493 360 507 515 377 586 598 433 233 243
20
599 402 222 296 135 330 279 220 500 514 330 280 314 488 312 446 157 549 384 324
20
284 490 170 396 455 207 346 363 229 455 308 254 590 270 258 288 384 428 134 515
20
171 209 421 162 165 523 432 435 231 487 445 478 137 100 317 387 429 600 292 342
20
133 400 246 352 538 143 509 481 183 521 428 128 468 327 112 574 596 347 191 143
20
467 564 317 262 112 484 568 337 559 312 274 274 350 473 468 110 205 190 282 284
20
446 501 179 387 370 222 462 220 306 530 276 116 571 205 574 446 468 373 589 167
20
241 424 317 372 270 165 498 214 477 326 283 397 434 453 511 418 208 115 437 304
20
199 285 352 478 154 236 444 106 480 416 352 392 147 404 571 267 341 318 220 423
20
438 566 597 436 106 581 407 311 477 296 302 425 138 129 542 467 468 317 447 424
20
208 286 292 317 495 435 208 364 572 418 186 464 566 344 270 577 586 407 363 158
20
125 495 229 581 433 283 192 420 321 347 296 594 214 423 498 146 565 565 306 320
20
382 365 442 167 385 265 338 120 253 191 336 546 133 309 237 439 362 478 166 179
20
478 477 358 268 308 558 306 366 192 353 441 258 591 270 282 538 106 412 537 597
20
183 191 207 462 401 302 123 368 264 246 275 305 566 515 240 399 218 236 175 521
20
450 171 505 197 494 276 293 304 158 112 263 375 347 317 575 211 151 169 127 129
20
103 338 463 196 468 426 186 235 593 232 199 210 363 295 331 219 208 301 433 160
20
259 197 347 279 402 213 463 280 537 378 424 102 188 160 280 183 348 357 193 269
20
593 476 490 448 323 152 218 238 272 340 103 303 460 545 153 355 596 370 533 235
20
576 581 163 496 493 428 493 450 337 188 288 460 280 366 339 424 156 260 560 387
20
323 309 116 532 430 317 533 111 503 220 397 414 494 372 415 494 321 108 285 188
20
536 501 596 595 502 261 439 436 229 306 436 438 129 105 237 552 572 171 512 410
20
260 575 262 195 443 265 168 412 455 170 415 458 148 300 594 223 350 420 581 357
20
250 515 563 582 585 200 426 291 511 228 398 578 544 306 204 217 177 302 571 512
20
509 153 263 433 160 121 136 555 486 568 280 129 193 314 363 571 297 462 208 102
20
200 198 361 221 205 600 441 334 330 529 526 216 287 263 548 301 475 134 245 578
20
353 370 346 512 214 541 506 332 400 473 462 226 554 322 358 317 583 560 293 478
20
121 343 305 131 362 233 153 328 266 348 187 159 486 301 367 254 338 204 392 532
20
508 557 307 248 572 105 276 399 300 537 143 331 111 439 586 330 269 444 339 222
20
223 517 200 414 407 479 537 534 190 149 474 497 413 544 462 255 185 424 289 488
20
440 587 330 262 539 354 271 590 115 302 179 230 211 135 166 313 109 414 163 527
20
138 443 588 286 191 598 522 447 228 309 210 251 386 311 195 570 111 563 400 505
20
442 224 308 192 120 202 373 110 167 186 298 127 101 176 106 101 132 438 567 519
20
175 323 128 519 495 463 407 304 184 361 398 247 394 193 143 269 482 257 189 552
20
322 195 524 392 357 585 306 524 433 142 542 204 177 374 280 492 313 289 207 485
20
415 392 390 276 350 233 579 124 153 462 515 538 495 433 548 503 425 486 473 455
20
451 227 171 409 102 266 372 351 406 131 150 411 358 483 349 218 279 126 302 545
20
111 486 302 553 484 411 206 435 180 491 362 224 118 461 252 548 419 362 136 396
20
301 563 444 281 579 167 393 334 182 155 594 166 572 132 175 514 475 221 594 523
20
172 249 132 227 590 328 121 532 315 133 461 174 567 197 416 599 202 529 320 417
20
548 500 559 303 260 577 473 486 387 333 474 538 406 335 379 473 513 458 463 381
20
381 342 203 540 260 262 376 598 359 289 260 520 250 402 598 418 246 106 130 241
20
154 163 408 171 341 597 567 294 470 303 451 597 171 247 599 430 168 573 392 529
20
563 562 459 281 149 404 484 442 302 307 330 181 333 233 263 172 549 153 261 531
20
257 427 448 256 267 524 160 231 521 418 514 102 229 454 402 593 187 367 204 434
20
502 404 166 291 509 388 237 181 572 458 389 363 122 533 450 322 345 313 156 505
20
459 184 461 490 328 486 545 176 547 553 536 304 391 297 393 424 398 494 532 494
20
308 301 354 112 564 143 397 460 274 446 527 130 390 500 257 154 400 552 227 467
20
564 562 176 556 457 134 371 194 136 189 351 225 193 514 351 356 578 156 587 333
20
576 231 336 568 332 463 229 190 236 374 517 105 257 496 357 144 268 148 362 231
20
283 288 136 389 174 265 399 475 384 212 367 425 598 241 378 531 451 354 563 568
20
510 461 380 219 523 567 269 479 210 436 497 501 129 478 354 436 579 163 534 249
20
122 226 226 295 179 530 442 117 414 330 226 368 381 582 245 240 192 283 562 506
20
432 264 185 580 270 314 470 579 457 170 475 286 248 407 296 374 366 123 397 363
20
102 446 320 476 440 291 326 176 288 475 398 351 575 361 559 416 173 512 600 197
20
205 147 376 393 191 334 174 437 250 130 455 425 531 366 600 103 576 192 573 535
20
256 379 186 523 430 473 234 460 150 157 271 402 544 300 456 490 440 463 552 588
20
394 323 414 500 542 214 112 134 133 465 470 477 458 443 115 383 344 452 516 534
20
204 197 465 359 521 429 404 510 157 407 343 391 482 526 490 513 413 126 418 133
20
157 365 300 581 570 234 384 299 501 401 372 278 348 598 472 109 188 405 228 276
20
274 420 431 311 232 204 508 412 387 424 251 581 171 332 596 312 177 231 235 194
20
107 200 512 257 455 460 323 341 545 533 191 362 509 523 321 464 297 298 598 367
20
401 221 416 536 295 598 199 117 161 374 592 452 281 351 470 189 366 565 111 225
20
189 473 356 266 545 544 462 108 433 274 312 557 219 581 245 170 541 416 480 287
20
189 469 265 466 312 403 376 487 266 471 307 530 539 155 373 360 241 566 126 354
20
520 357 565 245 482 589 521 348 501 432 268 165 356 256 474 153 359 448 171 476
20
312 596 158 173 304 581 332 405 378 434 448 553 269 380 379 504 268 246 439 576
20
104 500 467 570 142 162 245 506 452 351 305 560 356 327 452 409 367 504 380 480
20
312 391 174 160 318 194 255 361 334 507 421 558 254 390 122 509 185 327 263 376
20
438 243 558 499 152 369 327 523 181 117 288 467 284 500 195 306 490 545 261 174
20
480 598 389 556 155 535 321 510 429 131 452 591 456 254 536 522 412 102 522 207
20
458 600 477 453 488 499 555 449 485 174 552 426 287 257 523 231 237 550 544 460
20
372 206 333 175 589 368 304 521 503 231 388 100 566 472 476 553 317 281 576 471
20
313 120 544 119 298 568 468 212 573 551 372 552 190 269 191 422 374 541 391 594
20
501 133 126 600 533 312 517 509 183 146 376 431 528 215 359 198 552 472 108 441
20
364 600 193 231 376 360 566 225 102 313 479 447 395 452 434 178 575 487 260 589
20
527 175 397 334 505 365 558 362 283 432 589 152 516 251 159 246 539 537 413 267
20
597 192 355 198 537 131 245 467 553 343 475 479 388 418 491 407 349 231 534 494
20
394 210 188 235 131 451 196 486 488 437 491 400 505 150 511 458 252 236 195 442
20
264 220 388 523 477 193 190 582 593 144 102 481 402 369 188 119 446 120 351 578
20
427 346 302 287 314 480 379 459 577 293 101 562 232 223 433 107 203 575 355 532
20
140 261 152 196 250 447 433 436 509 311 591 424 337 405 115 440 138 425 284 193
20
550 580 175 398 316 303 354 444 352 150 191 295 456 114 298 100 453 360 316 462
20
568 475 183 121 496 258 350 343 270 537 486 251 114 394 356 415 480 166 319 246
20
312 378 490 445 328 525 552 455 297 519 137 152 271 292 125 363 593 354 165 343
20
501 271 130 249 175 336 466 289 243 132 323 260 486 310 466 418 481 157 313 555
20
562 119 134 397 111 103 529 167 257 239 476 268 519 519 522 592 462 460 294 256
20
421 427 204 199 201 369 329 396 294 135 375 221 213 524 505 501 180 370 439 405
20
187 262 123 283 456 218 334 450 384 559 288 180 332 151 120 372 180 584 412 358
20
492 338 470 359 328 220 527 369 272 389 120 127 306 534 220 542 146 459 164 332
20
365 583 302 108 266 437 177 361 413 379 139 359 424 342 199 167 509 375 589 170
20
182 489 381 447 472 578 495 126 218 424 149 189 587 296 194 550 114 181 286 157
20
202 553 324 397 155 531 194 333 191 428 435 178 430 328 501 491 258 568 329 174
20
147 587 363 175 146 442 368 347 453 568 404 135 309 536 413 556 535 297 575 350
20
319 195 579 472 155 153 500 136 115 503 588 296 131 212 243 452 301 483 300 402
20
375 260 331 521 249 512 515 496 398 165 107 200 248 544 125 530 501 562 413 283
20
432 275 283 523 433 500 512 183 274 394 552 128 486 360 239 104 119 120 432 105
20
509 100 513 328 295 430 564 240 582 580 469 185 287 331 549 140 404 358 232 545
20
357 428 172 275 292 465 270 531 225 501 203 424 375 406 454 595 492 427 119 433
20
377 365 220 117 544 203 481 239 551 401 154 499 550 469 247 460 498 165 226 474
20
175 451 255 352 357 500 280 533 290 581 503 469 244 158 373 495 138 180 235 251
20
168 441 449 259 323 140 115 328 501 586 302 571 388 165 530 331 539 419 519 551
20
511 563 325 337 162 413 271 258 436 297 429 164 527 337 328 306 139 111 203 105
20
595 597 469 459 104 260 581 363 182 176 300 389 318 407 197 112 546 480 467 203
20
176 266 548 240 274 308 483 334 219 194 184 575 522 146 337 367 498 399 375 142
20
439 251 526 577 360 431 348 216 534 497 337 445 311 196 157 334 509 291 581 408
20
475 570 563 541 190 115 334 488 539 110 577 320 443 480 496 410 264 148 148 385
20
232 501 452 542 505 416 571 419 334 271 414 338 555 452 242 428 472 570 353 359
20
191 316 503 468 359 211 225 545 400 296 451 537 264 223 374 349 379 190 195 125
20
149 540 336 433 509 304 300 145 264 300 484 580 426 271 591 547 439 457 348 322
20
486 407 375 231 385 170 456 135 247 279 472 259 448 128 181 213 405 512 329 403
20
128 574 419 196 422 466 424 190 367 356 323 384 125 456 289 217 102 217 537 535
20
383 516 509 495 315 209 203 407 104 187 563 486 172 268 210 302 529 180 573 141
20
130 271 592 425 284 479 306 547 531 589 458 404 315 428 113 162 249 585 191 321
20
168 593 450 331 474 516 439 196 585 483 316 522 530 494 434 200 248 573 409 111
20
311 299 268 570 321 373 153 505 304 258 507 121 491 481 402 473 318 111 499 347
