150
20
423 113 583 308 139 406 298 383 436 465 568 327 153 432 273 504 211 345 133 166
20
434 487 431 144 497 294 150 515 364 182 423 317 316 136 120 571 504 421 459 559
20
294 378 226 461 576 495 219 556 192 146 478 545 292 197 575 279 102 118 596 282
20
519 188 137 490 411 273 214 573 434 522 583 230 442 583 161 350 181 331 318 159
20
324 162 326 304 467 444 387 244 512 558 127 171 254 278 431 193 502 248 574 173
20
326 542 156 150 226 358 138 290 363 486 145 306 507 414 435 307 248 255 578 282
20
156 553 339 589 582 350 396 431 465 175 578 133 100 304 537 312 589 515 252 117
20
555 542 203 439 138 487 427 230 560 158 480 555 354 100 507 401 310 396 141 314
20
369 238 396 151 387 292 165 186 470 482 587 563 463 549 401 155 207 320 307 582
20
207 311 128 505 382 547 130 331 223 516 526 386 395 181 538 549 120 207 287 562
20
183 139 152 556 282 332 140 556 300 108 260 314 392 394 437 468 492 135 501 373
20
126 378 181 273 590 439 133 398 406 443 586 516 457 459 505 237 140 338 455 403
20
383 353 596 118 371 141 310 535 296 352 304 150 382 228 528 531 282 329 121 375
20
533 411 296 440 535 343 186 432 468 306 481 195 393 162 306 234 305 418 196 429
20
263 241 260 324 255 265 358 162 203 494 539 382 385 350 250 179 508 414 215 537
20
103 448 328 358 571 122 106 124 273 290 583 368 254 143 575 450 582 482 190 120
20
404 456 237 199 184 370 530 184 382 294 454 569 115 392 347 493 522 427 492 280
20
584 566 439 319 565 306 509 274 103 522 289 394 442 381 375 129 324 473 473 351
20
187 146 152 347 317 580 151 565 368 326 298 335 156 396 357 390 511 234 203 557
20
508 241 203 432 148 248 368 479 367 579 538 366 111 525 142 567 462 323 451 315
20
511 264 578 382 266 485 368 393 373 548 156 416 547 207 182 130 194 174 290 244
20
149 277 414 451 389 178 475 248 331 455 339 559 124 177 335 172 235 120 191 595
20
237 546 391 215 163 113 327 216 339 544 237 529 341 265 245 416 369 309 287 332
20
452 475 299 552 411 181 197 531 204 315 176 330 362 581 258 353 126 140 488 218
20
360 535 477 445 277 344 110 322 422 533 235 135 333 444 119 262 166 230 470 249
20
113 357 321 366 416 163 477 559 542 240 355 243 333 341 276 361 272 569 563 349
20
481 395 191 527 169 258 530 352 515 447 482 477 218 214 521 205 161 157 451 272
20
592 567 416 562 424 277 464 520 451 185 515 357 497 320 362 223 164 356 344 430
20
491 119 150 372 503 108 367 181 311 130 534 102 527 228 102 271 491 403 226 428
20
479 345 137 457 225 595 508 555 480 179 101 131 283 437 514 477 414 326 248 386
20
435 432 433 599 264 175 279 428 190 559 163 505 353 195 538 373 177 368 421 225
20
572 392 202 120 353 164 467 226 534 398 196 386 559 102 519 572 514 596 522 523
20
300 410 228 163 341 344 209 107 377 360 519 203 409 327 582 529 125 425 591 336
20
574 215 449 507 340 369 274 536 535 379 253 477 570 463 324 442 404 565 153 583
20
383 215 429 121 102 476 278 481 223 194 298 331 217 324 255 156 221 315 502 413
20
258 504 217 136 316 418 260 155 541 562 187 542 164 591 581 204 383 487 353 600
20
147 104 404 165 586 215 131 575 533 438 103 284 253 268 450 136 422 168 141 201
20
142 265 442 497 527 406 387 197 406 210 115 534 216 380 358 566 228 540 504 237
20
242 233 515 545 460 287 417 387 256 149 150 301 414 425 466 152 514 422 180 285
20
327 207 572 194 107 437 307 528 272 299 306 226 498 277 238 172 299 486 355 150
20
401 586 191 269 188 103 399 568 543 321 132 125 249 377 342 111 189 191 343 497
20
443 523 517 326 109 253 537 447 305 259 133 477 449 566 141 101 560 394 220 503
20
204 302 340 441 591 167 448 141 288 158 553 145 386 337 564 535 367 187 575 409
20
552 466 106 371 279 252 209 441 556 545 432 161 238 545 418 504 527 581 233 146
20
501 540 111 161 563 426 547 399 589 151 594 337 196 298 376 577 176 427 218 321
20
535 262 128 227 431 384 364 567 447 475 395 474 446 123 573 481 516 216 109 350
20
411 331 488 597 505 561 234 548 196 436 184 155 136 516 372 146 112 384 227 180
20
457 155 303 598 135 438 466 309 556 196 458 575 538 539 308 288 187 148 296 482
20
460 335 442 552 396 414 478 547 483 218 405 466 419 160 263 587 242 268 141 490
20
116 126 137 225 119 398 311 563 284 511 127 563 355 562 313 385 308 108 200 592
20
524 313 450 267 360 113 516 383 139 240 115 519 407 532 468 556 399 573 377 527
20
583 511 398 246 536 150 320 278 394 526 260 460 487 253 345 521 116 376 505 491
20
194 112 138 369 252 414 418 425 452 398 124 489 211 278 533 373 507 551 154 320
20
524 387 270 494 123 169 508 338 277 583 204 386 149 580 303 164 594 131 188 152
20
142 529 493 379 583 522 455 202 212 242 500 176 376 358 181 552 467 388 140 446
20
472 247 554 236 594 424 476 369 581 506 109 390 519 157 543 289 358 496 493 294
20
209 231 276 519 320 596 544 130 180 252 399 134 149 342 156 512 480 161 320 496
20
262 346 555 592 213 302 574 456 492 302 299 541 318 443 128 225 108 307 538 161
20
521 373 484 534 596 441 561 551 543 293 226 436 241 463 550 131 103 329 379 479
20
442 578 204 164 213 509 517 207 307 386 311 591 355 504 545 291 137 173 106 529
20
537 143 349 347 227 582 225 505 262 367 568 455 535 546 174 549 592 502 268 419
20
389 372 286 203 569 119 197 285 209 592 479 302 311 268 574 393 449 567 487 509
20
175 202 157 532 368 586 354 480 130 137 418 348 218 126 478 485 551 250 224 436
20
166 319 281 572 190 598 595 343 398 491 274 598 597 567 546 480 175 189 284 456
20
234 471 257 190 110 593 290 373 437 396 362 376 580 131 270 406 330 596 589 430
20
199 319 188 320 176 121 482 157 396 253 389 552 406 566 521 467 543 325 129 306
20
485 578 108 127 593 427 163 282 585 590 460 319 188 432 420 113 321 559 371 180
20
552 430 260 391 497 501 476 450 356 436 369 258 336 548 482 302 480 270 152 439
20
595 234 361 401 162 532 135 269 436 133 178 559 183 440 271 127 600 168 249 393
20
391 148 498 482 265 476 397 226 118 577 508 299 288 512 212 594 354 301 403 542
20
121 133 224 518 559 409 541 161 335 339 465 455 502 309 492 134 586 243 498 264
20
425 202 547 542 369 457 151 300 430 205 122 143 290 166 534 596 400 476 192 543
20
389 437 511 430 360 225 149 195 458 210 429 347 447 476 392 485 409 582 229 338
20
293 289 470 110 376 545 496 202 218 205 231 132 589 264 144 557 256 531 411 133
20
369 473 405 392 269 148 178 162 499 227 410 296 523 453 228 144 446 163 592 426
20
378 385 547 314 492 576 167 264 168 126 152 350 146 305 429 172 215 584 540 474
20
318 580 458 512 134 504 144 349 211 535 570 341 510 420 418 269 248 576 512 551
20
290 221 558 511 302 183 529 111 488 372 569 327 111 531 180 253 257 255 377 233
20
145 218 466 205 264 139 365 325 400 183 463 402 131 175 233 195 272 306 369 132
20
465 109 556 214 412 229 422 456 451 115 332 477 415 334 334 121 196 271 590 288
20
548 208 300 252 342 384 520 157 170 121 393 107 585 465 392 169 142 564 365 324
20
494 345 110 278 422 597 275 392 253 199 212 211 592 405 223 488 299 111 515 459
20
525 453 528 206 259 509 169 514 181 473 393 514 241 178 232 316 570 182 226 121
20
162 116 220 577 374 298 474 283 365 426 561 340 535 168 377 292 311 312 512 489
20
238 127 102 427 581 170 422 236 380 108 165 566 239 536 217 465 260 564 478 252
20
356 329 135 577 309 116 311 519 344 106 414 325 196 434 418 194 251 494 390 595
20
520 294 336 314 139 529 306 492 570 446 138 529 479 439 565 182 342 229 317 414
20
585 423 408 266 118 410 355 427 265 532 479 172 463 412 599 480 409 403 502 138
20
300 544 355 339 237 151 476 199 325 498 184 297 201 199 556 193 429 415 393 589
20
578 133 481 422 189 485 270 158 361 455 233 406 386 268 284 462 210 536 108 576
20
113 416 306 508 543 314 408 175 435 305 313 246 127 186 373 512 426 211 221 594
20
534 386 573 204 381 362 143 181 260 555 215 250 315 506 586 339 119 237 112 410
20
300 247 331 120 129 389 103 314 468 366 590 527 552 413 559 459 526 127 287 559
20
564 255 521 450 462 286 295 108 207 573 323 360 188 175 311 198 532 457 434 208
20
462 313 141 410 233 182 200 571 126 449 577 146 227 195 572 253 516 393 413 426
20
125 329 589 451 554 228 597 398 143 437 366 445 302 108 410 221 533 499 213 480
20
513 350 242 203 269 391 406 227 522 351 319 245 539 218 553 127 448 394 329 290
20
458 255 585 245 517 443 279 166 220 344 286 187 303 470 244 541 247 574 145 385
20
213 481 186 244 301 170 283 330 524 338 154 115 107 161 516 521 317 212 374 524
20
197 590 503 235 480 360 481 140 146 421 492 218 243 503 358 378 536 129 121 246
20
577 392 144 585 419 134 485 345 578 482 143 592 120 478 579 127 475 166 182 444
20
400 220 297 388 567 586 125 463 513 579 577 509 570 162 411 395 429 487 506 554
20
246 353 249 242 409 586 333 420 177 236 378 323 471 517 480 208 224 118 298 555
20
487 248 437 365 133 388 474 406 474 371 283 546 549 393 412 398 236 510 333 478
20
216 410 521 291 327 418 341 223 300 319 525 326 205 385 158 356 536 390 285 271
20
396 268 173 446 526 100 301 394 299 548 212 287 127 452 444 418 580 196 162 569
20
432 533 103 524 362 576 513 101 307 400 572 128 239 309 555 234 507 311 402 150
20
362 570 402 348 106 514 504 404 372 365 262 597 201 599 194 402 467 554 408 411
20
248 195 586 162 413 484 277 189 227 559 361 281 297 443 518 108 485 184 161 102
20
285 131 406 113 410 301 396 193 198 493 495 349 593 238 101 503 476 257 163 236
20
175 153 103 332 589 599 585 477 399 554 110 585 374 116 288 490 213 262 383 318
20
505 465 402 533 321 195 541 458 318 172 599 187 120 180 439 422 438 501 356 277
20
419 525 380 417 184 427 534 373 427 312 358 446 565 176 566 439 359 450 571 588
20
208 275 295 139 575 517 395 568 245 190 263 540 306 392 282 505 391 505 352 401
20
495 432 532 505 192 311 516 202 499 163 302 460 372 510 265 558 415 245 309 186
20
249 265 409 150 493 289 526 492 121 279 270 130 402 599 158 463 248 382 535 294
20
416 390 216 333 234 379 581 139 119 138 567 344 394 426 262 316 384 261 119 106
20
217 463 298 519 450 273 471 299 332 291 482 346 361 457 128 175 388 184 483 209
20
595 574 396 567 409 330 446 137 482 320 303 111 475 600 264 203 426 271 351 507
20
582 345 182 197 467 172 279 463 559 446 322 269 392 598 134 126 518 558 521 214
20
528 193 374 554 139 375 354 506 533 293 321 276 176 374 205 289 156 235 361 572
20
545 323 219 225 302 328 290 471 108 204 401 326 415 241 511 408 383 595 342 553
20
211 425 591 478 475 328 180 422 447 339 288 304 518 209 312 154 393 172 334 390
20
161 496 263 406 310 425 487 400 291 101 375 291 198 123 386 239 140 373 524 159
20
183 294 576 274 134 432 220 279 335 349 274 323 189 360 330 508 388 237 389 325
20
125 385 161 481 266 196 204 314 504 334 222 579 335 572 140 194 207 135 349 377
20
463 446 201 375 583 144 251 107 296 406 292 592 579 227 297 174 377 254 263 436
20
491 232 356 308 184 552 597 357 559 142 112 550 151 177 281 188 188 500 486 312
20
336 470 226 257 547 373 156 182 300 176 480 179 559 130 360 500 331 389 344 588
20
201 486 570 311 543 567 136 320 429 368 348 550 429 346 541 450 269 131 526 545
20
451 478 356 455 253 411 181 283 342 562 102 377 229 452 288 319 401 118 379 289
20
174 345 203 331 384 232 490 549 597 553 573 388 167 280 389 135 434 325 588 196
20
205 259 181 573 481 555 320 153 160 499 285 599 162 464 295 398 162 150 244 388
20
526 226 307 277 249 369 115 459 166 214 600 104 386 564 297 440 455 527 269 411
20
551 402 377 561 131 553 126 338 297 161 190 384 116 157 305 414 184 335 560 563
20
501 525 339 283 199 131 290 156 301 431 217 549 453 409 256 372 175 590 410 109
20
192 204 137 108 385 358 150 534 242 578 480 380 557 188 209 277 473 398 301 321
20
433 499 395 436 145 151 447 424 395 366 299 517 231 587 203 586 556 258 441 347
20
426 587 295 465 536 561 348 168 321 370 312 119 411 407 405 321 549 245 597 120
20
493 333 269 178 509 347 246 491 420 427 432 490 502 138 533 159 350 221 165 394
20
162 458 304 135 205 492 518 436 222 328 258 301 181 410 369 558 316 291 362 191
20
136 292 392 579 377 413 327 118 307 235 596 421 583 566 377 132 262 430 501 474
20
591 302 282 270 189 237 296 349 469 294 570 536 331 196 167 146 296 524 354 322
20
379 142 409 139 303 466 583 149 298 597 253 170 543 225 257 132 468 129 278 328
20
153 140 307 421 394 511 232 476 162 320 438 366 495 268 582 525 543 520 538 211
20
229 351 600 224 282 381 176 330 579 217 421 192 169 485 341 569 331 251 132 134
20
249 101 411 430 130 219 440 250 309 474 454 263 299 424 572 594 148 317 230 529
20
272 388 244 164 569 446 168 360 316 505 188 509 403 426 538 158 460 262 457 590
20
402 523 576 397 600 147 239 276 374 437 162 259 384 190 562 307 369 223 537 528
20
175 483 202 510 527 291 266 350 598 560 131 487 579 113 443 448 251 550 343 270
