150
20
260 200 207 503 147 403 484 576 312 204 191 385 268 201 436 257 520 366 102 130
20
156 240 123 148 116 268 317 195 469 280 316 163 149 491 171 469 573 498 528 289
20
171 229 229 171 265 148 461 312 365 546 274 389 599 323 477 212 149 508 556 348
20
594 350 111 452 600 192 424 320 103 194 132 220 346 557 258 180 564 373 213 292
20
516 120 383 392 210 497 117 447 386 209 453 516 326 203 183 196 524 568 406 145
20
484 134 220 259 488 474 313 431 201 413 381 361 534 399 307 519 172 345 153 109
20
487 106 300 437 181 192 455 224 203 139 427 364 471 226 192 317 278 537 250 219
20
275 147 288 376 221 585 119 547 307 153 563 534 531 476 548 384 201 432 106 544
20
427 469 202 186 392 312 476 221 448 284 581 102 281 212 121 570 257 532 199 255
20
514 386 382 563 328 583 589 476 593 315 381 275 525 185 236 441 525 494 545 370
20
237 372 163 335 461 337 426 556 493 332 322 361 363 289 179 414 392 278 559 565
20
117 482 220 443 339 490 339 121 535 270 402 173 506 165 401 452 395 115 292 360
20
307 452 466 331 359 410 153 203 346 276 278 410 277 325 242 173 392 561 105 561
20
274 115 208 327 202 388 105 269 316 392 360 558 413 379 364 286 306 546 538 541
20
236 509 332 405 381 288 521 185 148 170 498 224 592 474 496 224 498 203 266 549
20
443 100 404 263 451 593 487 566 409 474 311 493 288 125 133 261 479 401 257 358
20
135 127 381 427 436 577 269 429 468 272 495 224 478 476 307 174 232 438 147 269
20
253 145 166 325 188 466 332 493 395 376 595 207 461 287 126 486 343 488 382 343
20
318 590 213 280 477 190 443 187 197 407 377 443 301 161 553 158 452 269 290 459
20
218 442 171 134 560 559 508 189 184 392 260 384 297 502 127 201 235 135 442 309
20
597 244 150 571 462 592 543 540 261 289 402 302 564 447 361 254 159 461 464 436
20
499 272 399 479 117 274 255 284 376 402 536 361 331 448 247 113 277 520 216 212
20
561 243 349 226 494 237 578 203 582 354 521 594 355 119 251 532 234 497 505 586
20
345 568 499 162 597 408 267 520 578 138 181 389 451 116 282 314 251 379 376 371
20
176 499 367 490 143 419 323 203 256 309 188 582 268 223 174 569 532 571 130 457
20
124 336 513 561 479 216 580 413 482 439 351 390 581 449 534 345 170 366 235 482
20
281 502 473 320 140 215 351 268 491 236 144 437 239 278 562 194 323 472 370 109
20
539 165 598 534 492 127 100 257 575 299 228 154 124 559 128 152 594 516 226 316
20
501 194 257 487 117 141 342 326 418 142 147 248 557 573 326 189 329 350 331 543
20
113 539 126 147 430 361 289 232 503 465 523 525 571 107 594 274 485 313 127 195
20
121 321 154 398 489 577 385 398 349 464 374 506 361 128 423 122 130 140 402 550
20
397 160 430 316 438 175 581 365 489 141 345 285 553 196 206 356 291 447 169 153
20
175 340 196 372 404 504 127 210 376 411 255 147 226 401 273 338 159 280 210 424
20
581 246 261 204 547 131 131 193 151 554 232 492 574 595 463 304 460 138 340 336
20
202 238 364 448 226 341 175 180 220 320 516 472 360 524 515 510 288 102 440 192
20
599 547 596 435 277 469 162 338 445 440 519 506 323 373 337 381 353 506 383 475
20
545 586 187 354 249 484 236 268 423 516 230 164 128 114 119 362 433 228 411 185
20
416 301 120 280 461 500 359 338 220 456 114 426 466 242 320 389 296 511 588 233
20
187 240 111 129 600 121 283 239 153 108 158 279 128 438 394 408 331 519 322 311
20
578 319 342 270 296 112 595 248 218 143 140 594 531 294 364 300 559 279 424 220
20
326 208 400 439 236 444 185 414 592 228 216 490 492 281 314 254 324 463 594 311
20
481 426 191 313 313 270 387 158 168 550 518 280 315 441 594 197 381 542 153 173
20
420 435 376 395 425 512 250 456 390 421 436 160 135 185 123 101 491 213 267 208
20
141 285 550 565 515 251 584 406 108 167 266 272 358 297 123 239 385 467 458 495
20
593 159 104 420 377 406 264 382 103 357 263 441 235 133 113 318 200 318 335 206
20
498 419 226 492 224 278 397 152 371 405 407 479 485 372 398 302 459 264 105 370
20
251 444 291 158 256 482 525 281 586 168 141 246 129 227 163 244 509 522 136 522
20
527 261 183 494 489 597 187 423 128 359 286 370 461 332 438 153 145 145 223 495
20
374 247 508 499 136 203 408 535 325 392 554 414 101 183 113 273 280 351 381 289
20
424 219 180 514 112 126 411 306 463 127 105 119 149 215 398 180 319 201 330 394
20
407 466 305 371 261 467 241 541 275 530 215 596 229 340 275 168 189 403 201 326
20
584 573 507 471 551 203 435 259 143 571 251 320 303 499 479 217 510 375 382 271
20
114 144 466 220 361 248 314 186 347 456 543 183 205 581 246 207 420 197 390 350
20
440 173 181 412 493 469 533 358 337 263 111 235 392 181 317 243 231 297 562 386
20
267 217 367 415 413 489 349 444 112 143 480 600 438 481 137 383 226 101 421 391
20
498 356 224 283 484 162 313 441 420 127 370 471 599 504 137 282 375 511 486 186
20
323 409 483 375 547 460 247 425 225 586 304 220 451 429 366 303 239 105 524 423
20
397 208 544 290 407 359 578 435 508 163 145 104 236 129 405 107 157 565 481 493
20
152 276 177 400 259 189 203 255 249 211 539 280 324 169 571 480 146 524 522 313
20
578 468 453 467 165 185 278 484 230 392 575 320 440 125 201 396 165 573 232 580
20
398 593 447 591 409 573 598 548 536 347 107 362 488 520 116 141 174 155 474 447
20
499 246 356 324 584 594 106 371 546 539 566 481 411 259 524 280 460 516 487 142
20
311 450 192 527 193 129 249 230 445 170 453 422 297 155 541 281 302 214 403 596
20
598 367 139 308 249 409 544 544 561 591 272 248 237 220 393 182 538 591 586 207
20
296 522 211 408 459 361 578 378 383 411 141 348 180 484 431 233 210 436 530 328
20
539 110 544 215 281 519 485 132 270 580 111 452 448 483 279 299 387 442 172 550
20
237 177 173 202 143 363 172 186 262 557 106 328 420 260 523 271 360 265 134 463
20
188 438 471 363 403 377 410 323 587 260 118 558 394 456 321 438 556 239 233 461
20
589 210 349 107 263 445 136 187 188 438 552 353 464 147 367 136 336 478 177 333
20
280 208 279 458 187 270 184 490 258 175 578 292 469 173 294 165 369 431 141 164
20
208 113 548 388 345 380 119 122 144 379 454 521 106 505 446 483 352 174 171 114
20
472 557 572 169 245 156 556 595 164 230 379 117 244 316 344 444 352 515 591 561
20
562 548 132 375 246 164 536 344 563 465 345 336 430 205 100 316 573 541 463 540
20
300 169 453 114 252 386 259 503 132 235 271 366 304 159 282 369 347 402 327 490
20
266 112 472 334 471 598 250 146 361 448 529 250 121 528 452 454 471 208 502 497
20
350 251 499 483 402 482 511 179 290 122 497 299 293 471 388 350 346 396 224 347
20
208 553 123 366 128 442 311 319 413 464 360 595 223 577 333 201 314 460 190 189
20
422 431 388 186 301 488 105 218 533 136 500 150 445 208 154 600 330 255 561 592
20
101 298 595 320 362 477 110 205 267 465 508 147 258 358 462 311 453 268 403 344
20
157 364 212 256 376 469 583 423 251 203 384 322 443 140 420 580 316 270 184 161
20
469 592 415 195 221 457 424 407 325 578 553 213 224 111 342 466 353 467 442 588
20
398 490 299 100 496 379 324 341 393 216 405 136 583 365 416 151 304 435 412 381
20
248 481 111 559 263 179 151 318 353 142 382 561 333 360 543 124 560 208 357 131
20
241 312 487 338 286 422 145 533 269 310 216 491 444 126 462 468 388 209 114 584
20
173 150 433 429 446 231 223 550 373 424 154 424 574 467 229 495 187 563 266 431
20
304 272 263 133 500 126 465 324 483 312 170 440 482 533 180 104 238 114 578 240
20
395 367 376 408 146 363 141 575 208 128 436 326 509 336 462 513 119 214 143 472
20
251 394 219 542 494 114 266 583 310 304 104 463 405 194 317 168 502 152 273 356
20
483 161 447 489 546 396 411 281 166 442 345 300 426 219 555 198 159 522 577 427
20
142 169 540 259 450 302 301 420 433 234 178 434 547 349 572 141 528 175 398 581
20
290 536 510 395 529 460 502 354 196 540 250 214 442 483 298 161 108 390 351 284
20
339 339 284 394 108 338 158 510 523 280 136 309 446 481 288 336 289 432 406 254
20
123 128 293 333 181 460 491 435 277 186 321 477 571 471 476 417 358 413 263 288
20
555 589 273 419 327 423 566 308 501 569 338 584 223 207 138 518 535 225 154 422
20
333 164 406 574 547 198 195 567 250 573 597 600 309 184 116 519 106 424 598 241
20
356 356 397 307 117 168 129 113 272 224 497 174 214 112 565 326 227 127 363 556
20
487 163 329 230 190 215 539 401 496 392 526 242 404 580 154 231 237 447 227 397
20
241 152 357 139 111 149 130 210 306 336 440 501 151 173 373 439 241 458 340 150
20
338 571 482 319 232 565 466 413 106 197 321 456 275 100 592 338 305 574 152 359
20
242 103 448 302 292 366 340 565 427 342 581 551 101 430 529 551 166 217 356 397
20
436 576 100 595 193 494 279 398 562 354 185 404 414 156 241 433 570 309 151 366
20
430 315 496 368 274 557 423 115 483 350 100 431 259 431 482 206 557 431 127 295
20
387 561 329 412 499 248 372 352 369 521 560 146 329 580 372 240 259 590 475 237
20
472 464 469 124 461 540 179 329 114 377 538 117 390 378 324 306 138 403 588 218
20
471 481 452 571 373 421 111 436 564 293 470 592 544 182 265 196 180 473 178 304
20
186 464 517 335 551 409 548 574 237 302 458 383 225 139 324 192 120 524 355 181
20
428 520 205 382 358 373 336 407 543 326 363 261 312 524 363 493 451 241 162 222
20
275 347 303 297 289 213 258 501 161 137 377 164 204 147 540 430 336 357 513 109
20
144 390 245 120 597 132 261 234 287 310 111 196 261 347 163 350 469 194 121 272
20
515 396 251 569 596 402 120 157 169 292 481 466 356 121 476 399 297 484 287 288
20
428 429 281 542 193 131 266 345 377 175 295 307 370 117 594 589 464 500 554 376
20
471 227 291 430 260 256 530 401 502 294 556 229 126 383 373 253 204 248 384 447
20
218 542 568 153 349 520 506 398 379 407 511 208 314 449 209 378 181 309 119 271
20
272 515 418 180 416 445 430 156 482 518 107 281 246 170 149 283 213 244 382 110
20
246 156 371 264 480 140 307 177 568 222 379 216 537 515 534 206 244 598 392 121
20
371 239 314 121 137 196 318 419 232 430 102 108 105 392 582 581 577 522 317 455
20
364 311 390 380 380 139 211 188 405 250 310 361 557 141 206 129 129 431 131 484
20
113 311 377 185 262 250 110 520 145 326 422 488 236 316 201 138 287 211 541 592
20
586 441 234 513 365 422 310 247 589 329 177 165 305 438 302 140 363 350 520 574
20
543 192 281 540 311 529 317 109 498 211 366 243 214 169 427 490 405 501 184 330
20
283 107 407 280 565 528 214 210 434 291 447 136 346 346 415 143 182 586 190 204
20
525 528 490 535 466 124 249 268 345 322 348 208 468 259 334 252 318 537 589 455
20
419 584 152 562 452 304 516 563 145 389 492 457 517 377 320 305 292 403 382 342
20
232 544 165 281 409 180 553 269 588 298 508 360 194 258 341 306 469 305 441 133
20
184 118 156 223 333 482 412 444 389 191 220 454 102 236 511 189 225 570 341 593
20
206 131 486 194 530 434 454 476 378 123 188 154 532 567 447 138 566 488 526 528
20
123 405 497 589 535 125 179 491 304 151 107 303 173 580 108 406 232 169 496 465
20
427 567 271 515 361 246 298 556 558 453 374 189 376 343 217 526 443 143 508 300
20
422 339 217 217 375 557 253 315 412 284 299 534 431 512 334 201 221 593 245 387
20
507 167 546 154 581 222 394 325 564 304 558 222 443 457 425 356 297 284 550 499
20
104 590 222 174 352 532 262 563 585 432 591 565 341 460 160 587 431 477 264 478
20
140 272 555 156 386 586 436 225 583 538 466 137 375 496 354 173 322 223 247 179
20
580 563 227 429 301 232 294 428 459 303 240 297 161 563 129 135 197 474 273 431
20
261 321 255 262 165 441 136 124 322 218 416 182 257 136 131 532 249 155 372 181
20
562 580 467 344 268 102 366 293 132 310 335 565 356 360 543 277 558 118 393 221
20
157 135 434 120 214 211 436 399 488 443 256 468 174 232 244 518 277 308 362 434
20
492 256 306 182 292 524 468 520 210 142 553 196 560 188 324 560 289 519 135 339
20
466 504 148 299 426 250 418 408 571 592 110 263 404 507 501 445 423 381 149 587
20
526 120 439 180 187 418 172 557 292 197 106 415 283 199 253 368 529 337 172 166
20
206 109 593 226 355 426 218 505 520 550 293 481 570 598 411 596 527 407 273 544
20
294 196 272 211 355 421 418 352 386 427 247 545 588 414 424 413 488 428 520 221
20
445 414 537 138 556 155 108 522 211 305 600 325 361 190 267 146 437 157 269 447
20
390 260 343 272 484 197 516 149 241 366 263 290 492 546 443 584 577 201 280 109
20
553 598 189 205 280 555 149 271 274 381 523 422 424 128 252 422 560 511 576 425
20
258 120 119 531 268 346 161 227 172 429 276 379 155 118 433 294 433 543 561 185
20
205 389 319 566 483 314 528 417 307 398 593 396 248 432 312 487 507 533 311 485
20
591 438 439 282 504 434 139 517 336 217 419 541 125 554 551 548 512 374 143 330
20
592 565 501 358 543 161 354 177 522 343 244 502 471 495 225 236 432 458 371 346
20
341 409 330 150 194 315 121 458 556 130 161 459 234 126 489 491 465 273 598 360
20
407 136 477 350 181 535 344 313 584 462 431 486 266 387 128 116 208 384 525 447
