150
20
570 152 446 300 195 517 357 168 487 516 109 218 579 361 135 223 186 504 134 370
20
370 223 386 378 449 593 141 248 427 560 411 497 403 551 335 504 556 270 554 572
20
319 393 216 352 276 226 238 439 157 430 541 399 268 121 278 248 361 424 376 331
20
394 205 477 178 308 284 417 221 331 141 134 549 575 114 504 253 478 539 118 308
20
314 529 428 321 290 321 105 544 302 571 336 450 416 267 448 285 465 157 380 225
20
169 577 586 346 153 373 562 316 331 382 206 486 544 227 193 545 258 326 266 219
20
414 469 139 206 350 527 484 244 211 455 158 375 309 545 516 282 592 299 376 116
20
283 189 306 142 460 513 265 215 584 524 438 293 250 253 386 421 528 173 321 303
20
319 243 260 305 458 500 209 441 457 588 288 544 597 518 500 485 430 348 134 106
20
478 387 519 423 563 312 198 203 459 101 334 127 302 536 392 231 599 382 255 223
20
588 346 104 137 333 247 455 460 287 124 270 186 114 368 332 449 501 216 193 222
20
170 450 565 100 374 408 454 567 294 246 574 168 181 177 499 553 313 324 575 395
20
134 111 264 171 393 188 392 177 466 359 597 262 108 463 379 310 399 122 144 202
20
497 307 394 545 385 248 472 122 138 193 597 530 338 435 487 130 166 595 477 556
20
104 399 508 599 570 428 387 338 210 519 235 379 249 179 486 403 341 427 597 533
20
597 178 213 202 299 579 390 359 122 256 552 370 318 251 520 149 581 500 293 463
20
108 185 591 331 313 330 596 499 254 555 346 270 168 542 518 370 424 308 500 322
20
322 513 283 433 486 456 507 310 530 140 305 135 148 450 140 522 534 115 453 147
20
369 182 277 273 260 243 439 455 381 241 300 281 421 118 438 187 145 128 329 353
20
316 487 189 153 156 462 174 465 403 278 171 415 429 478 193 136 189 431 172 221
20
105 256 288 320 462 381 588 358 335 189 554 518 223 556 531 465 111 127 223 290
20
108 569 382 182 215 579 518 232 179 560 202 310 179 545 200 440 315 296 409 242
20
506 490 593 505 189 175 525 326 237 412 228 289 551 403 294 162 371 140 365 275
20
507 325 280 482 124 315 516 558 367 441 176 395 350 109 318 578 263 134 551 545
20
446 365 514 344 558 164 400 371 442 377 355 291 467 305 485 189 450 277 150 271
20
335 445 327 363 130 362 145 518 156 511 155 226 474 340 342 490 449 250 367 544
20
594 533 472 157 204 381 486 464 532 295 101 157 239 367 485 444 438 513 561 211
20
544 389 212 215 544 548 571 433 248 423 149 581 229 157 203 314 116 484 182 149
20
468 331 263 193 347 507 256 579 282 245 231 119 540 267 416 231 297 120 464 422
20
439 362 168 523 163 443 450 170 594 167 151 262 501 445 419 191 320 552 571 329
20
268 118 186 459 164 369 196 277 448 158 158 239 140 524 523 230 269 397 188 291
20
347 355 389 422 528 151 310 145 575 570 303 556 597 186 446 185 436 100 274 328
20
595 245 110 516 286 388 454 122 188 410 476 451 268 141 449 272 285 473 269 258
20
565 572 452 414 404 589 225 100 574 339 170 259 553 469 337 550 377 170 365 367
20
301 536 443 480 449 282 332 425 357 195 352 310 430 372 242 100 389 504 359 343
20
127 528 310 299 532 279 456 392 297 315 545 274 340 311 492 315 598 419 467 136
20
460 446 254 312 498 475 206 431 293 206 460 428 400 462 557 379 279 101 408 559
20
432 500 272 159 533 474 432 503 236 467 233 569 218 457 598 223 362 194 186 254
20
346 324 376 363 353 538 575 172 398 201 172 102 584 221 217 350 491 334 223 408
20
502 309 224 525 505 143 214 510 337 249 112 229 462 591 316 272 149 530 216 119
20
417 312 213 273 125 478 313 248 133 416 392 595 591 451 198 373 353 331 201 213
20
450 332 587 496 370 165 354 567 340 217 372 557 469 119 159 122 430 248 563 304
20
399 367 504 134 556 527 536 313 138 208 209 295 297 295 404 361 399 459 488 124
20
429 548 266 149 396 144 313 492 562 242 328 198 551 380 406 514 355 218 278 235
20
450 197 211 492 465 106 125 397 509 410 122 385 233 106 180 526 316 121 208 115
20
134 343 516 238 546 565 159 206 252 203 228 403 399 474 429 203 115 421 254 523
20
540 259 391 537 122 218 409 163 151 192 149 150 252 473 331 532 307 357 369 508
20
156 429 372 369 220 301 439 314 544 505 390 186 249 206 312 382 302 572 598 249
20
553 206 280 531 516 574 188 329 171 195 476 106 440 399 309 202 194 497 430 364
20
542 586 273 543 528 277 150 458 416 571 406 317 399 355 277 264 518 203 429 237
20
380 316 450 413 366 430 295 279 220 115 241 591 115 579 109 443 303 388 231 469
20
485 235 515 473 555 430 119 395 363 494 432 114 576 574 528 142 113 409 239 456
20
457 118 321 113 175 162 456 227 511 334 307 464 406 482 463 530 364 272 545 418
20
256 345 576 183 293 211 167 272 271 169 221 114 427 176 260 566 304 400 210 270
20
526 532 522 493 275 454 353 452 297 144 504 233 442 469 525 313 431 244 492 420
20
371 298 363 195 519 183 265 260 560 335 498 453 319 374 362 274 541 580 477 326
20
192 295 190 587 241 246 458 548 241 598 300 598 192 203 250 463 187 237 154 171
20
342 549 558 420 544 442 339 357 516 484 304 161 268 363 499 338 537 417 477 572
20
282 455 550 272 467 590 550 105 366 273 549 516 392 299 209 519 458 381 157 201
20
544 321 105 112 114 574 468 595 138 535 414 162 215 515 456 301 257 399 238 277
20
547 568 151 564 458 304 109 572 507 183 375 239 379 394 514 147 155 409 571 497
20
476 356 516 235 424 412 159 344 240 423 523 318 101 121 208 143 527 472 451 366
20
597 392 593 185 279 371 317 531 317 583 103 333 120 217 530 250 218 399 437 581
20
422 130 175 369 552 318 416 190 452 400 359 368 142 132 561 145 252 184 508 591
20
444 166 120 403 390 548 568 294 232 564 110 478 376 214 384 564 595 332 242 172
20
490 579 238 415 564 354 516 507 543 145 227 553 289 191 349 255 581 545 571 461
20
298 234 415 101 424 364 569 124 216 133 351 461 513 371 186 576 286 130 141 220
20
133 127 166 412 533 505 409 261 450 543 478 262 564 169 369 196 223 236 515 523
20
207 229 500 553 216 583 195 464 553 293 249 542 482 381 456 416 397 110 143 295
20
297 590 447 230 108 331 407 378 600 205 175 324 415 513 177 186 344 224 284 551
20
538 340 251 202 243 490 393 372 346 563 140 486 131 486 199 333 387 179 366 111
20
406 122 411 465 454 540 525 465 416 385 238 481 183 375 386 210 373 588 369 447
20
526 385 494 204 231 458 153 574 360 456 281 422 236 578 457 394 599 100 584 363
20
545 557 467 352 234 417 369 561 157 329 456 326 106 490 370 285 352 473 313 363
20
529 385 258 265 341 259 500 281 174 269 549 167 428 163 555 597 173 279 132 536
20
405 507 559 455 483 524 378 389 256 278 440 550 571 235 305 485 389 413 388 323
20
327 208 187 542 158 474 347 303 330 342 350 346 144 232 300 221 224 220 175 392
20
509 385 386 579 111 214 136 183 310 295 186 410 460 492 327 195 163 557 498 161
20
364 203 138 465 255 303 289 312 407 506 215 285 487 266 307 463 223 586 217 484
20
533 336 379 449 241 479 502 136 474 156 443 306 474 203 482 274 220 310 302 211
20
290 180 468 110 317 247 441 303 138 474 345 158 363 493 523 330 560 518 204 482
20
468 341 503 589 328 178 159 131 576 125 264 502 447 118 149 508 439 178 586 585
20
561 369 179 159 305 128 244 500 343 563 109 236 200 215 453 362 537 552 408 505
20
546 261 543 207 490 297 346 242 300 332 354 366 496 375 556 275 319 112 445 540
20
525 503 408 306 521 143 445 391 179 371 128 526 394 385 373 483 176 157 581 474
20
552 454 537 219 585 391 590 348 433 282 248 410 355 215 137 582 157 368 212 229
20
413 312 102 590 258 346 149 223 526 599 506 211 278 558 467 577 418 245 539 583
20
286 327 326 525 477 286 329 285 385 244 127 152 298 477 276 512 173 402 507 175
20
407 318 579 561 549 580 413 233 573 528 381 466 426 396 294 181 274 277 491 371
20
292 278 388 412 143 164 566 174 352 169 454 423 227 297 534 187 432 110 196 123
20
343 349 565 132 184 329 487 181 259 253 521 370 224 250 101 536 174 324 304 350
20
422 102 572 307 524 133 591 452 324 160 111 194 482 335 145 511 511 359 586 292
20
413 184 341 202 530 285 159 233 339 186 167 240 536 324 586 534 234 240 556 105
20
141 444 539 540 361 392 165 264 421 253 212 247 497 355 416 161 429 541 154 308
20
343 169 246 353 515 533 160 250 260 349 170 512 324 370 425 542 252 259 155 586
20
166 371 450 540 215 498 284 411 377 387 387 575 442 589 351 524 600 246 161 502
20
194 559 208 363 144 496 437 375 230 401 526 452 538 505 319 203 233 235 121 479
20
330 372 196 126 598 111 473 314 564 426 198 399 382 100 225 448 296 256 411 248
20
559 224 527 278 317 257 492 176 308 298 442 282 443 553 386 238 505 314 533 526
20
177 522 334 466 415 411 416 314 250 325 281 297 241 288 535 321 318 110 593 383
20
301 572 233 567 461 180 492 130 129 201 560 375 548 512 484 115 549 554 279 489
20
283 538 167 182 560 266 360 556 405 303 509 187 322 384 446 370 457 350 176 430
20
374 393 356 572 214 456 518 454 374 314 341 179 314 449 481 138 158 212 197 539
20
419 463 573 378 591 342 452 457 291 167 492 166 270 156 235 508 250 229 586 267
20
191 556 182 513 191 374 164 507 362 538 484 326 231 380 421 390 329 450 390 350
20
294 146 139 403 472 591 542 234 546 135 114 353 421 494 355 328 104 535 255 460
20
489 268 548 554 153 573 462 373 562 270 258 529 181 201 560 504 409 263 475 169
20
394 220 334 251 567 421 427 496 407 470 460 181 186 291 575 455 517 110 145 400
20
391 525 226 155 500 291 362 353 388 115 233 551 298 265 230 401 346 600 594 155
20
543 286 583 273 543 374 192 491 151 256 593 464 579 101 338 421 263 146 307 392
20
329 401 511 239 552 387 125 467 144 182 478 115 197 179 223 179 517 358 509 444
20
167 548 442 545 485 577 353 593 461 261 238 306 292 425 278 114 338 216 581 390
20
525 200 598 232 467 505 429 397 153 405 143 570 522 200 273 264 380 514 232 498
20
509 367 413 215 376 471 528 528 175 593 429 116 119 155 360 188 179 240 439 535
20
394 139 351 447 492 479 558 473 129 565 345 106 432 512 291 553 304 468 511 304
20
478 140 329 537 159 418 467 350 246 281 479 105 518 406 304 379 316 461 115 209
20
573 275 265 331 599 222 143 110 223 116 334 480 415 198 348 446 118 477 557 553
20
398 261 424 241 483 242 289 352 325 555 592 338 524 579 150 199 534 593 345 178
20
182 188 102 479 292 420 180 127 392 380 125 244 502 418 594 239 236 394 499 385
20
572 522 378 463 347 124 109 421 393 279 447 241 484 437 537 210 339 582 584 551
20
161 450 327 435 349 206 498 476 463 340 275 268 468 369 558 254 456 468 226 481
20
524 513 481 337 399 576 138 413 194 531 190 534 296 105 130 270 125 223 165 409
20
410 319 562 314 461 159 118 594 534 334 434 115 558 159 106 291 337 417 141 402
20
563 109 140 411 196 149 159 557 244 157 440 287 206 351 416 180 422 140 113 113
20
452 195 572 174 342 491 555 336 238 349 443 404 154 104 435 457 324 489 598 375
20
549 221 518 590 257 126 541 555 388 582 546 530 321 596 481 467 234 373 306 295
20
243 568 265 555 495 385 332 101 534 428 440 515 163 166 489 355 545 171 328 223
20
521 278 109 540 203 215 161 183 330 385 265 378 500 173 237 170 566 205 204 243
20
492 182 544 253 119 497 275 232 140 527 339 120 113 342 137 312 331 393 478 104
20
327 350 135 455 457 491 294 558 462 313 306 145 176 538 533 312 232 467 519 442
20
424 484 582 292 276 521 474 322 447 421 482 209 486 303 111 500 281 239 316 304
20
191 344 295 582 440 160 408 365 581 210 503 398 258 328 290 559 567 454 286 182
20
597 124 226 321 210 212 385 336 448 290 178 159 474 559 356 546 398 307 516 516
20
309 195 102 561 329 224 528 486 470 446 546 175 470 300 152 308 488 569 384 256
20
387 176 417 546 368 265 206 516 358 108 201 329 425 482 274 266 134 124 258 555
20
126 250 366 479 490 345 135 360 381 195 591 121 242 255 252 205 556 204 153 227
20
126 257 276 569 245 285 349 262 210 572 208 311 268 294 173 151 316 315 289 452
20
487 141 372 548 288 505 380 169 133 356 122 281 189 519 273 192 361 250 261 246
20
218 241 256 483 318 310 295 160 424 273 237 589 498 538 562 319 470 306 257 164
20
447 284 392 181 219 123 258 380 354 106 430 444 230 396 444 531 258 537 341 135
20
471 241 311 429 332 488 184 504 476 544 300 208 407 497 557 181 290 200 119 504
20
156 208 133 321 218 552 360 144 121 372 268 464 187 142 405 152 103 552 285 549
20
418 452 600 220 273 361 536 283 191 377 104 151 423 511 384 238 102 244 586 490
20
221 469 171 515 383 124 599 286 425 550 552 492 274 341 314 426 404 555 182 390
20
324 582 151 178 206 521 552 113 172 106 218 345 489 180 137 302 540 227 551 400
20
273 533 291 146 553 155 272 494 518 313 570 204 340 340 361 343 553 366 222 417
20
299 219 436 222 512 176 448 421 363 389 274 208 552 290 502 534 114 234 499 202
20
558 265 248 304 355 508 250 192 548 208 522 289 208 569 206 427 148 353 298 545
20
462 433 184 588 311 385 415 547 100 121 430 147 163 584 322 430 274 572 193 296
20
369 165 435 424 177 357 477 437 427 424 267 385 161 261 263 311 471 167 295 342
