150
20
333 250 543 440 295 148 599 557 411 384 235 438 313 489 517 580 338 224 366 138
20
227 327 556 245 500 159 521 174 356 578 398 416 117 392 134 111 186 121 509 288
20
514 197 560 448 189 448 483 463 155 491 255 379 441 546 590 400 152 132 411 269
20
456 143 312 160 469 107 278 158 516 478 236 572 470 394 353 200 461 154 410 479
20
396 559 119 545 214 223 476 359 159 542 150 482 520 297 325 446 148 202 479 129
20
266 355 487 164 230 388 356 224 588 261 158 186 529 393 586 109 376 344 521 546
20
209 111 299 335 369 338 149 556 173 549 284 531 183 158 184 384 374 222 591 555
20
472 457 162 371 510 568 181 352 345 106 539 549 489 490 245 232 393 461 269 315
20
413 187 492 158 120 175 137 326 104 540 600 497 278 400 384 482 118 322 490 436
20
453 315 218 574 396 405 590 108 496 393 513 556 164 533 105 497 418 207 479 485
20
149 319 346 471 527 597 551 484 361 271 579 181 551 524 549 147 169 255 412 141
20
105 271 329 105 404 289 415 503 368 419 358 587 340 502 570 136 380 461 140 469
20
130 267 554 292 490 151 348 490 361 443 450 428 581 133 529 153 112 165 293 221
20
584 514 286 576 125 293 543 588 294 345 396 182 261 278 115 251 553 546 547 159
20
426 157 105 314 264 362 256 547 115 345 501 124 140 481 389 474 346 508 452 599
20
306 435 477 415 400 273 116 487 515 515 113 344 240 170 433 375 398 230 107 499
20
528 391 276 164 512 235 445 513 523 264 516 332 328 397 514 302 218 256 364 303
20
129 296 196 360 549 393 553 428 417 268 479 147 252 154 545 245 457 173 182 204
20
589 178 145 294 513 456 123 524 309 553 508 374 219 244 222 341 544 398 495 515
20
530 524 357 515 103 485 560 353 117 464 452 518 232 527 421 559 567 195 236 514
20
434 555 451 125 592 450 198 191 133 389 125 442 343 395 574 471 351 467 461 525
20
101 322 404 155 110 316 534 106 401 352 555 178 362 538 164 298 437 322 159 193
20
402 176 200 409 459 440 367 347 485 118 556 573 472 102 249 190 576 326 502 471
20
139 401 158 169 201 353 375 575 455 579 549 391 280 483 491 190 335 327 585 512
20
299 586 537 436 110 231 543 393 327 358 428 485 516 556 342 511 330 101 331 594
20
554 552 376 485 573 253 480 132 255 479 556 302 363 346 389 384 352 275 545 331
20
555 287 594 369 419 399 144 374 345 557 303 328 531 292 375 435 569 128 166 296
20
452 350 559 194 508 562 454 535 237 382 360 565 209 318 435 337 494 184 181 217
20
269 393 370 402 584 269 547 413 592 162 176 366 300 119 475 445 582 115 546 542
20
197 519 513 391 591 537 514 264 347 387 302 213 400 497 445 572 257 341 417 158
20
439 495 255 254 282 149 278 487 101 421 299 574 283 152 457 503 462 580 377 450
20
356 378 472 340 198 560 276 390 310 305 289 301 196 576 555 395 280 337 142 342
20
445 200 428 476 300 404 344 379 225 492 274 230 179 305 578 436 402 431 279 388
20
586 234 492 382 263 320 242 256 268 189 182 145 573 378 221 475 269 112 277 189
20
324 533 106 472 509 386 190 161 368 583 522 355 400 323 348 268 344 415 293 179
20
502 328 399 273 593 376 109 515 321 365 565 402 422 232 510 142 573 148 376 519
20
153 529 443 534 537 406 502 538 133 518 435 123 505 476 303 369 174 460 486 328
20
366 496 198 518 174 209 583 265 314 556 220 284 226 203 485 438 267 178 195 502
20
519 463 549 497 364 209 286 591 250 327 558 312 286 305 289 530 334 391 166 140
20
487 168 576 232 368 196 524 268 368 586 310 299 153 465 134 122 291 306 278 490
20
207 126 300 454 369 102 415 195 160 540 443 251 210 567 229 140 425 529 237 423
20
317 512 316 226 189 226 126 416 474 579 298 599 598 261 283 579 227 245 461 233
20
334 258 367 362 135 435 439 236 445 275 232 519 593 196 452 493 541 570 314 600
20
452 330 155 152 137 595 559 246 372 384 154 555 432 541 188 524 543 271 313 458
20
350 564 110 467 251 418 159 119 438 466 143 473 410 230 353 584 123 285 296 264
20
292 155 499 220 478 163 431 293 334 571 274 414 356 106 386 416 469 147 338 460
20
250 219 114 171 308 166 283 438 538 571 137 414 244 351 561 374 377 169 371 264
20
237 355 514 294 234 535 100 116 399 346 483 247 112 526 259 449 323 594 406 162
20
452 182 192 260 157 237 142 215 308 111 385 446 562 464 239 592 562 374 463 335
20
155 142 529 586 310 327 300 135 331 477 107 335 114 165 492 486 557 313 360 565
20
384 289 230 340 546 566 100 115 137 257 152 400 550 114 107 320 425 386 511 600
20
521 330 127 555 559 132 377 133 429 406 224 558 588 107 345 513 291 384 489 147
20
551 354 530 223 111 145 341 167 267 415 545 288 211 377 461 560 282 144 459 473
20
369 537 282 450 584 352 387 480 268 413 491 243 235 397 271 169 523 401 427 195
20
494 597 568 143 565 356 590 328 197 331 477 378 549 452 578 264 226 191 523 102
20
597 482 415 152 560 504 391 332 344 530 405 414 336 497 599 106 416 472 319 100
20
580 148 441 177 559 329 347 169 267 313 371 466 519 233 585 502 177 118 166 428
20
295 592 111 458 474 155 410 345 228 401 531 513 226 512 573 526 569 194 157 204
20
252 119 221 117 599 200 106 235 379 304 542 376 127 292 273 472 281 571 141 424
20
478 303 374 103 356 244 495 376 405 326 280 501 148 127 105 166 319 512 268 246
20
123 389 542 444 187 505 120 492 471 103 176 414 127 447 528 135 133 332 579 342
20
569 507 338 307 186 546 492 162 423 549 562 395 518 394 503 129 553 196 534 253
20
410 270 363 388 322 262 493 303 432 313 191 556 527 283 595 343 321 282 576 231
20
594 277 319 268 422 282 379 561 307 221 530 261 505 304 582 352 478 467 235 293
20
346 258 495 308 320 536 205 112 367 417 297 401 516 564 528 355 348 368 547 289
20
244 401 354 516 320 283 593 120 397 150 354 217 241 567 462 434 235 246 409 168
20
113 219 338 482 121 183 147 449 492 310 209 199 217 294 339 198 552 442 566 183
20
512 241 582 312 183 105 220 304 451 299 539 353 598 296 126 388 494 388 533 317
20
593 520 174 552 211 161 198 328 597 553 215 238 269 536 209 335 451 207 414 294
20
396 509 209 339 213 137 443 502 259 340 361 487 264 253 589 288 596 339 207 371
20
315 554 547 228 435 219 505 204 474 233 527 325 363 536 496 396 156 141 403 111
20
163 431 449 382 184 125 395 520 120 530 386 447 517 122 375 133 491 437 468 532
20
128 195 491 174 469 494 461 304 467 510 549 569 356 558 103 366 149 506 363 451
20
267 405 467 535 279 508 346 540 167 193 535 131 222 510 104 272 282 494 322 491
20
566 559 348 231 593 107 341 439 530 560 432 316 194 460 583 411 591 106 530 512
20
218 578 388 425 311 226 232 123 255 456 383 392 312 187 169 367 169 117 544 349
20
587 142 451 102 249 453 551 464 599 197 521 505 176 208 599 583 288 364 523 298
20
543 104 438 320 545 483 136 500 501 255 114 228 548 260 382 419 378 154 442 160
20
305 335 498 422 491 372 331 298 410 402 526 566 223 251 326 416 418 271 357 101
20
337 593 461 350 118 375 418 448 362 548 395 307 468 401 296 348 471 596 375 410
20
200 486 142 259 504 281 321 165 392 501 426 167 193 439 107 285 538 211 371 478
20
583 197 159 253 425 316 472 409 253 486 231 419 142 227 444 573 275 298 108 455
20
418 424 447 135 418 560 220 597 579 329 203 320 124 474 128 373 512 545 363 392
20
361 562 194 511 312 504 368 359 402 374 488 277 231 424 550 594 101 458 330 201
20
207 554 164 566 453 288 484 397 125 552 397 307 172 261 576 147 499 186 317 373
20
560 580 561 512 333 229 204 352 369 479 581 478 167 242 299 323 132 542 200 536
20
596 392 475 412 126 504 521 474 155 175 172 252 105 373 118 565 503 284 508 492
20
253 246 185 368 529 592 295 430 428 558 116 592 438 255 170 445 268 127 531 441
20
320 409 533 431 338 231 519 262 369 354 217 322 451 370 335 561 382 309 443 518
20
203 548 419 188 100 310 351 356 219 464 281 506 475 504 196 301 317 388 199 383
20
443 323 142 441 515 522 245 311 476 342 484 546 245 335 567 120 246 464 571 501
20
371 212 222 209 496 216 432 185 229 479 269 359 299 587 427 537 529 545 400 283
20
229 248 256 214 589 315 276 252 240 433 229 262 189 142 108 235 525 592 334 503
20
465 244 392 422 460 599 575 311 354 198 317 550 383 458 170 548 426 432 338 490
20
232 160 522 573 458 526 547 278 595 573 200 330 284 230 593 245 312 471 251 554
20
146 595 388 315 311 197 135 127 248 222 269 577 455 454 596 380 326 240 465 216
20
124 303 288 262 279 342 122 303 325 360 219 349 183 123 313 507 485 273 467 364
20
550 134 372 340 514 153 442 432 459 597 422 540 526 409 261 318 202 585 148 462
20
121 469 256 137 292 330 274 580 437 323 475 487 339 307 190 183 412 235 199 224
20
473 362 467 204 490 455 472 287 235 457 262 337 323 258 367 151 464 457 543 500
20
453 182 197 306 234 114 546 404 172 455 305 170 212 211 498 542 524 281 533 290
20
417 471 535 381 127 206 144 337 500 236 293 181 244 189 519 348 141 496 579 522
20
270 246 273 282 442 422 106 379 324 499 509 238 199 200 488 205 118 432 300 551
20
223 224 339 346 155 504 346 477 549 301 452 380 196 176 590 432 152 371 119 189
20
191 246 258 352 455 219 511 179 115 329 120 572 421 252 293 224 241 239 476 108
20
590 205 374 429 358 486 346 198 351 315 225 400 279 497 590 521 153 285 587 245
20
495 345 323 152 104 539 557 365 204 350 100 425 287 203 362 296 410 289 354 176
20
191 135 279 416 447 179 365 229 376 127 221 523 406 571 416 215 168 405 144 113
20
323 368 419 438 213 312 163 535 424 517 124 130 309 398 359 483 315 431 470 352
20
183 321 446 500 425 301 533 200 519 422 341 358 103 300 158 402 409 354 332 233
20
296 409 294 301 187 245 211 274 379 242 136 274 354 176 362 165 142 240 384 595
20
377 167 405 241 256 251 268 472 489 400 134 167 528 128 438 111 113 520 196 499
20
283 350 163 353 538 324 545 273 570 511 374 595 433 588 347 521 396 320 456 105
20
486 215 559 158 348 356 532 151 113 316 198 215 366 278 145 574 371 381 246 393
20
401 117 309 147 107 151 320 401 488 355 517 463 175 571 381 475 365 395 214 425
20
387 163 105 138 146 160 283 181 330 404 460 287 496 102 268 484 588 432 333 344
20
203 358 129 201 395 385 365 168 514 471 517 208 357 568 296 513 116 453 127 540
20
280 154 228 535 187 499 342 355 473 591 458 454 552 163 505 291 174 173 121 164
20
472 567 318 300 270 204 567 179 142 304 186 572 535 397 524 148 338 216 501 431
20
471 451 446 159 524 276 521 104 447 162 509 179 138 233 579 586 393 121 538 387
20
505 452 397 511 142 463 165 506 453 135 512 186 282 524 247 249 114 256 311 135
20
599 361 107 178 577 261 342 125 516 519 293 340 344 351 376 155 357 531 520 114
20
497 421 117 326 263 324 380 484 294 523 461 448 113 416 435 410 532 360 285 243
20
100 363 127 393 322 573 509 356 317 465 252 585 234 193 207 194 334 536 559 479
20
486 497 501 568 133 136 224 110 209 518 537 167 281 561 256 144 226 290 354 590
20
570 456 290 341 520 222 132 592 262 269 474 429 267 343 316 548 286 269 180 131
20
594 576 432 458 474 500 131 428 545 517 128 548 450 364 300 580 206 415 283 284
20
132 585 214 467 423 529 196 488 183 111 162 496 102 128 301 242 386 205 468 457
20
106 369 342 482 225 314 375 260 188 457 432 159 107 103 457 438 104 299 231 361
20
407 168 169 521 264 300 590 252 148 350 148 144 432 450 560 122 424 170 233 249
20
338 554 266 169 431 310 376 361 200 550 379 237 526 160 569 554 176 527 563 547
20
278 323 289 282 451 549 224 203 597 442 523 154 444 321 210 300 108 215 429 512
20
282 106 323 354 404 149 303 384 417 320 391 202 548 545 144 105 453 225 415 380
20
592 567 318 488 242 386 139 572 275 236 583 364 107 508 427 417 429 230 534 510
20
489 496 596 503 305 103 509 344 325 538 140 219 467 578 316 300 119 236 490 429
20
177 534 565 378 543 455 447 127 470 567 274 279 516 111 304 270 147 305 348 369
20
389 384 483 337 161 459 348 383 427 337 167 167 498 543 217 484 421 560 438 404
20
108 303 577 393 273 304 394 200 413 212 132 551 286 340 405 457 503 144 237 146
20
470 448 162 275 156 365 337 110 210 416 227 317 390 341 431 471 162 523 531 334
20
533 570 208 229 516 145 529 596 189 317 222 348 401 423 358 379 453 596 405 128
20
134 354 534 134 115 413 558 361 387 370 149 502 507 565 529 428 311 247 208 430
20
536 449 390 371 237 537 253 372 323 396 283 181 204 295 572 391 172 113 173 253
20
578 572 199 125 141 475 474 489 110 475 215 174 312 575 425 577 519 497 591 456
20
381 561 557 499 253 459 357 506 541 345 243 321 417 129 244 239 120 451 374 423
20
499 382 163 396 184 242 460 408 559 232 504 373 190 146 463 492 324 552 361 598
20
591 370 597 101 313 362 208 440 287 230 211 364 423 248 216 472 152 537 223 218
20
141 540 250 364 378 510 484 441 560 269 219 157 375 407 551 336 160 241 508 440
20
250 429 335 452 380 206 202 244 197 362 402 380 314 353 218 475 396 210 131 164
20
528 135 357 491 272 292 266 581 542 402 195 392 574 170 157 308 325 198 424 220
20
339 554 300 260 341 476 363 467 202 149 500 425 141 216 523 155 265 558 423 542
