150
20
239 416 341 528 488 250 308 219 592 536 305 259 429 297 229 261 476 375 286 320
20
503 105 245 292 124 232 119 222 478 251 302 248 163 358 349 256 597 572 467 278
20
486 598 129 248 156 132 468 243 278 483 290 310 393 513 250 348 110 499 272 211
20
369 237 416 461 308 105 323 139 198 418 217 145 247 192 265 161 166 265 199 222
20
526 226 330 537 126 506 250 412 200 227 528 551 226 219 582 451 172 566 473 256
20
548 346 228 104 155 399 417 138 193 354 114 125 282 578 174 285 160 591 254 265
20
343 320 327 423 182 430 206 470 554 129 451 437 192 121 556 492 593 191 343 410
20
503 492 417 107 326 534 299 281 392 507 294 591 233 129 454 270 537 446 540 583
20
159 550 403 139 105 496 272 313 334 407 215 581 451 185 464 462 537 409 139 157
20
302 598 295 596 458 139 536 330 192 197 294 428 198 457 443 125 304 372 512 394
20
357 393 515 443 493 333 498 482 244 467 332 436 595 276 545 285 593 114 477 103
20
167 167 122 592 226 582 572 305 489 222 533 552 436 347 204 529 177 585 278 292
20
387 315 227 218 532 444 487 514 105 138 440 316 242 283 199 168 513 443 595 422
20
488 213 574 419 190 514 148 534 108 216 460 319 386 490 468 516 515 278 210 184
20
348 108 350 159 289 210 323 376 371 261 564 114 246 150 225 422 271 523 329 136
20
552 585 103 195 333 470 415 546 188 597 594 299 378 297 240 598 351 278 531 197
20
161 459 175 560 418 514 427 543 180 203 553 221 483 187 495 192 209 576 211 152
20
503 246 435 573 542 166 557 370 460 367 366 522 487 481 419 421 358 450 227 492
20
141 587 397 110 165 440 483 538 267 297 592 397 495 430 164 277 417 363 488 335
20
338 228 439 359 529 575 435 482 231 397 220 381 202 276 186 137 545 179 329 143
20
516 537 175 514 540 175 394 491 241 233 114 586 161 571 154 231 186 573 280 172
20
159 219 132 310 423 446 132 361 453 428 196 567 578 100 567 293 297 140 390 212
20
452 319 577 327 361 504 556 392 585 481 271 306 217 364 511 391 227 168 288 413
20
447 251 275 267 107 385 177 469 261 373 411 394 384 253 216 412 340 563 504 114
20
454 239 105 576 208 454 316 117 501 418 562 359 263 311 111 310 325 307 547 319
20
141 109 350 553 455 100 172 210 578 522 505 597 200 534 478 593 350 241 403 459
20
463 227 302 444 452 107 400 249 439 597 577 140 272 229 177 322 170 575 229 477
20
317 503 318 159 307 373 165 162 421 581 352 116 309 461 485 377 459 182 490 159
20
258 223 548 443 470 107 354 285 231 432 238 596 153 146 285 164 482 181 319 250
20
335 420 232 283 481 336 204 466 211 394 469 463 540 312 482 333 193 129 197 290
20
471 568 378 378 392 583 472 115 272 153 525 264 577 354 114 245 260 119 201 225
20
599 427 470 393 405 600 451 369 154 169 410 509 164 593 188 551 123 199 141 455
20
586 382 185 127 435 203 424 549 280 187 115 594 503 439 247 541 150 575 498 532
20
241 173 518 187 525 547 452 382 404 117 229 418 189 464 196 161 418 278 121 342
20
159 349 147 379 205 492 476 570 226 508 411 162 571 474 365 398 554 588 315 576
20
543 288 492 212 599 583 542 202 129 519 353 407 287 450 398 177 309 218 584 229
20
539 392 132 385 162 288 350 368 168 466 472 214 435 144 547 141 479 195 582 221
20
107 540 256 197 257 461 559 104 266 327 509 399 119 489 385 127 227 163 434 189
20
348 481 375 237 190 495 110 493 460 218 570 470 399 546 366 225 382 201 421 588
20
250 534 166 226 489 218 562 365 265 534 171 351 600 201 391 434 488 510 344 330
20
434 100 255 320 427 180 221 284 182 274 200 415 214 382 156 179 552 260 256 221
20
311 471 254 513 303 327 279 203 436 505 267 147 311 582 192 159 520 199 569 553
20
582 431 142 505 527 582 446 111 368 513 157 549 274 580 180 341 403 526 164 338
20
391 285 398 332 539 413 562 235 350 315 287 523 499 299 101 373 218 371 320 514
20
438 564 261 186 366 247 414 333 513 265 159 313 299 369 442 176 238 212 408 529
20
193 325 129 176 461 190 583 528 321 291 511 473 267 100 297 480 232 123 157 178
20
550 232 106 189 302 408 537 513 228 405 509 428 554 339 419 505 273 598 101 144
20
358 374 348 540 593 448 319 400 358 315 506 326 248 489 295 240 414 293 357 432
20
387 463 311 177 136 577 385 232 352 308 153 331 545 136 163 467 558 113 396 224
20
388 438 264 461 237 572 567 133 489 501 139 225 542 293 398 111 448 273 321 329
20
542 247 436 255 409 155 537 495 287 119 558 328 263 119 444 592 293 548 295 381
20
576 189 574 146 236 568 264 146 373 418 101 398 128 200 170 283 220 496 376 308
20
271 168 321 171 317 138 120 153 185 125 153 312 271 539 372 227 537 480 410 353
20
109 595 130 335 149 574 255 371 358 423 482 495 497 288 214 362 323 550 140 518
20
580 204 441 509 396 363 192 339 308 416 529 293 579 476 497 262 475 427 499 360
20
375 376 570 581 167 141 388 496 291 374 249 219 303 549 366 440 469 237 385 508
20
182 596 229 598 141 582 480 232 192 363 147 529 150 305 342 185 456 156 338 115
20
106 328 321 315 202 512 483 288 501 319 145 383 381 330 216 322 535 507 480 326
20
200 250 271 455 553 288 344 495 320 183 579 359 377 145 183 398 430 294 313 345
20
305 110 488 210 480 201 303 559 536 580 565 592 214 400 589 375 463 444 138 183
20
403 595 582 169 367 405 211 106 578 355 310 581 410 324 286 357 399 301 159 443
20
358 434 180 479 389 159 191 549 529 561 449 219 581 170 365 166 459 592 390 371
20
324 493 310 558 495 503 162 514 600 371 359 487 449 456 295 423 126 329 592 100
20
547 500 389 450 256 210 162 279 430 192 526 122 197 104 359 430 401 568 508 526
20
245 275 287 464 169 100 408 540 159 500 528 382 460 279 130 455 245 577 247 504
20
113 363 543 237 529 402 491 241 586 325 257 341 521 386 466 197 213 360 189 229
20
102 514 556 283 546 114 425 510 177 536 477 204 171 220 311 489 194 203 582 465
20
391 117 161 453 445 160 166 124 482 577 145 279 404 461 128 391 209 209 468 374
20
362 384 531 429 241 426 396 273 412 371 118 376 572 379 204 385 143 161 302 318
20
388 344 251 533 329 182 145 371 289 301 498 552 551 159 533 149 558 574 135 433
20
237 352 458 172 136 513 229 477 421 583 275 130 540 271 338 159 300 130 416 270
20
354 208 205 129 438 360 100 454 395 259 484 109 383 124 508 468 367 153 495 212
20
256 469 484 184 494 112 394 326 289 244 379 258 572 347 302 367 107 270 277 314
20
476 417 281 398 324 483 144 491 215 427 469 444 360 435 349 376 200 592 115 453
20
578 132 103 249 171 354 128 404 226 465 247 586 257 295 374 584 212 595 574 338
20
247 245 465 339 110 332 523 461 574 502 124 241 218 139 105 304 140 341 260 597
20
388 395 179 428 472 465 360 278 514 407 429 360 155 229 471 223 393 259 588 195
20
463 352 173 515 220 456 190 266 225 374 235 258 466 100 101 283 448 269 431 266
20
321 288 176 248 368 484 187 451 130 489 242 345 318 375 506 280 509 311 236 242
20
439 166 554 421 275 567 506 230 413 331 147 416 278 111 145 498 538 575 557 396
20
582 163 175 428 158 487 405 322 415 152 482 134 339 374 488 309 212 456 481 365
20
122 146 427 313 524 487 485 254 209 491 310 567 144 207 339 122 508 504 230 469
20
171 459 156 500 506 558 506 101 352 577 120 549 548 215 348 118 531 261 313 442
20
162 406 329 182 415 370 377 585 547 466 221 305 206 378 145 134 565 169 389 227
20
588 176 551 366 144 276 350 206 521 529 243 190 111 161 447 196 539 520 256 284
20
122 550 331 173 469 308 324 584 244 355 458 437 556 373 302 437 150 140 509 105
20
369 356 540 183 400 226 341 129 578 310 230 535 184 521 577 444 184 459 230 262
20
359 420 278 132 331 278 248 483 545 392 442 101 249 296 357 590 580 299 141 323
20
233 143 546 542 477 407 292 154 311 135 253 153 474 250 561 473 292 113 550 159
20
575 216 329 226 121 482 509 305 327 305 553 201 368 178 244 237 185 299 123 473
20
529 306 122 499 298 248 519 495 264 463 469 168 484 513 253 179 447 554 172 474
20
464 337 186 361 576 448 399 263 320 494 492 499 106 255 201 544 362 187 302 227
20
545 346 566 145 585 370 297 267 450 202 326 179 477 442 582 305 220 570 243 398
20
409 149 481 365 567 543 213 404 441 314 405 311 577 213 193 154 200 588 136 103
20
499 595 521 472 586 358 206 296 446 284 448 565 253 588 352 509 194 320 498 196
20
347 321 147 203 537 145 291 312 280 295 289 466 526 474 382 451 506 458 327 154
20
575 304 376 496 309 325 270 369 332 461 483 230 347 515 508 323 149 370 455 251
20
139 567 157 127 475 281 550 136 455 132 428 457 494 231 388 490 321 372 378 111
20
131 417 261 390 530 539 288 107 528 590 292 269 465 342 169 580 430 202 115 408
20
461 360 584 455 504 591 472 151 139 573 167 441 332 565 265 187 478 477 460 327
20
186 398 290 193 269 264 245 245 298 160 105 132 424 560 543 348 567 423 360 358
20
272 305 413 320 228 379 254 310 392 141 565 449 223 551 399 395 127 174 277 223
20
359 505 552 363 440 236 279 289 152 342 146 142 527 227 464 373 183 377 491 596
20
590 183 204 144 530 549 272 444 481 337 270 226 183 188 343 190 533 587 105 574
20
373 387 440 555 133 489 420 501 109 261 223 509 513 245 123 460 314 139 147 159
20
450 232 395 152 385 290 387 239 418 414 121 395 377 368 183 157 298 213 547 441
20
334 532 118 507 382 187 331 303 144 238 583 468 531 265 248 525 175 421 596 346
20
596 512 324 277 584 600 569 250 435 243 257 216 582 237 379 502 468 101 560 113
20
599 275 253 391 448 199 532 302 218 587 347 480 296 324 372 105 291 566 579 430
20
106 235 310 248 361 305 425 549 554 330 235 415 540 558 239 274 389 194 466 164
20
271 158 542 431 246 490 545 232 440 407 119 119 346 348 253 311 525 169 303 321
20
368 104 388 465 232 397 411 130 535 439 493 416 180 297 376 255 299 173 233 470
20
541 122 532 172 332 400 263 450 493 523 292 302 541 174 287 455 457 518 517 515
20
260 378 591 384 446 589 346 362 149 476 465 303 108 118 385 521 282 115 284 249
20
184 123 590 143 560 564 539 573 579 532 359 437 287 515 558 596 198 127 271 548
20
335 571 274 519 511 188 260 397 185 313 177 462 537 538 441 420 431 181 545 218
20
156 121 564 290 299 331 594 368 263 461 349 565 545 560 104 419 254 496 461 508
20
105 149 490 341 454 357 109 170 340 534 235 485 191 121 253 221 185 301 291 317
20
453 533 348 437 580 210 406 439 565 180 235 203 402 275 530 497 382 492 347 285
20
385 105 289 364 345 117 355 223 273 376 577 559 369 549 442 551 164 359 176 593
20
510 481 327 382 175 479 371 192 387 288 331 230 369 141 530 143 205 462 129 370
20
260 150 321 230 532 532 520 425 153 594 297 422 284 405 368 565 557 559 237 392
20
209 355 163 324 296 480 405 329 273 439 279 448 446 226 195 173 235 229 513 408
20
549 378 533 136 113 463 309 103 526 174 125 516 377 285 259 538 233 489 363 575
20
275 275 272 396 358 343 198 364 387 194 243 517 382 456 481 298 127 549 274 469
20
584 238 499 176 272 354 267 509 177 192 344 579 204 129 191 245 380 269 581 377
20
231 597 176 429 554 117 486 251 133 484 133 494 183 252 290 499 407 106 190 468
20
528 262 315 280 573 497 351 147 109 161 520 105 157 147 552 384 251 513 208 317
20
408 527 330 435 220 169 429 568 471 205 412 316 224 505 358 436 288 121 223 317
20
348 292 252 577 536 278 356 577 221 462 188 429 286 392 521 461 292 545 507 489
20
285 514 200 344 376 174 185 305 288 454 383 567 465 128 342 282 409 457 499 164
20
491 198 255 416 130 496 168 262 338 521 535 583 140 111 568 342 429 159 437 481
20
289 518 141 499 222 230 527 571 562 226 184 433 544 152 317 384 207 179 489 368
20
383 319 173 356 213 132 263 509 470 502 322 368 394 371 205 559 426 197 544 245
20
315 544 131 571 202 282 378 157 315 262 244 504 550 455 393 464 119 423 588 294
20
538 366 483 203 538 175 124 589 598 466 179 365 402 548 377 258 465 155 466 465
20
254 504 545 216 587 394 316 198 585 502 250 427 379 468 163 332 336 553 336 541
20
257 402 509 258 179 470 257 108 290 187 299 164 383 407 533 259 193 386 391 151
20
302 572 505 244 439 202 567 226 415 397 377 403 574 305 478 163 265 508 117 125
20
414 396 563 197 238 266 408 178 545 357 226 528 329 370 448 161 554 564 128 532
20
280 579 180 428 400 482 198 549 211 477 501 166 381 395 179 292 364 587 366 459
20
231 435 357 367 422 510 452 465 395 298 230 221 391 205 251 140 175 289 137 549
20
407 156 417 241 129 470 558 437 557 368 303 471 535 175 377 522 452 417 343 270
20
234 201 523 565 171 396 479 104 310 355 272 225 149 211 117 482 110 167 575 508
20
399 407 585 187 533 306 199 180 269 307 106 571 179 358 166 212 211 149 233 296
20
444 564 298 389 459 173 267 186 195 357 315 470 440 440 146 544 285 200 481 220
20
520 252 411 318 562 258 324 257 467 338 422 281 299 142 527 433 571 485 396 287
20
440 205 530 224 113 356 217 428 241 334 520 385 462 552 523 234 367 287 254 259
20
173 195 121 581 486 475 446 547 528 144 298 565 242 227 505 594 577 169 448 389
20
463 213 436 591 125 489 338 142 186 498 540 275 121 309 413 113 551 435 242 350
