150
20
458 560 530 492 539 302 329 298 282 538 533 368 508 248 220 544 566 141 350 118
20
381 334 199 518 201 139 198 312 249 251 464 107 414 151 145 118 282 499 435 469
20
369 297 156 326 235 422 451 261 438 161 116 545 587 253 221 206 214 228 117 445
20
465 376 123 104 551 127 151 390 454 200 551 313 458 197 257 566 434 208 227 272
20
100 126 426 536 317 558 318 592 222 288 479 219 161 251 377 166 208 269 395 584
20
571 232 148 329 505 501 157 186 351 438 583 100 120 584 246 334 454 467 501 515
20
225 302 134 489 291 445 134 349 449 285 463 393 346 173 102 281 323 523 588 327
20
375 267 131 300 252 498 474 288 374 499 324 181 330 490 483 569 322 104 536 359
20
200 281 497 584 452 556 179 430 355 436 150 120 451 291 198 268 572 298 106 361
20
553 543 155 348 481 414 283 123 195 469 393 255 503 379 143 451 174 391 453 256
20
437 342 256 562 248 563 333 547 286 484 498 459 381 315 561 438 168 247 526 232
20
210 364 187 521 333 416 492 168 447 281 564 231 455 408 204 252 386 501 538 571
20
246 165 118 194 385 262 121 583 492 339 130 314 574 432 452 220 197 586 246 152
20
468 284 325 277 451 454 566 303 188 349 538 575 161 589 167 468 283 243 547 505
20
286 148 388 287 446 386 265 392 411 414 576 109 337 331 386 460 256 500 211 180
20
149 465 390 560 224 455 227 114 466 401 527 486 416 381 441 553 428 535 210 534
20
475 503 170 554 537 423 318 189 186 423 256 376 373 452 464 356 462 381 134 556
20
229 509 255 284 221 525 487 506 435 571 394 440 263 577 448 432 449 256 260 441
20
561 471 504 472 288 364 135 528 563 145 243 577 325 150 179 518 340 519 255 581
20
523 277 503 267 226 145 179 248 597 392 464 371 376 107 242 521 569 534 338 564
20
482 126 440 585 577 186 436 592 579 290 555 254 591 588 208 439 282 531 492 403
20
283 294 458 475 391 498 477 519 175 426 257 579 362 290 110 113 229 195 446 223
20
517 175 406 305 398 260 286 484 579 419 286 547 373 580 215 535 336 415 456 433
20
227 594 228 506 418 222 316 273 467 512 452 396 579 476 231 172 415 228 426 551
20
467 499 362 258 404 133 436 118 368 216 319 475 447 428 231 137 208 379 349 388
20
285 585 361 146 393 587 222 454 503 105 106 270 111 304 536 186 585 460 570 543
20
206 101 365 129 519 332 110 529 534 465 577 269 405 311 550 566 408 118 400 554
20
144 127 508 374 295 374 272 197 581 397 189 146 163 465 450 599 217 312 319 337
20
164 461 422 176 196 203 297 124 120 509 200 476 220 467 416 297 217 121 538 135
20
293 457 445 493 530 272 359 375 226 284 593 214 552 157 520 403 463 322 260 407
20
182 348 337 309 357 529 474 260 599 212 175 599 593 297 186 229 456 359 557 536
20
314 271 565 525 272 357 293 130 568 384 432 567 446 164 245 578 119 396 399 455
20
475 417 381 301 138 315 364 101 157 418 399 412 488 311 574 578 254 568 340 293
20
524 230 482 353 207 199 459 270 332 449 124 501 483 381 280 463 113 155 544 357
20
433 325 543 511 390 195 327 376 233 258 532 163 472 296 148 255 285 397 122 231
20
465 584 221 577 290 398 363 543 488 507 575 471 142 272 396 157 476 525 578 270
20
545 266 390 327 120 285 302 126 189 314 294 455 514 340 384 557 493 484 522 274
20
478 405 308 323 586 376 291 325 260 240 128 554 390 366 328 581 101 357 544 176
20
402 571 515 268 149 374 581 541 466 415 174 406 446 302 595 557 154 499 139 140
20
164 230 572 370 111 211 385 179 350 543 212 559 405 484 106 593 171 389 239 477
20
552 115 348 278 529 174 168 227 387 499 597 599 460 577 285 493 156 300 222 491
20
584 358 379 360 129 213 477 390 212 139 447 422 333 255 515 331 291 122 151 305
20
109 103 547 185 191 482 323 143 331 142 498 596 257 214 497 492 412 309 600 436
20
274 495 250 521 130 418 345 316 152 244 270 404 305 290 150 406 108 513 233 183
20
590 556 481 197 195 596 198 382 477 599 114 432 441 470 360 468 419 545 139 525
20
208 143 502 436 417 475 220 538 357 221 361 550 259 471 266 494 352 349 131 179
20
368 165 137 443 469 291 435 186 243 304 340 479 466 363 480 229 362 142 323 110
20
591 474 348 501 554 524 494 175 330 189 264 216 301 196 596 383 316 349 504 265
20
248 339 294 419 271 333 105 416 230 475 472 474 257 133 265 598 393 421 478 549
20
401 494 334 427 589 418 496 348 298 329 173 584 467 598 355 449 170 495 434 144
20
490 465 183 114 579 393 156 433 246 119 222 421 539 394 354 290 120 436 457 456
20
212 295 459 516 209 346 376 298 526 326 175 140 594 570 284 167 384 392 193 478
20
394 586 501 363 542 431 467 580 302 278 428 169 384 142 527 427 512 443 311 390
20
518 133 441 474 196 364 371 512 250 118 442 296 444 342 369 254 474 514 393 586
20
494 225 572 506 445 245 218 575 598 334 224 400 162 479 327 522 598 278 452 158
20
586 243 263 376 193 429 293 383 196 437 529 288 324 119 349 440 178 324 334 375
20
521 387 361 135 445 332 289 560 513 571 509 485 262 531 284 380 582 288 287 315
20
382 303 376 495 587 409 129 185 246 284 265 123 600 530 535 537 171 244 146 382
20
389 353 219 438 424 508 181 463 586 358 447 282 286 326 133 472 172 118 142 467
20
136 174 309 451 188 335 320 492 211 592 335 367 516 373 494 134 340 276 280 481
20
367 569 543 329 162 299 480 315 246 514 333 364 454 491 384 163 216 209 197 174
20
135 548 194 420 573 209 306 232 441 499 423 322 412 232 348 181 521 190 362 403
20
237 120 599 322 518 547 108 217 187 205 217 504 267 551 249 490 564 365 395 406
20
259 188 195 543 364 449 600 289 354 367 433 498 400 280 362 125 260 242 450 462
20
192 159 169 377 248 532 261 112 199 184 544 501 308 276 246 413 506 362 249 129
20
221 408 523 238 375 532 352 340 562 307 183 529 504 365 573 269 244 594 388 186
20
118 587 324 258 389 237 478 461 518 215 170 105 340 539 320 217 158 337 525 480
20
123 309 286 501 173 132 297 225 317 454 354 256 284 132 277 543 554 452 179 532
20
547 589 192 116 155 247 514 408 438 428 116 181 258 458 469 145 376 463 600 202
20
567 174 417 389 412 457 126 167 334 495 491 464 423 117 243 179 589 280 186 439
20
569 514 267 518 548 214 121 143 531 431 366 174 412 574 140 427 500 165 564 531
20
599 303 555 203 324 105 239 456 373 430 118 597 569 548 169 474 599 532 163 254
20
258 441 287 498 594 245 428 203 381 562 273 226 269 505 259 306 176 226 593 331
20
108 340 222 286 521 574 462 574 290 177 369 180 340 343 302 530 302 131 272 574
20
598 222 194 293 575 468 270 554 256 310 571 580 304 358 260 156 318 536 250 339
20
222 224 226 355 112 395 527 570 222 498 559 588 599 201 183 258 315 286 230 521
20
289 145 250 159 153 536 396 420 170 214 214 482 345 367 208 363 336 435 288 437
20
135 139 517 595 130 219 567 371 576 211 451 325 426 273 400 158 526 431 122 462
20
256 205 382 585 183 183 411 316 112 311 502 263 594 321 321 500 242 228 401 430
20
229 286 530 274 517 412 155 247 465 228 258 405 229 232 489 201 105 480 468 375
20
111 116 581 540 434 107 207 167 191 353 118 439 455 153 344 240 558 277 145 264
20
427 244 183 107 572 388 358 353 267 579 172 512 296 186 285 585 114 448 535 218
20
260 459 361 583 189 460 541 247 540 187 301 102 526 355 139 408 185 528 443 481
20
584 222 175 452 148 183 512 368 266 216 504 330 156 534 395 514 135 292 140 522
20
562 437 169 581 529 311 136 235 203 429 468 423 559 189 526 557 297 174 147 582
20
402 306 510 474 383 110 186 278 411 500 313 132 428 272 488 256 267 211 576 416
20
276 518 104 245 415 317 158 348 124 226 298 345 275 339 515 589 118 312 341 513
20
286 367 234 122 554 106 230 567 224 393 571 372 269 400 202 147 536 279 301 566
20
265 456 140 459 555 188 206 538 141 138 438 148 126 591 342 267 524 152 374 549
20
146 597 297 110 251 152 250 486 489 420 565 493 162 596 540 499 113 328 318 548
20
303 202 158 418 280 175 590 307 162 152 587 232 255 147 271 221 283 233 249 100
20
260 267 163 181 132 281 226 508 532 316 273 363 322 245 586 137 398 575 213 563
20
587 369 395 321 401 414 131 587 538 210 155 235 165 230 387 487 437 466 151 497
20
268 363 412 533 298 494 319 148 353 242 137 238 407 442 584 241 110 320 344 133
20
368 565 318 178 188 440 237 358 412 133 198 494 249 557 425 452 564 150 200 130
20
547 153 578 278 475 135 438 435 266 436 166 465 556 586 374 433 472 388 404 255
20
590 210 369 137 106 194 176 368 231 181 192 510 467 344 142 565 511 240 460 262
20
573 387 245 427 246 110 363 380 414 239 116 117 509 278 204 569 136 520 311 239
20
333 580 145 139 525 448 324 336 149 512 241 338 110 504 336 342 333 312 120 396
20
149 452 255 371 383 224 554 278 554 409 481 460 458 286 430 444 118 515 518 349
20
302 587 349 410 159 308 538 379 596 428 237 422 262 451 416 514 160 367 210 196
20
532 306 456 207 521 108 576 380 412 145 233 157 444 320 529 221 436 596 587 285
20
411 373 374 168 195 268 600 585 292 119 126 308 172 395 567 267 463 575 215 326
20
278 299 427 442 296 368 406 335 556 347 387 335 498 136 481 169 204 213 450 449
20
253 561 198 148 214 489 577 322 516 420 482 200 266 319 465 488 140 105 425 396
20
596 174 295 491 149 364 440 386 166 237 561 529 338 220 472 110 207 319 578 197
20
167 508 274 281 201 321 193 337 340 438 127 316 558 142 346 543 329 486 142 479
20
391 596 416 321 240 438 387 354 370 526 118 148 334 153 132 443 269 150 243 206
20
314 368 378 277 516 456 266 284 510 397 273 295 194 390 213 305 167 586 162 241
20
460 429 526 311 174 146 163 560 112 446 150 402 398 396 106 291 176 112 195 487
20
124 594 511 558 443 270 461 190 328 373 402 142 530 577 298 476 196 486 353 357
20
244 162 306 100 324 305 350 349 418 197 431 197 108 129 327 257 245 274 414 381
20
395 275 595 204 167 293 195 148 413 553 136 395 588 289 455 314 363 328 437 427
20
203 599 478 443 134 143 314 534 476 136 243 353 111 123 503 504 547 340 581 532
20
222 578 556 311 398 147 105 393 129 382 495 352 516 390 314 578 384 117 580 408
20
348 169 532 324 102 314 293 499 461 454 355 286 205 432 134 111 378 219 154 328
20
579 100 267 490 318 471 542 439 133 558 473 492 148 278 498 403 193 390 332 396
20
361 314 139 554 124 151 197 183 256 532 563 513 219 572 134 201 291 245 134 410
20
348 487 529 418 319 482 186 542 442 442 460 535 591 146 507 139 168 555 322 325
20
200 480 554 560 540 307 304 147 340 294 435 502 265 277 309 135 551 472 418 455
20
398 258 294 452 453 253 267 442 325 468 519 154 570 255 451 540 353 257 480 528
20
369 132 565 160 242 298 589 189 464 121 121 435 408 119 346 178 475 322 107 115
20
161 271 323 224 293 465 400 311 296 430 172 135 524 334 342 169 113 545 341 239
20
269 324 199 416 232 515 461 199 456 511 122 119 292 314 583 297 331 546 309 135
20
366 404 357 454 374 125 108 546 433 332 432 570 114 301 441 521 257 348 517 235
20
501 366 502 379 282 255 514 280 261 194 154 236 539 257 392 530 534 463 414 354
20
105 534 362 378 566 348 468 362 473 228 441 392 200 371 119 518 495 296 344 348
20
570 477 437 410 502 328 255 334 542 154 186 310 347 587 333 197 176 114 270 191
20
438 373 497 113 553 494 244 248 210 400 591 507 512 179 479 300 495 405 373 376
20
507 335 161 406 559 376 241 521 341 592 198 181 327 399 417 221 380 469 547 129
20
281 320 352 327 499 405 290 140 320 176 425 319 420 361 244 586 453 320 281 266
20
476 302 296 318 564 332 312 284 527 379 328 255 552 332 346 139 387 533 343 596
20
305 469 537 237 321 322 573 136 587 127 492 346 429 203 274 473 377 316 427 412
20
213 496 261 130 389 326 254 266 503 360 356 408 269 574 210 451 165 246 433 103
20
431 440 104 391 364 191 123 156 367 472 144 167 491 246 367 223 555 588 143 502
20
591 292 335 330 563 143 143 165 564 398 126 372 256 342 210 505 435 466 212 254
20
551 114 341 442 480 464 472 498 282 153 373 311 470 460 433 235 466 153 406 453
20
287 340 422 493 355 590 445 562 505 492 327 542 291 148 517 227 255 571 114 548
20
372 500 338 101 353 497 268 262 278 465 336 487 153 584 600 281 448 414 545 280
20
434 357 571 303 348 233 535 386 111 329 279 545 121 599 494 409 235 160 348 163
20
165 211 328 228 152 348 409 235 440 303 281 118 568 549 267 394 477 175 254 385
20
542 423 591 239 381 159 575 216 439 137 441 560 289 527 316 339 141 389 237 210
20
178 587 541 446 398 591 309 235 484 144 573 132 432 310 585 288 103 182 420 480
20
367 150 237 192 284 508 428 310 239 126 232 110 206 419 420 348 253 486 236 342
20
253 532 595 135 352 252 418 138 466 570 276 410 573 524 119 585 270 183 219 510
20
266 376 559 595 285 328 290 195 258 252 448 166 339 457 410 487 597 490 108 302
20
245 227 162 197 220 592 332 304 587 115 260 231 202 466 566 432 459 211 201 467
20
557 569 398 272 295 152 312 498 242 551 474 247 202 444 113 193 351 181 480 573
20
141 238 155 553 150 315 123 398 382 119 124 148 304 535 424 418 569 599 432 245
20
185 230 517 149 527 459 400 581 127 186 306 554 560 393 189 358 328 208 170 255
