150
20
382 141 546 259 487 235 449 293 453 392 546 186 410 258 175 298 230 385 462 332
20
567 291 325 312 113 161 588 192 318 380 542 197 465 196 475 564 529 236 474 528
20
418 535 173 158 391 380 359 195 114 217 376 248 534 484 455 580 532 419 108 358
20
382 467 108 524 119 460 262 369 138 321 539 332 122 384 101 215 470 457 170 101
20
319 342 175 545 583 210 528 283 483 583 135 566 322 445 420 452 358 238 265 426
20
170 406 550 567 497 363 128 404 390 508 289 425 403 170 560 188 257 299 401 451
20
443 478 448 481 286 355 524 149 330 473 463 531 432 393 454 442 478 346 230 298
20
403 483 270 533 203 161 283 384 132 286 432 227 495 111 123 557 509 483 329 129
20
486 533 532 553 373 336 281 185 408 312 529 480 571 442 163 320 409 423 147 572
20
494 364 575 376 582 238 447 371 494 432 113 394 136 328 159 425 224 510 226 565
20
239 210 523 580 384 125 374 396 477 414 352 573 257 404 205 101 219 380 356 369
20
392 562 202 136 231 529 109 549 232 599 109 596 232 295 235 404 463 462 494 383
20
191 596 597 366 547 577 193 404 324 557 211 397 386 182 379 572 228 111 369 119
20
388 281 218 375 367 297 522 433 370 573 133 161 329 452 356 595 458 112 130 496
20
104 413 472 600 300 403 492 401 168 333 131 203 213 479 425 326 563 111 580 355
20
342 479 560 182 487 431 324 107 301 143 306 373 168 398 507 197 165 247 218 447
20
106 490 444 530 496 201 212 328 270 538 468 244 352 354 578 124 274 405 563 416
20
524 129 207 563 404 528 116 570 459 333 308 152 188 370 350 552 317 284 366 157
20
260 114 270 597 114 427 243 444 352 492 288 479 172 556 586 192 470 445 439 568
20
327 269 145 592 116 292 200 401 403 440 316 131 236 405 371 127 296 369 473 139
20
230 518 558 264 343 144 128 536 230 441 261 139 130 114 170 230 225 233 171 527
20
297 151 139 121 253 375 467 246 274 372 458 129 313 375 151 429 199 398 500 440
20
503 279 338 256 332 331 169 280 331 289 509 101 435 335 161 180 226 539 553 155
20
423 233 333 344 238 253 252 509 293 157 399 342 199 220 282 332 341 426 281 226
20
405 247 341 578 427 114 501 210 390 275 217 375 477 110 369 178 581 305 358 356
20
336 426 302 269 177 585 230 348 250 253 364 299 222 259 295 180 459 394 393 409
20
207 442 363 427 344 284 341 431 106 541 343 391 460 354 391 431 447 564 171 590
20
397 337 171 306 397 148 451 181 331 285 234 350 174 556 378 588 571 143 282 539
20
429 363 308 195 381 175 132 157 395 132 307 464 154 501 547 382 240 333 306 150
20
267 550 531 225 238 350 422 224 326 528 351 438 475 266 385 384 359 298 261 414
20
374 509 281 590 274 160 531 545 386 262 337 315 521 127 463 595 145 551 336 287
20
156 340 238 207 418 560 307 148 380 373 212 558 569 104 315 114 183 306 164 352
20
295 263 187 229 249 553 183 349 447 280 307 333 355 238 574 196 211 276 440 556
20
586 556 540 382 470 333 431 413 295 370 187 451 377 279 117 309 502 106 596 336
20
472 505 424 213 491 329 585 150 231 599 462 398 341 211 495 331 129 294 395 341
20
263 316 419 589 245 221 189 318 361 198 252 247 585 107 101 488 333 312 255 467
20
202 416 177 290 229 419 188 126 219 506 545 374 523 251 457 598 365 164 495 448
20
516 524 171 153 475 238 133 493 419 219 289 362 313 396 285 270 327 195 429 567
20
380 325 520 392 299 285 341 442 209 408 308 294 357 244 258 136 298 172 382 284
20
225 332 265 254 391 303 278 106 576 531 387 349 528 512 183 400 241 218 454 391
20
551 266 352 273 470 242 183 401 406 108 205 526 283 598 285 282 255 377 202 381
20
401 434 383 309 124 192 554 477 280 399 580 422 478 389 173 163 194 135 146 544
20
224 166 327 570 338 182 137 180 410 513 288 128 443 105 589 587 154 397 524 231
20
212 299 178 532 156 329 152 535 436 113 558 573 316 212 507 407 424 234 450 554
20
599 180 379 418 321 537 508 303 285 458 345 265 460 492 380 232 227 483 574 449
20
180 145 516 512 310 111 411 451 569 303 271 294 466 266 515 240 413 130 168 120
20
171 278 406 340 145 587 466 414 405 402 389 117 596 556 569 540 100 322 331 419
20
346 551 430 184 318 365 337 237 230 481 157 113 296 128 423 126 416 495 387 457
20
381 280 163 102 480 191 342 599 447 102 140 206 246 284 139 332 193 383 560 532
20
373 230 488 406 232 472 309 551 517 246 384 541 246 287 402 186 162 494 587 114
20
384 478 136 153 593 110 127 165 122 535 135 520 349 203 122 413 493 503 467 560
20
196 298 191 235 109 487 556 441 548 182 506 511 564 186 140 142 157 406 107 298
20
115 438 141 134 226 512 557 347 476 452 410 361 532 173 200 157 527 163 149 343
20
236 387 592 307 421 413 462 441 522 491 478 558 128 500 172 550 519 428 399 115
20
353 195 311 342 301 591 310 242 408 235 449 499 415 273 424 450 597 438 147 432
20
394 211 462 420 128 338 157 554 164 103 107 514 468 341 288 143 380 570 552 139
20
119 252 525 477 572 231 278 393 501 159 553 385 449 446 106 534 428 417 130 466
20
308 578 123 315 428 467 359 323 521 190 441 361 579 469 557 560 599 429 330 548
20
515 200 531 568 159 177 111 579 270 524 274 523 123 306 314 386 551 328 302 363
20
146 154 295 489 331 289 430 242 461 298 474 142 365 360 133 155 473 348 449 340
20
142 220 593 576 258 242 189 132 173 377 416 342 317 407 229 241 150 378 300 330
20
108 210 209 196 175 470 368 149 253 194 331 124 377 106 507 317 259 205 341 565
20
192 350 464 347 185 517 466 214 265 197 577 117 319 244 584 385 527 147 167 315
20
236 433 176 301 279 178 290 536 274 507 318 240 581 308 302 200 448 522 405 548
20
144 521 564 227 516 549 447 163 141 549 588 500 217 584 113 411 438 202 266 457
20
593 140 109 386 265 533 550 408 337 185 393 141 144 308 417 130 366 545 492 230
20
205 344 174 309 297 356 153 137 566 358 215 272 586 415 139 164 595 546 133 538
20
495 396 493 577 131 474 428 279 440 599 434 150 565 308 245 154 153 444 102 294
20
358 496 285 509 411 520 168 556 426 591 485 407 169 246 229 544 544 163 380 100
20
210 479 172 378 336 226 124 335 214 212 142 136 172 215 280 150 515 209 129 418
20
351 307 287 542 458 191 463 187 575 486 346 231 540 256 416 141 572 279 204 530
20
546 120 569 313 440 600 266 160 480 530 299 498 209 125 270 348 176 511 338 196
20
578 504 117 179 397 114 344 309 522 247 541 365 525 542 179 129 380 229 266 292
20
523 340 347 470 281 517 153 547 560 187 457 432 117 553 597 598 436 144 597 165
20
156 128 356 488 148 433 448 144 533 226 373 214 329 187 341 541 139 369 525 109
20
244 208 157 131 294 336 196 495 320 200 276 143 549 533 188 391 567 195 151 201
20
139 116 204 412 113 164 433 561 422 229 314 598 392 540 286 281 336 478 596 411
20
153 161 583 425 386 528 469 137 156 410 401 118 224 332 252 241 504 302 232 121
20
507 543 206 529 523 455 513 427 190 180 174 153 316 566 398 324 421 582 215 466
20
317 477 429 494 105 348 287 346 383 448 267 195 552 562 217 162 193 466 186 571
20
420 500 417 258 200 527 452 154 112 491 419 518 569 304 587 254 381 444 428 230
20
474 354 567 475 394 324 299 379 387 522 396 465 122 195 252 337 488 582 163 539
20
156 433 490 481 359 494 355 531 120 266 395 434 301 522 181 490 515 440 357 488
20
442 179 571 250 472 154 415 356 176 245 100 258 553 357 162 530 175 364 391 239
20
172 489 319 358 311 437 239 144 177 381 106 492 419 302 235 597 275 448 596 326
20
159 168 589 306 370 338 506 573 179 361 271 118 501 207 538 264 422 328 501 167
20
440 110 529 481 117 315 378 364 266 461 233 434 125 447 229 176 388 358 282 215
20
231 424 297 590 496 192 299 267 471 498 527 310 445 521 549 597 137 159 449 535
20
491 166 281 481 244 164 157 153 245 483 309 384 308 318 321 422 332 315 292 293
20
115 581 317 497 397 317 348 253 456 438 345 394 182 363 382 550 365 309 518 288
20
139 218 306 323 432 375 206 584 107 174 389 110 532 185 204 443 369 431 542 355
20
497 358 420 549 349 528 593 439 392 367 539 382 219 362 234 250 313 487 131 569
20
492 450 536 174 484 522 305 299 590 402 586 147 110 147 568 180 543 323 418 192
20
147 586 223 596 125 485 585 287 527 205 400 177 463 401 452 583 580 269 414 181
20
355 154 412 113 582 480 341 557 394 447 383 153 571 369 121 227 508 413 253 300
20
399 453 335 302 108 155 397 493 320 510 385 205 275 583 390 230 556 579 402 106
20
119 288 405 346 369 496 191 101 116 359 391 104 479 330 307 399 549 592 501 398
20
327 250 529 357 477 312 524 275 280 110 391 580 214 233 531 533 309 275 492 387
20
379 584 281 582 355 479 406 591 497 212 545 311 317 244 406 509 533 186 139 185
20
529 414 255 562 122 525 334 373 303 562 101 400 395 501 196 173 337 312 262 101
20
272 105 515 160 558 181 589 400 172 224 220 485 318 585 223 299 188 261 582 217
20
497 352 389 577 409 229 170 358 227 520 510 110 535 248 106 150 115 170 220 330
20
439 320 198 309 137 373 296 359 206 177 304 177 419 188 122 488 376 149 275 373
20
574 575 218 397 102 505 211 487 459 215 373 303 208 158 575 168 454 576 497 361
20
572 431 407 105 492 551 240 249 296 236 449 108 325 257 406 210 488 312 506 317
20
553 304 562 543 305 392 467 548 537 447 550 145 514 326 436 405 400 364 351 568
20
376 499 368 337 529 532 586 349 466 522 109 362 452 524 554 284 467 528 336 253
20
516 473 178 393 529 106 230 523 373 491 496 217 246 166 147 508 354 321 321 385
20
571 358 158 570 441 295 141 248 563 190 237 479 353 258 392 220 585 375 197 591
20
214 254 133 272 543 154 140 315 181 527 252 357 387 210 483 334 393 208 229 287
20
344 398 292 144 212 210 293 273 373 357 510 414 333 261 369 593 177 257 181 226
20
442 387 558 548 207 476 476 488 128 294 342 175 266 328 423 443 219 572 491 184
20
226 460 186 150 583 172 147 113 216 434 343 240 597 531 414 432 553 276 407 303
20
322 495 596 544 202 551 478 160 461 188 244 107 123 108 267 553 205 251 175 520
20
536 198 425 512 578 293 183 544 277 292 504 284 113 295 493 169 276 185 430 127
20
212 179 113 593 114 518 121 121 569 463 555 231 278 459 158 179 518 464 321 121
20
287 478 333 136 247 462 419 123 300 142 193 163 324 257 180 387 377 190 267 537
20
162 482 122 524 188 404 322 220 550 485 280 539 201 171 368 490 312 256 561 267
20
470 294 420 558 450 243 590 384 209 465 407 201 453 182 402 435 195 309 479 307
20
597 504 242 107 566 519 561 326 468 351 385 401 552 266 176 245 117 264 220 249
20
222 589 340 239 370 371 220 423 529 455 456 149 459 233 363 352 218 223 441 119
20
367 588 100 154 275 210 238 454 450 388 145 366 578 291 509 557 474 283 301 352
20
204 419 569 565 297 274 426 246 581 248 418 275 577 483 214 232 340 442 445 329
20
166 292 304 480 350 525 336 196 239 144 127 183 209 494 591 194 161 370 106 533
20
534 321 531 364 531 257 463 194 385 335 398 263 450 533 392 250 577 117 339 177
20
212 327 537 572 294 448 498 188 331 144 393 508 504 335 279 469 525 430 255 576
20
382 397 181 418 501 417 103 207 529 450 396 286 426 428 512 553 333 502 266 463
20
265 100 544 405 424 249 386 352 190 361 524 382 431 139 214 106 593 210 568 262
20
485 488 591 200 273 388 357 359 394 329 352 175 323 160 531 468 220 545 566 556
20
267 296 350 259 600 470 266 475 144 269 226 495 208 149 201 599 176 163 543 112
20
293 448 176 592 314 433 298 186 156 207 265 531 553 223 260 586 469 139 366 461
20
400 334 400 497 593 585 441 494 483 245 172 141 517 417 478 285 326 501 135 113
20
237 256 426 255 277 581 316 258 176 382 240 284 161 487 542 263 209 336 479 503
20
536 433 555 478 451 285 222 150 576 585 160 189 534 208 396 262 490 526 384 115
20
101 193 365 325 573 375 367 587 440 304 177 187 467 597 386 431 505 434 446 163
20
147 197 386 516 330 427 228 138 557 489 549 287 532 160 324 276 566 320 547 260
20
582 234 557 557 347 280 264 388 370 123 200 367 188 374 349 381 523 174 170 252
20
282 171 249 384 589 111 327 422 275 372 417 461 306 126 390 410 436 269 191 245
20
457 257 373 106 167 139 279 407 190 532 214 491 200 552 261 391 291 270 377 116
20
448 143 565 220 134 505 194 522 245 443 303 330 490 232 599 275 523 274 472 175
20
256 221 388 496 256 385 372 139 182 514 583 287 150 274 205 210 376 116 582 215
20
265 149 402 310 507 469 426 333 593 598 118 133 258 469 366 556 504 580 176 367
20
138 421 435 393 299 589 124 186 360 184 206 503 405 556 292 201 559 211 429 105
20
320 315 295 541 441 398 304 129 537 246 373 507 381 508 246 560 397 112 397 560
20
290 104 241 414 384 189 286 451 450 128 463 139 555 353 120 110 521 448 107 290
20
509 257 580 190 178 229 109 508 493 530 453 421 210 489 534 434 495 526 479 518
20
484 564 178 282 361 125 246 343 444 361 458 356 596 124 323 227 368 224 372 544
20
210 595 393 542 553 516 141 343 105 225 430 393 252 468 548 327 181 135 481 286
20
276 441 431 472 100 553 217 148 490 422 201 526 209 180 139 384 517 157 292 548
20
535 341 268 579 337 203 424 375 395 588 564 290 300 322 530 213 474 383 291 135
