150
20
150 315 215 382 198 422 257 180 358 110 586 310 480 455 236 149 217 191 318 309
20
300 513 384 254 581 211 315 333 205 573 587 437 394 585 312 347 433 448 457 519
20
445 319 182 353 599 407 152 354 503 280 150 346 543 497 276 400 322 538 204 121
20
564 247 352 193 325 519 140 244 389 427 115 215 407 214 579 149 154 526 381 509
20
481 394 573 592 210 335 193 212 359 594 567 381 463 181 524 307 338 397 244 422
20
398 562 491 147 542 512 265 259 280 151 266 183 500 583 146 401 512 562 355 490
20
336 526 298 554 227 490 410 406 251 381 368 527 148 505 243 377 479 292 434 284
20
193 104 455 174 442 256 301 410 155 319 564 178 440 400 125 315 119 116 126 454
20
561 350 116 381 539 484 521 530 253 234 396 265 167 126 311 341 564 559 358 161
20
379 142 269 254 157 431 401 437 465 477 389 285 393 134 421 388 146 317 369 186
20
582 546 315 525 138 594 101 596 116 559 345 114 459 166 412 419 112 428 372 237
20
262 402 504 235 402 347 490 284 419 235 150 517 266 112 391 374 280 106 211 435
20
217 570 419 582 322 246 226 105 357 392 548 495 322 138 194 593 175 225 222 100
20
233 563 437 261 420 587 515 515 258 466 474 380 544 197 208 467 486 475 498 206
20
374 551 462 570 260 196 462 419 519 442 209 263 332 345 143 225 499 546 447 268
20
135 294 240 458 487 469 442 214 278 175 153 273 475 291 581 336 193 286 584 311
20
479 488 263 191 289 125 242 244 279 497 104 278 275 393 355 132 416 463 178 163
20
338 108 209 240 364 193 512 358 315 439 245 280 404 170 464 369 146 521 338 275
20
241 528 206 120 183 442 203 559 329 376 480 315 417 537 362 581 493 582 330 515
20
575 228 422 256 562 209 405 566 374 412 506 586 173 444 544 359 510 423 245 467
20
473 540 490 198 296 407 388 444 148 544 577 579 592 207 335 297 465 200 393 446
20
439 557 151 147 284 590 146 555 259 171 319 111 114 174 355 341 370 337 235 532
20
506 140 525 562 473 297 481 217 572 590 579 494 593 340 509 592 508 446 495 391
20
243 565 222 594 149 124 340 579 240 429 187 184 200 575 346 196 236 159 376 544
20
487 162 276 353 523 185 212 589 218 511 418 241 272 201 138 143 139 527 188 404
20
369 380 199 460 256 458 344 323 236 566 598 436 257 269 431 241 438 212 158 573
20
520 209 518 371 581 494 280 118 578 283 540 600 478 491 366 524 542 314 309 506
20
218 330 473 314 270 337 537 305 155 478 362 343 329 338 267 380 581 238 462 159
20
559 242 367 265 403 348 254 199 347 149 267 377 394 224 485 250 486 167 591 273
20
197 495 478 322 484 182 305 444 372 131 513 380 334 512 409 600 216 538 157 551
20
437 368 249 492 436 354 363 485 285 496 133 184 381 225 452 336 291 292 554 102
20
494 118 216 471 186 193 548 435 288 544 503 515 554 147 337 392 546 526 320 174
20
144 184 431 494 451 514 405 431 280 353 157 115 269 124 127 191 171 501 326 345
20
188 526 494 537 504 336 488 445 579 300 506 175 540 299 272 390 322 286 223 475
20
240 478 142 532 153 202 343 187 471 414 477 122 161 342 364 166 387 581 443 186
20
119 190 294 293 375 360 345 359 270 376 300 194 539 495 176 288 104 149 155 558
20
142 540 211 514 416 189 168 135 371 370 381 568 281 277 338 327 502 588 410 271
20
329 521 191 462 548 425 309 488 103 529 342 471 101 568 156 173 311 452 231 356
20
222 481 215 543 142 139 299 403 162 268 360 229 285 506 159 214 161 105 539 310
20
348 412 551 257 576 447 526 294 313 398 489 199 467 133 172 417 191 239 157 211
20
404 555 338 346 588 520 110 204 167 217 372 279 591 233 436 188 296 177 415 404
20
436 150 359 169 349 105 208 429 549 174 548 495 564 257 440 486 258 188 183 316
20
525 229 377 335 480 365 148 319 197 168 353 486 136 493 449 323 390 369 174 356
20
301 211 120 134 477 385 455 188 412 388 304 176 402 156 202 183 506 194 557 480
20
160 208 278 462 425 459 425 144 545 292 413 206 322 140 470 525 534 457 149 119
20
429 351 209 412 222 316 292 512 320 346 523 488 235 458 234 131 262 221 320 160
20
190 130 419 224 407 294 542 537 175 377 460 333 353 324 279 434 244 204 373 222
20
466 165 179 583 339 179 241 279 258 403 421 202 503 593 306 375 369 420 393 258
20
106 127 178 227 462 354 475 313 394 239 585 257 547 507 371 183 260 289 187 473
20
242 410 586 345 239 204 155 515 405 135 201 315 292 444 488 487 158 313 190 255
20
103 570 397 415 526 161 165 474 590 320 106 382 504 353 386 470 199 362 315 160
20
264 145 582 580 131 218 200 444 139 320 201 174 587 536 433 264 252 160 204 589
20
466 459 234 342 385 420 392 427 256 426 451 328 328 577 489 303 342 395 390 126
20
249 391 427 562 554 228 394 444 281 470 131 247 329 452 277 165 564 565 443 188
20
593 515 335 574 456 156 327 247 351 344 579 496 507 313 125 269 265 236 225 441
20
359 114 184 114 370 517 487 516 160 245 443 363 336 537 151 362 186 416 557 231
20
487 259 493 298 442 413 391 540 189 138 419 266 503 417 117 589 562 503 529 325
20
382 549 169 370 486 241 558 325 508 528 185 540 304 270 146 493 384 519 224 400
20
444 218 461 202 510 384 277 331 204 291 266 220 490 582 224 178 271 106 481 318
20
195 348 517 572 314 216 100 587 408 234 505 298 380 317 341 317 161 445 157 352
20
463 169 108 373 217 372 281 570 279 470 118 523 192 142 486 181 216 387 125 198
20
598 588 105 133 480 448 475 474 289 369 520 249 512 529 273 127 568 454 349 191
20
186 239 393 125 595 429 178 521 134 376 499 188 543 309 196 571 366 257 334 533
20
357 356 182 311 201 201 587 570 284 238 546 193 320 462 529 529 582 599 277 581
20
287 568 292 554 471 300 362 206 369 245 291 552 120 400 486 538 378 172 172 345
20
118 585 277 474 229 381 207 557 462 137 168 232 579 357 531 574 501 459 394 415
20
457 213 569 268 120 600 565 446 594 177 383 149 494 557 441 111 438 420 439 110
20
124 209 262 359 138 564 106 267 115 259 427 190 520 214 516 428 378 265 208 521
20
150 131 416 528 497 488 259 132 358 495 492 558 478 200 526 489 351 202 248 294
20
446 230 156 349 303 532 261 550 438 138 467 332 239 339 400 391 291 550 436 347
20
369 524 193 154 584 181 389 524 403 111 257 513 407 268 306 127 566 438 460 292
20
491 463 269 495 424 449 321 204 162 309 589 549 588 197 485 568 206 307 365 481
20
336 467 212 311 339 205 599 299 578 254 365 504 173 261 193 464 237 399 389 541
20
407 364 205 391 414 191 443 262 278 444 476 497 450 289 407 398 196 587 283 599
20
489 164 194 519 430 314 133 239 266 300 471 177 123 408 201 147 140 361 273 122
20
137 408 186 156 513 445 227 563 520 282 362 235 446 435 249 132 446 215 294 558
20
543 162 447 539 404 255 177 163 573 555 435 445 350 500 364 309 221 595 305 545
20
336 419 204 216 324 200 582 477 535 164 461 183 416 545 530 581 544 321 184 114
20
271 237 505 497 555 503 201 395 262 222 415 231 124 373 143 440 290 156 153 218
20
580 130 144 545 156 153 113 132 565 113 256 409 370 122 230 230 224 282 482 177
20
356 381 418 308 266 509 354 129 215 513 481 285 372 449 211 580 516 463 278 513
20
410 199 455 207 121 511 552 374 201 128 301 454 576 310 551 425 566 307 479 562
20
558 100 134 515 266 165 400 497 272 178 551 104 229 181 360 529 470 240 301 122
20
274 265 318 385 305 281 168 583 259 556 373 562 108 553 373 129 455 135 153 395
20
452 100 335 569 543 150 572 455 493 200 357 198 340 319 189 251 276 560 557 506
20
126 500 267 437 492 552 442 164 234 403 268 536 388 389 111 462 218 508 539 557
20
540 231 599 569 553 509 510 245 551 487 467 281 505 408 569 279 297 126 456 410
20
359 388 241 510 443 246 356 285 117 540 330 101 120 570 287 596 192 130 149 208
20
554 357 599 308 506 569 203 238 563 509 172 580 545 579 549 389 527 142 536 224
20
580 273 165 497 508 535 231 358 538 264 593 397 224 111 404 524 306 373 109 431
20
574 225 322 288 391 228 532 450 287 300 106 350 279 473 421 383 512 370 328 507
20
502 153 593 109 563 484 574 348 563 115 285 445 552 194 223 416 213 508 116 294
20
115 227 393 576 422 446 512 141 386 224 289 573 121 172 281 587 568 544 336 382
20
123 562 446 142 190 443 425 365 487 514 467 445 345 591 303 201 391 447 295 120
20
472 270 388 326 549 190 466 284 204 174 281 571 403 237 420 343 503 455 377 159
20
465 192 337 398 523 567 497 385 194 464 396 310 226 300 206 549 172 147 357 351
20
562 118 268 544 558 270 536 373 399 384 414 501 498 539 453 477 349 517 516 416
20
183 155 386 156 366 140 370 588 316 397 294 218 325 517 160 113 174 109 521 501
20
134 595 580 294 446 201 185 233 403 444 100 444 430 261 534 489 108 186 394 365
20
395 394 486 435 505 582 549 238 245 198 319 551 567 285 433 233 583 291 310 301
20
268 329 314 545 219 102 534 598 532 480 188 444 515 317 239 548 180 159 569 382
20
273 600 139 300 137 597 418 129 179 214 538 506 509 208 150 426 164 114 368 211
20
428 563 151 342 216 118 562 451 251 170 110 148 418 157 465 381 249 115 181 328
20
111 416 574 309 365 511 268 193 469 172 212 319 345 527 516 416 189 532 503 290
20
188 507 210 113 126 174 533 351 528 533 332 126 212 578 258 145 375 460 543 528
20
387 396 507 247 487 369 527 272 369 187 577 194 442 178 498 492 526 414 150 480
20
193 229 486 121 427 103 235 519 250 346 118 187 420 371 257 576 197 328 310 363
20
181 317 311 377 534 556 222 350 217 218 314 195 541 269 498 465 509 587 363 320
20
123 330 151 266 410 272 455 479 505 506 224 305 408 102 421 504 557 122 386 126
20
567 300 380 264 447 155 305 494 303 136 155 552 417 553 467 150 593 491 183 553
20
332 547 106 350 410 375 128 554 102 556 522 292 474 537 227 362 154 334 289 347
20
311 203 464 542 148 508 350 131 582 248 256 340 524 401 301 176 559 463 507 282
20
304 540 477 397 189 215 470 471 116 157 314 253 377 523 327 465 353 342 420 222
20
560 330 235 243 489 161 244 109 186 139 578 324 397 417 199 353 164 234 505 447
20
500 506 379 518 327 264 250 282 406 195 521 313 293 322 312 245 402 416 402 116
20
316 180 211 553 557 419 481 356 540 471 501 517 119 199 203 459 389 178 408 349
20
114 270 532 353 261 483 579 164 207 229 416 598 214 350 228 190 221 200 129 578
20
203 108 269 305 379 476 256 495 508 496 239 341 347 295 493 263 302 234 275 323
20
512 598 542 239 414 365 348 169 569 491 217 411 554 436 574 227 269 458 411 450
20
194 377 445 372 501 287 476 262 236 576 556 162 146 319 422 538 410 528 142 473
20
175 482 366 490 341 359 162 256 571 470 302 378 545 313 259 341 181 133 191 298
20
575 189 485 472 549 200 315 514 597 167 396 572 180 242 300 440 465 216 261 575
20
461 364 524 177 294 443 117 541 447 151 564 536 434 567 216 507 262 567 394 364
20
580 533 190 328 280 272 223 117 440 453 578 510 501 229 322 475 426 516 297 595
20
421 231 567 320 138 172 586 238 594 342 575 369 530 190 359 557 400 321 103 402
20
161 377 566 167 114 284 102 176 107 536 137 510 389 111 361 106 159 416 191 520
20
146 219 170 361 345 186 142 474 210 142 450 582 392 334 384 121 451 384 139 538
20
332 372 270 327 138 391 107 572 207 599 453 156 472 234 336 523 412 585 497 312
20
358 306 315 573 445 508 383 327 131 375 312 187 238 359 589 481 310 462 404 576
20
591 242 227 303 327 480 159 221 207 141 273 115 458 145 101 129 182 130 531 320
20
369 533 219 313 215 227 559 258 477 383 351 544 151 221 396 496 169 201 579 520
20
365 281 547 557 415 502 201 515 376 405 432 412 391 512 577 215 106 508 366 180
20
486 522 140 535 268 493 457 337 210 336 179 524 170 459 295 324 500 366 365 577
20
137 445 543 105 183 351 155 159 522 228 366 402 396 231 364 259 470 259 124 155
20
238 239 181 388 417 594 431 142 282 323 443 449 480 248 370 391 448 531 226 331
20
549 414 330 118 585 158 267 222 537 290 540 377 414 366 571 117 309 424 284 275
20
146 576 383 337 108 413 124 305 361 346 198 178 253 274 222 291 457 150 273 499
20
317 261 413 514 100 119 539 209 542 434 533 569 541 353 531 263 102 480 324 568
20
114 495 343 186 375 546 421 230 554 360 266 383 487 202 377 515 326 369 126 549
20
490 464 550 568 437 112 416 326 311 130 384 173 253 592 573 136 395 156 214 475
20
388 102 532 448 472 542 520 545 596 589 265 304 203 447 241 175 310 575 512 310
20
454 290 145 383 448 510 475 140 477 245 545 476 222 288 465 559 156 384 551 230
20
243 116 585 542 421 146 213 352 196 142 249 367 400 566 585 592 266 180 366 436
20
185 194 109 442 175 232 415 132 541 403 215 363 569 161 174 399 465 232 220 396
20
327 467 485 409 255 536 435 444 286 327 144 395 549 143 445 295 446 329 288 239
20
261 370 141 363 476 125 245 208 566 234 422 557 241 354 416 327 160 556 118 181
20
379 365 322 500 576 476 401 112 274 181 434 335 267 206 241 203 461 372 570 592
20
167 554 248 264 456 559 114 445 463 397 144 170 591 565 283 414 118 221 438 388
20
316 390 528 152 316 310 458 546 403 150 345 510 493 546 390 541 186 543 486 260
20
192 110 418 314 354 139 582 153 551 304 171 190 548 127 360 342 274 443 530 187
