150
20
453 125 591 136 585 240 475 597 507 391 256 437 490 290 544 241 118 287 132 276
20
423 565 500 261 544 340 541 379 325 571 254 175 222 593 145 537 577 435 294 544
20
165 292 497 177 502 484 430 557 534 216 533 378 278 154 399 425 170 476 558 161
20
283 405 253 237 335 184 297 270 156 346 446 552 410 372 596 203 343 435 220 590
20
343 368 437 316 561 429 223 284 402 381 370 146 403 298 355 422 252 526 484 251
20
416 209 464 512 558 467 461 160 196 528 314 413 539 108 498 274 113 270 153 509
20
581 151 229 356 384 135 142 437 445 320 328 348 154 192 127 548 564 172 425 575
20
441 241 268 229 104 240 189 585 438 386 279 561 406 398 239 363 207 183 400 523
20
339 583 211 369 597 359 320 418 458 272 577 458 288 564 393 259 266 401 329 517
20
298 105 247 537 227 231 367 329 344 256 366 371 433 346 583 163 206 445 100 126
20
304 249 368 521 255 378 536 240 460 506 207 319 204 549 163 540 115 484 309 277
20
282 446 492 215 566 533 426 263 568 409 165 322 206 296 232 446 215 481 351 363
20
427 295 279 105 162 387 404 419 392 103 115 455 112 264 192 207 365 568 579 537
20
368 148 575 538 322 560 247 542 454 589 414 304 185 264 446 284 120 320 324 360
20
527 260 180 476 293 201 549 299 235 253 448 156 557 184 250 358 341 311 229 438
20
362 532 103 257 167 516 321 426 433 408 469 500 535 138 248 383 276 313 461 358
20
538 588 391 382 243 228 598 517 496 270 308 140 182 548 550 179 467 343 545 114
20
241 124 179 447 473 434 236 256 326 566 539 395 226 503 283 359 554 486 506 545
20
277 283 346 298 499 127 585 416 112 278 255 406 159 135 529 283 218 133 258 546
20
574 324 404 564 362 334 131 271 334 290 406 188 203 238 482 132 204 302 484 349
20
381 136 392 279 593 341 571 300 134 584 119 443 232 511 247 545 253 364 600 406
20
148 221 534 437 272 251 191 237 287 215 230 595 377 482 263 200 193 351 398 350
20
188 308 509 110 473 219 494 456 230 598 568 378 216 554 273 325 277 105 298 398
20
405 540 349 559 254 353 590 257 331 345 363 113 490 177 292 309 256 251 588 328
20
289 137 525 420 357 500 147 193 565 543 138 518 235 185 571 389 337 420 515 422
20
372 576 178 521 370 101 536 572 315 355 233 478 580 518 151 175 327 102 175 548
20
564 553 189 484 340 503 378 534 555 320 445 133 399 449 362 507 337 590 282 196
20
279 315 249 436 373 124 208 147 288 550 240 317 262 273 578 160 121 578 460 412
20
286 361 577 424 120 155 396 469 568 417 402 249 133 566 309 220 168 209 195 503
20
571 146 365 417 102 491 553 147 564 515 123 161 413 394 211 256 431 463 411 122
20
579 300 488 149 126 429 112 425 222 182 593 222 161 187 356 530 294 529 386 553
20
254 467 230 322 233 556 500 364 226 581 226 504 487 297 534 116 443 467 464 274
20
161 254 211 545 440 379 583 557 235 137 245 546 120 181 152 515 562 193 574 253
20
406 176 600 402 338 394 547 506 295 577 528 457 227 339 181 517 589 543 456 375
20
386 275 107 412 359 432 257 441 415 448 492 385 305 504 259 183 416 129 475 191
20
536 294 528 214 131 353 131 153 523 449 125 537 318 105 427 345 297 413 444 305
20
533 365 125 492 504 429 389 399 497 517 443 179 584 219 563 390 127 124 348 265
20
166 597 198 403 574 227 466 199 198 284 283 554 275 258 502 213 600 396 443 580
20
218 563 195 224 577 434 235 289 512 173 433 114 112 410 534 534 564 194 389 507
20
501 135 227 373 137 385 222 482 446 491 217 261 180 320 255 113 193 399 269 105
20
130 486 558 392 543 372 418 493 482 257 462 103 365 273 206 401 523 431 129 499
20
434 460 153 204 393 406 256 194 466 122 172 240 237 292 171 267 201 538 372 408
20
462 119 599 171 119 295 500 189 348 236 573 281 228 279 127 119 414 183 299 153
20
594 494 217 429 540 379 141 116 446 429 132 285 312 441 153 351 391 147 377 372
20
196 207 526 187 449 167 331 311 217 237 238 533 283 558 586 462 289 403 133 551
20
350 338 594 568 595 391 170 320 565 531 430 553 273 488 572 272 141 134 339 469
20
512 109 338 541 469 235 446 577 595 385 105 262 431 464 387 559 156 440 543 518
20
593 585 545 129 287 333 301 468 583 147 291 417 345 590 549 309 183 401 197 287
20
514 261 366 257 507 225 333 174 241 225 574 600 291 240 207 528 296 420 185 240
20
530 102 240 360 190 490 322 239 483 578 158 152 156 300 341 346 155 263 251 278
20
451 473 179 425 469 481 492 505 116 105 171 130 396 515 431 404 251 208 156 179
20
557 150 180 134 294 308 456 186 538 564 362 107 318 360 140 153 175 133 576 449
20
513 314 121 304 431 531 224 237 395 587 493 421 518 499 194 150 500 543 357 467
20
414 392 120 440 216 225 148 405 285 328 443 310 287 310 284 102 366 532 207 488
20
205 106 119 588 465 146 499 551 596 354 599 418 251 456 233 104 459 523 537 499
20
420 273 391 182 186 428 356 497 485 257 319 495 237 280 184 167 460 346 111 375
20
336 600 531 474 599 492 279 511 580 271 491 288 345 285 218 499 465 130 380 219
20
462 429 457 418 126 478 409 523 191 359 589 228 479 543 517 434 263 286 460 289
20
444 488 181 113 449 343 409 229 589 281 450 483 127 114 500 239 426 385 574 282
20
243 510 489 183 404 121 222 152 572 347 224 401 404 163 158 527 498 299 150 564
20
497 389 222 238 411 569 366 491 536 387 329 419 502 377 451 186 510 162 536 500
20
385 292 427 217 423 274 444 585 469 499 158 535 211 366 422 330 578 267 315 123
20
216 102 313 591 415 354 469 597 416 467 466 572 280 487 361 550 545 593 347 238
20
132 405 428 272 464 544 376 578 174 368 294 250 363 115 533 491 559 389 351 144
20
298 221 365 236 481 291 165 336 319 204 210 160 247 252 176 550 570 216 448 327
20
315 569 102 278 187 471 528 527 478 296 415 569 286 238 573 184 526 430 591 356
20
543 331 113 193 324 323 233 551 129 169 326 417 490 392 337 501 185 493 494 110
20
239 145 581 426 486 340 301 300 481 520 184 400 326 170 157 463 211 205 365 174
20
297 408 173 520 450 195 515 406 542 521 384 115 386 554 204 193 254 319 390 364
20
538 420 183 425 539 536 164 323 471 315 133 599 137 161 571 146 291 393 184 442
20
329 229 384 500 236 245 437 570 356 400 123 503 338 569 400 113 362 169 536 437
20
347 459 368 347 168 160 454 144 244 151 189 353 236 505 500 284 587 517 203 333
20
367 241 526 149 243 304 157 353 512 598 495 372 282 124 110 317 505 189 137 105
20
423 458 485 427 515 521 464 176 583 587 288 488 457 275 474 471 423 440 594 560
20
411 451 516 429 376 492 536 424 520 201 235 420 527 554 195 365 505 186 517 408
20
157 456 265 146 125 379 185 539 180 133 354 395 322 351 149 371 589 586 383 333
20
347 489 398 132 391 243 544 262 391 369 424 171 101 595 178 496 178 210 402 332
20
134 567 482 503 200 279 256 126 302 368 341 553 283 297 519 368 446 536 300 373
20
335 363 180 176 242 577 203 241 467 431 156 387 374 539 390 311 285 198 469 227
20
457 280 470 394 126 299 377 348 513 514 565 299 351 491 356 156 547 472 198 317
20
371 381 184 397 280 365 224 360 317 249 127 428 467 497 340 297 419 590 127 322
20
375 389 126 292 359 307 283 430 184 131 450 140 549 382 308 508 471 307 153 424
20
156 338 483 576 477 411 529 324 287 219 563 350 387 140 531 511 392 310 350 100
20
381 599 279 131 118 110 254 131 295 582 299 548 216 461 166 570 303 338 288 365
20
511 450 139 477 498 208 440 319 244 399 494 169 587 571 480 339 142 574 111 590
20
241 495 124 322 388 583 301 148 463 402 365 483 466 337 268 110 523 233 597 154
20
464 183 512 239 426 311 512 418 555 157 546 157 214 363 144 344 528 395 136 246
20
358 409 296 560 350 523 504 147 319 143 416 591 446 148 246 252 496 496 296 246
20
413 573 507 112 584 157 246 329 438 546 280 165 350 592 568 578 310 572 586 499
20
570 351 290 357 408 396 385 284 454 191 574 558 285 422 391 469 383 272 185 319
20
173 364 207 433 425 370 508 383 362 299 432 518 560 465 347 502 541 498 141 546
20
418 404 588 276 411 454 462 403 167 158 481 349 326 594 267 542 137 590 123 108
20
125 554 402 319 481 114 552 108 179 449 283 517 237 383 571 546 176 130 516 312
20
459 212 167 240 464 487 510 275 272 184 142 470 123 388 212 319 382 375 126 590
20
287 431 304 535 470 399 299 176 508 562 305 489 298 432 425 373 355 460 143 134
20
119 111 532 311 461 456 243 110 173 393 185 402 468 518 542 390 338 417 325 445
20
451 313 330 512 377 384 472 537 432 565 262 579 346 318 220 328 569 575 239 592
20
426 332 292 165 291 548 319 405 190 501 347 504 261 357 280 207 394 537 135 430
20
267 296 249 225 539 371 244 578 320 461 557 270 483 321 285 266 127 466 525 320
20
451 598 237 588 340 521 130 128 144 517 164 327 531 218 349 349 164 539 263 366
20
276 189 405 289 282 255 283 562 195 204 385 226 332 598 248 318 115 413 107 544
20
346 497 148 362 155 195 145 398 286 553 103 215 499 561 264 197 238 186 320 505
20
532 114 524 309 515 145 140 354 148 576 244 476 390 521 206 392 350 487 426 169
20
579 288 362 375 181 591 422 373 417 232 133 164 336 359 584 334 484 453 331 240
20
530 292 303 491 228 321 226 491 532 188 323 453 404 425 509 573 362 267 253 177
20
258 453 123 554 176 412 193 170 186 438 380 424 252 525 494 389 183 526 475 163
20
482 435 266 175 193 476 333 548 379 250 305 183 562 108 276 378 238 514 328 498
20
306 355 344 574 353 219 346 253 275 171 548 412 507 120 512 556 250 201 484 146
20
110 196 403 478 318 279 190 539 102 267 460 471 407 493 421 542 167 311 213 173
20
475 417 507 320 554 578 214 318 156 309 477 547 194 361 441 579 283 546 501 286
20
495 293 532 462 271 133 129 101 423 392 281 165 133 187 414 362 486 186 503 531
20
461 339 470 205 466 129 183 390 551 551 202 261 145 457 268 140 191 285 483 274
20
237 358 112 532 380 339 475 477 572 225 201 499 492 379 325 250 485 306 150 451
20
109 109 572 565 386 346 519 269 523 569 483 175 285 275 415 141 383 563 273 149
20
156 542 416 110 472 414 175 237 142 592 425 473 130 308 155 225 237 446 265 518
20
449 371 437 100 354 126 538 505 444 423 388 543 316 570 225 521 272 307 310 453
20
139 179 484 467 101 462 351 502 225 443 585 465 349 536 323 487 448 435 336 497
20
370 306 372 535 362 180 331 172 225 284 272 520 307 505 207 547 313 289 477 176
20
127 457 589 436 145 109 438 242 379 139 461 533 279 586 160 271 443 499 215 291
20
419 381 386 296 526 236 419 228 206 325 211 569 405 282 110 543 422 121 507 589
20
411 402 325 354 593 471 361 526 177 124 533 261 132 505 138 213 501 341 339 241
20
322 429 311 104 219 298 550 493 458 560 507 579 256 118 430 328 165 489 570 556
20
351 275 419 523 138 249 290 290 203 476 317 443 251 340 520 355 578 414 380 553
20
309 455 149 136 415 305 556 226 246 378 445 252 539 540 303 336 527 265 540 107
20
431 248 260 391 308 566 277 198 278 235 599 343 111 373 112 109 121 151 559 217
20
542 272 156 569 493 354 562 185 326 513 479 572 191 524 552 579 499 223 493 434
20
195 545 568 184 462 307 123 193 459 154 330 265 438 521 371 372 310 430 158 181
20
488 406 110 108 196 219 305 512 192 259 147 451 224 113 160 523 112 242 555 505
20
224 231 437 441 516 523 435 411 461 450 390 500 488 549 574 501 452 283 182 229
20
522 209 398 585 456 446 445 305 127 279 576 140 153 315 432 176 329 566 442 527
20
117 250 349 219 421 428 361 313 187 518 286 341 430 117 494 425 585 346 599 521
20
274 116 565 283 111 539 445 188 504 342 326 412 166 320 490 353 547 402 423 284
20
504 472 181 436 515 519 258 421 510 343 592 466 308 153 296 166 164 200 371 294
20
181 504 496 456 207 228 220 569 491 508 245 531 221 524 158 522 312 224 540 358
20
373 408 168 317 600 273 228 214 460 266 421 470 435 505 138 377 402 231 174 357
20
217 315 351 445 496 421 132 388 548 242 600 148 188 287 460 103 500 294 217 581
20
239 451 160 555 184 287 538 448 522 249 493 457 216 265 134 579 337 283 516 488
20
499 536 154 405 452 311 163 383 375 483 506 227 145 103 525 213 328 114 372 201
20
473 261 504 527 490 407 515 574 553 339 591 120 146 519 353 299 149 205 385 425
20
220 203 439 172 422 153 278 386 115 251 469 306 543 465 330 344 212 106 390 461
20
335 344 354 193 179 187 105 512 126 517 381 465 323 471 230 572 146 239 270 270
20
541 267 543 140 561 373 365 533 600 227 377 178 506 492 236 210 424 290 341 205
20
256 344 408 107 225 430 452 176 322 316 409 480 121 220 519 528 444 569 260 209
20
568 232 313 323 309 500 191 506 443 159 253 455 137 583 250 369 270 144 395 306
20
600 572 327 355 436 474 411 367 297 561 556 582 487 595 275 428 464 594 462 481
20
328 550 541 375 374 254 570 314 429 585 309 224 431 244 146 445 228 354 310 516
20
270 248 580 169 363 338 425 402 468 376 512 264 124 442 577 176 211 599 327 246
20
464 257 454 587 493 572 477 352 204 220 175 589 228 287 370 436 261 469 388 387
20
358 158 444 587 439 190 224 146 514 244 380 159 134 374 473 260 310 553 134 294
20
299 268 265 358 305 510 175 211 530 201 188 362 253 514 412 545 463 490 277 117
