150
20
251 340 347 315 183 516 524 581 457 205 451 387 509 422 217 292 225 187 331 543
20
261 122 271 262 570 395 131 386 426 292 256 111 446 209 106 155 458 223 488 221
20
531 193 169 463 453 579 121 554 414 205 103 471 512 238 376 480 139 486 124 159
20
298 550 333 386 463 454 496 588 434 108 414 573 472 426 582 508 483 587 466 122
20
183 254 583 304 507 579 101 240 120 229 176 591 373 400 187 328 535 579 301 537
20
339 337 512 124 122 319 161 551 402 539 372 131 600 464 386 271 481 126 428 344
20
440 532 355 511 192 379 585 453 555 539 176 495 177 358 498 460 165 171 295 505
20
574 404 247 543 213 225 262 301 295 564 415 183 594 478 301 574 338 359 457 230
20
346 552 444 487 479 240 244 141 386 113 257 313 212 225 173 393 105 491 407 496
20
513 212 370 386 542 118 509 337 189 338 481 391 337 595 249 472 579 131 402 376
20
139 162 228 227 445 594 585 151 406 599 170 423 459 460 176 205 400 323 259 325
20
304 580 345 533 258 146 333 272 218 248 118 365 246 586 569 434 160 467 243 376
20
553 576 105 422 134 128 512 311 416 504 435 179 251 199 330 596 433 541 281 504
20
497 525 214 283 171 190 438 269 411 263 516 551 394 448 180 284 391 411 256 104
20
460 174 449 124 242 434 587 361 378 131 465 375 544 293 569 293 126 245 372 186
20
396 259 559 182 138 288 392 597 255 364 353 518 491 581 182 328 245 219 180 259
20
583 194 553 427 183 432 335 213 428 399 129 470 341 329 537 190 540 363 375 415
20
437 491 550 593 271 209 157 588 338 367 167 456 206 530 517 210 191 535 122 271
20
384 222 497 364 566 201 188 434 275 284 535 182 262 145 296 229 597 588 216 442
20
193 333 300 220 586 400 106 238 583 357 318 345 395 354 191 150 299 257 313 130
20
330 192 314 444 573 252 231 421 245 171 292 573 599 358 270 319 382 554 449 497
20
409 219 409 162 526 505 156 267 451 521 120 582 583 579 435 535 220 331 111 121
20
323 153 573 463 535 370 129 462 259 107 441 586 283 448 533 126 308 249 349 581
20
286 219 404 472 211 404 394 466 542 572 141 573 409 517 442 138 160 511 115 504
20
414 149 219 445 539 266 495 432 443 377 373 471 427 372 512 215 130 437 270 220
20
351 157 260 206 587 187 429 393 110 335 431 363 459 262 463 317 331 333 261 219
20
107 416 386 480 592 127 560 485 595 165 482 207 582 419 241 512 569 595 428 522
20
463 293 262 482 404 281 117 459 482 436 340 323 388 317 167 530 198 572 466 373
20
187 100 485 418 286 555 488 152 468 346 279 252 113 430 543 140 482 380 105 382
20
371 147 165 193 341 369 285 355 207 520 340 194 529 176 468 515 412 222 408 270
20
473 144 401 127 574 333 503 530 373 215 209 216 531 308 553 382 247 373 133 495
20
309 180 335 530 129 211 474 112 461 531 299 483 277 410 547 401 506 250 544 370
20
561 593 560 549 498 265 261 306 420 554 496 323 246 344 567 115 143 589 146 311
20
526 532 288 474 259 435 318 363 211 565 502 288 107 408 395 254 569 523 193 256
20
208 160 480 450 488 256 281 422 131 117 284 144 134 325 514 555 110 505 328 182
20
443 446 279 499 581 113 229 156 421 344 594 213 596 146 575 212 496 222 267 486
20
278 320 478 570 411 106 447 326 113 471 288 276 266 597 546 431 120 367 563 473
20
524 379 428 592 429 279 216 112 342 574 350 509 191 158 246 196 190 216 141 366
20
229 548 373 339 257 566 133 560 162 432 535 458 184 485 185 359 172 464 363 585
20
270 229 159 417 244 197 352 345 571 203 518 586 192 540 109 154 399 549 536 325
20
560 573 223 565 101 574 218 473 545 226 293 159 383 170 168 109 181 293 242 339
20
471 275 510 394 326 505 224 513 599 246 204 251 269 419 567 311 521 193 307 490
20
335 290 388 116 188 174 599 385 502 382 137 193 499 281 167 466 129 131 159 285
20
550 119 268 352 297 350 216 264 544 504 258 211 531 419 113 527 308 401 231 450
20
421 144 497 589 433 369 487 412 437 188 458 421 550 274 267 391 528 508 262 396
20
262 461 533 336 479 472 431 107 419 158 465 338 509 219 410 262 204 406 536 285
20
540 590 271 229 252 399 585 256 461 210 299 203 179 572 389 124 126 239 146 154
20
335 279 160 246 235 308 381 277 113 202 345 359 210 482 139 144 395 490 467 468
20
280 241 164 543 156 341 388 236 188 294 378 302 164 584 258 350 536 129 467 151
20
214 494 449 335 418 397 449 318 388 146 168 205 124 349 118 486 495 197 177 159
20
355 163 456 345 385 573 358 211 282 337 565 361 267 375 286 149 139 241 541 452
20
353 536 441 131 107 141 509 320 359 208 477 344 143 289 202 238 447 324 426 201
20
509 595 492 596 249 531 244 102 544 163 290 214 441 431 498 305 109 280 343 133
20
336 103 265 350 569 316 172 148 595 526 578 221 102 515 487 451 576 421 492 380
20
500 234 318 218 242 424 371 486 267 353 424 338 337 410 578 134 389 328 160 499
20
358 162 582 113 147 247 231 538 260 243 302 247 245 344 316 545 511 494 201 204
20
112 168 499 188 113 229 380 128 291 232 393 171 191 460 382 515 255 326 195 110
20
334 296 132 570 579 412 573 267 377 566 299 307 396 174 419 291 264 495 478 215
20
305 215 244 418 474 228 573 140 204 272 480 172 149 334 400 506 461 469 224 214
20
404 106 263 212 390 168 383 279 169 587 239 143 482 497 268 508 469 115 181 440
20
444 196 315 388 333 582 219 444 461 195 561 432 142 386 358 215 124 200 444 440
20
294 333 591 443 475 241 126 253 560 278 117 347 275 524 134 440 189 479 567 383
20
130 129 575 114 563 307 395 122 499 592 107 364 533 247 585 185 102 336 203 513
20
421 396 469 412 509 170 207 170 283 550 229 199 355 536 273 595 345 218 424 582
20
262 343 499 185 523 381 124 538 330 254 169 425 387 361 142 598 526 348 366 242
20
185 487 529 229 577 223 329 417 283 511 571 479 431 564 297 586 495 234 352 256
20
478 185 567 293 304 318 239 210 158 465 499 131 501 300 298 216 416 363 276 100
20
525 195 587 299 456 521 496 341 580 235 376 127 367 527 117 240 356 151 592 505
20
578 528 599 292 142 300 498 281 503 446 422 341 263 572 357 102 205 558 438 519
20
323 310 428 335 412 219 495 203 312 320 524 320 501 385 251 107 251 184 469 415
20
452 224 359 342 178 375 298 294 458 457 498 476 367 163 399 542 180 458 341 512
20
417 516 408 219 442 166 113 148 204 112 202 403 383 283 583 485 154 591 471 350
20
253 574 167 131 558 257 334 583 467 569 548 418 368 234 375 577 233 385 208 311
20
292 263 159 391 146 375 138 403 216 264 250 320 104 327 600 586 344 274 364 177
20
381 197 120 256 348 110 230 332 513 109 581 428 432 214 203 276 264 518 230 498
20
557 169 572 516 174 378 536 153 282 462 187 574 447 290 223 426 213 129 137 176
20
274 370 599 355 328 181 314 138 393 398 600 121 183 176 199 229 195 227 550 463
20
263 152 356 433 485 300 373 365 343 107 125 533 576 395 342 161 188 277 230 402
20
223 116 250 451 511 270 353 299 116 408 540 516 186 190 285 415 186 512 546 162
20
339 361 338 133 495 152 319 153 523 595 394 455 284 195 487 253 262 102 150 457
20
150 169 143 204 508 542 502 191 393 292 379 129 370 440 270 284 124 497 176 223
20
580 301 174 154 186 363 505 491 563 466 555 454 373 580 127 499 349 600 506 421
20
278 421 559 174 587 323 355 389 588 406 402 566 308 183 142 401 279 450 539 146
20
475 374 284 480 209 220 445 114 103 273 497 301 219 432 559 434 435 447 433 233
20
264 266 263 179 469 201 474 557 351 430 425 464 280 137 421 482 180 122 127 454
20
212 400 398 368 327 210 219 118 239 131 119 112 122 593 117 436 153 170 224 306
20
252 424 374 380 492 406 195 267 388 106 247 404 445 356 257 119 353 351 215 220
20
140 546 164 509 228 121 447 527 426 324 530 132 328 260 418 561 456 201 358 280
20
299 203 190 404 573 515 260 335 332 454 167 338 392 519 301 514 506 434 536 505
20
447 179 409 445 106 506 170 396 305 340 226 159 185 577 242 140 177 113 508 434
20
546 306 145 561 381 310 391 295 141 218 209 136 264 540 281 231 167 205 276 433
20
434 317 103 328 402 260 331 255 471 521 297 104 336 285 219 407 308 545 248 475
20
169 163 202 242 337 101 572 430 511 559 241 291 592 224 193 447 114 135 248 364
20
508 430 179 301 336 355 236 248 163 323 395 172 206 331 140 595 341 375 303 580
20
278 461 556 358 528 565 466 573 448 380 519 191 143 373 350 552 107 157 132 161
20
135 232 187 475 446 156 170 123 514 400 129 154 373 411 354 226 522 544 390 489
20
465 365 187 107 310 573 504 430 408 487 243 388 342 237 589 344 207 427 273 376
20
407 394 534 483 473 461 305 193 575 127 179 401 443 575 387 328 342 183 312 311
20
410 551 220 446 303 152 374 503 562 518 488 147 530 483 425 135 400 167 365 250
20
303 176 210 422 112 346 263 594 367 134 296 518 519 416 465 320 345 244 357 379
20
331 580 328 181 408 598 252 352 440 377 228 319 179 343 241 389 233 300 352 344
20
580 541 541 247 499 173 135 589 539 521 585 266 450 170 203 198 438 308 405 315
20
494 320 524 247 322 378 550 243 139 527 556 423 161 481 286 348 163 534 383 342
20
256 545 300 187 119 492 237 366 360 151 273 261 427 517 335 106 194 199 213 228
20
412 131 223 136 320 368 431 576 189 249 420 178 432 177 482 315 392 254 485 559
20
114 552 547 562 136 180 347 595 222 156 536 437 247 258 467 380 423 152 219 309
20
303 549 141 337 410 263 592 386 298 232 573 474 583 190 576 125 369 294 286 132
20
174 405 356 325 302 473 358 199 465 206 394 303 551 470 581 447 468 491 501 566
20
335 570 539 295 269 247 184 367 441 209 534 347 137 358 329 413 508 155 265 201
20
339 465 285 600 559 462 571 433 252 163 442 452 134 407 582 470 306 171 168 170
20
300 393 207 328 142 600 423 508 431 351 377 192 203 425 438 100 192 232 591 112
20
553 270 313 202 533 403 509 380 286 262 266 574 310 332 510 124 344 405 139 422
20
371 153 333 317 463 494 293 113 202 551 457 288 174 140 356 336 131 591 539 483
20
121 372 132 594 102 553 192 404 479 402 577 141 591 551 382 400 595 230 508 529
20
238 222 566 147 261 490 557 541 133 341 187 470 485 467 150 243 388 268 368 100
20
474 436 139 461 344 431 199 425 242 256 360 557 453 492 414 537 564 346 508 164
20
260 591 154 204 552 133 584 474 296 428 180 454 317 372 109 254 289 553 244 297
20
446 347 592 110 555 538 330 473 149 164 192 256 279 102 166 181 332 109 369 161
20
331 199 292 287 183 596 334 542 291 408 415 200 149 408 386 412 107 117 168 148
20
384 189 255 427 363 210 242 435 460 499 457 536 327 565 261 455 222 310 478 496
20
321 173 182 525 547 375 368 588 392 480 258 451 283 319 286 275 205 190 169 298
20
392 585 502 518 426 181 544 281 301 414 538 326 463 457 571 271 114 503 459 111
20
340 174 594 257 517 408 194 179 511 430 299 164 175 102 385 493 588 445 591 519
20
276 362 398 490 506 119 211 539 293 397 146 224 179 441 396 572 457 324 551 504
20
357 166 484 599 569 192 397 417 138 139 532 170 314 301 263 439 143 406 409 426
20
136 312 311 532 392 334 348 219 244 501 284 383 157 590 427 410 511 148 402 268
20
414 424 552 436 132 508 507 437 206 554 392 354 340 258 556 573 419 166 498 190
20
413 455 413 445 138 206 373 343 480 249 556 170 197 469 459 415 128 487 338 157
20
481 200 301 153 425 288 540 451 250 413 545 404 317 100 414 163 459 218 384 281
20
302 215 497 340 556 494 129 454 534 515 161 420 149 218 554 312 319 311 236 596
20
588 490 205 473 473 487 452 536 135 226 511 170 278 432 430 470 404 117 280 244
20
593 515 461 449 333 420 298 375 211 163 575 537 281 591 188 186 158 237 465 211
20
325 349 340 522 217 159 235 383 348 269 370 213 485 277 462 114 394 419 456 552
20
240 420 183 161 276 577 118 240 136 183 434 178 355 509 420 484 587 442 124 188
20
120 278 268 254 353 394 207 388 315 497 383 399 187 569 451 108 443 149 201 590
20
584 141 526 278 280 473 328 284 525 312 373 517 532 290 315 373 570 555 416 101
20
117 418 130 349 111 161 243 572 496 578 551 489 461 480 286 540 354 582 368 320
20
386 154 411 180 595 270 173 228 206 507 265 363 439 117 258 492 176 192 431 593
20
469 371 432 365 214 519 179 171 224 563 313 113 252 282 276 595 319 294 233 197
20
169 352 402 257 393 586 552 512 248 220 388 538 229 149 107 170 415 520 111 140
20
223 301 157 557 572 452 113 321 351 397 170 231 156 550 401 181 567 167 305 438
20
477 593 218 152 146 582 573 267 307 406 494 506 577 532 112 431 197 225 474 369
20
203 574 545 363 219 233 192 263 266 124 172 168 423 107 304 327 109 346 518 407
20
333 222 554 329 229 325 105 366 530 207 565 488 405 247 371 336 414 264 429 533
20
511 125 367 301 314 473 476 498 551 296 417 470 163 479 459 291 467 472 270 402
20
182 368 315 530 201 275 312 384 503 258 312 550 525 358 430 552 396 520 593 305
20
129 406 111 497 147 302 487 308 178 585 464 577 227 493 468 581 569 246 225 314
20
127 233 170 195 132 549 478 105 276 444 512 560 584 371 507 215 282 221 270 560
20
595 456 580 401 523 482 116 570 143 105 171 253 577 364 263 527 253 273 330 306
20
320 102 383 296 267 557 200 119 528 138 447 479 485 241 247 301 222 229 468 531
