150
20
519 490 472 560 247 150 119 278 445 541 495 345 123 354 359 597 223 595 289 306
20
585 587 444 151 383 588 311 372 557 181 371 512 555 432 166 151 170 205 531 484
20
312 292 241 339 118 473 524 459 132 582 174 127 434 151 229 179 499 352 575 597
20
515 363 352 288 535 386 215 388 180 274 128 516 198 418 364 405 105 326 247 462
20
476 468 512 402 594 406 600 569 574 539 441 262 589 142 501 406 111 114 429 256
20
132 434 245 543 210 512 457 434 240 545 146 404 477 232 151 567 253 412 334 553
20
540 136 402 112 467 544 199 420 248 594 201 401 355 564 530 247 594 310 143 263
20
331 207 323 291 537 186 347 213 296 535 243 336 453 254 572 497 188 590 113 160
20
274 454 571 250 468 235 192 547 210 463 233 320 131 497 210 374 243 106 173 535
20
336 274 159 502 443 434 316 507 530 291 134 559 104 167 593 146 277 330 210 389
20
348 345 439 555 201 585 545 581 394 323 560 468 329 211 250 509 117 333 290 235
20
326 586 508 156 308 592 308 354 361 381 501 139 491 462 399 215 250 461 531 504
20
170 521 155 228 102 165 281 376 209 521 186 307 572 190 595 595 512 306 288 592
20
499 309 504 340 514 390 255 552 171 439 189 382 332 401 420 443 592 341 322 450
20
314 375 428 293 483 283 271 566 198 373 165 588 262 213 570 587 111 448 399 238
20
502 378 111 428 201 290 500 237 235 132 153 157 332 272 371 197 310 137 587 362
20
584 182 282 416 457 476 556 571 182 453 407 160 271 382 256 365 171 350 422 590
20
320 338 118 456 382 385 599 532 555 455 490 132 288 175 211 478 595 439 247 374
20
139 253 198 515 232 426 343 116 443 545 180 480 471 269 157 393 500 104 375 287
20
143 489 208 582 527 265 154 188 369 468 230 133 575 232 279 171 438 214 107 590
20
524 235 144 308 412 463 316 124 381 583 363 220 394 382 238 103 407 277 502 116
20
143 107 280 403 224 215 157 116 189 143 598 567 253 445 135 200 441 385 122 554
20
498 157 526 474 167 430 328 208 374 357 421 570 235 132 516 171 222 466 133 332
20
106 400 240 556 478 511 342 445 198 436 548 496 541 556 525 259 100 526 469 363
20
119 244 435 202 527 594 593 306 386 470 551 526 295 592 542 564 274 131 421 572
20
299 335 263 425 416 228 396 561 363 337 206 488 592 195 128 554 330 359 438 556
20
139 149 448 499 350 466 386 134 222 519 425 448 204 250 225 356 349 524 529 105
20
281 583 398 230 275 547 231 302 558 405 546 383 393 342 569 286 582 353 412 117
20
243 264 331 202 363 585 175 400 155 193 559 426 293 405 128 580 595 237 542 366
20
554 568 451 231 209 226 179 317 510 387 409 303 559 482 461 111 324 283 260 585
20
369 185 463 112 516 127 244 158 531 378 122 552 205 348 462 198 250 434 150 231
20
403 448 342 500 595 514 146 489 213 517 486 273 501 566 498 138 425 223 357 592
20
533 110 120 583 226 327 426 362 175 496 322 219 597 303 197 299 405 548 519 522
20
150 377 499 285 556 389 305 136 539 545 503 410 120 248 316 277 211 269 122 292
20
486 400 535 544 572 391 450 464 392 163 439 239 446 263 293 462 276 387 252 188
20
354 301 251 553 173 548 258 263 502 397 263 348 243 130 520 335 439 555 464 529
20
150 291 219 476 330 571 562 329 531 557 301 337 534 560 291 361 377 137 154 578
20
285 545 575 366 499 501 161 570 470 148 182 332 460 173 171 234 155 377 491 358
20
223 558 292 515 462 315 119 274 413 568 363 364 212 586 271 176 233 353 418 365
20
492 397 269 378 404 199 596 356 327 515 600 526 480 313 540 295 426 113 361 462
20
318 314 304 490 541 336 171 519 558 298 402 551 499 424 234 582 309 169 220 589
20
269 223 537 289 538 133 108 122 102 345 340 267 336 541 441 486 502 399 109 193
20
598 104 511 361 432 519 454 125 221 506 145 575 560 407 435 220 144 273 139 452
20
244 340 190 441 455 330 596 287 305 177 354 135 272 363 589 478 158 335 125 583
20
409 335 141 360 550 402 273 314 276 318 425 207 531 226 170 325 341 508 341 145
20
514 314 320 256 224 231 100 239 100 328 509 333 308 406 285 532 296 361 519 534
20
168 113 412 338 341 293 504 435 219 312 240 344 297 333 326 113 562 148 443 501
20
427 216 176 252 338 401 535 139 164 109 276 241 459 306 369 438 245 598 239 185
20
500 250 317 450 317 138 427 492 451 346 388 145 535 250 152 173 522 277 462 253
20
232 238 106 172 292 158 437 144 319 255 494 193 346 214 186 390 544 475 309 415
20
262 314 252 324 265 246 424 302 377 445 424 192 209 322 259 346 268 501 450 291
20
376 411 327 282 166 193 232 108 212 188 144 233 546 418 242 393 362 177 205 404
20
464 323 170 107 147 100 318 546 392 439 440 585 211 374 455 551 384 373 587 283
20
435 545 492 355 396 197 533 256 302 561 339 384 328 230 461 476 188 227 408 303
20
390 206 396 504 593 312 355 456 290 185 374 503 576 493 338 109 114 317 585 298
20
414 221 297 441 574 383 191 332 341 427 165 567 360 154 197 145 201 543 245 435
20
466 466 589 451 182 578 528 433 361 413 493 124 398 102 256 211 121 224 534 445
20
270 119 379 537 412 281 202 568 281 538 478 498 268 395 122 207 211 445 212 177
20
181 332 562 564 490 201 569 256 123 181 403 104 309 290 175 176 398 377 391 259
20
374 238 178 149 414 424 344 568 214 291 409 338 230 153 490 574 413 387 269 208
20
115 175 200 238 352 273 299 242 577 423 106 290 123 505 457 488 103 320 325 371
20
452 476 528 588 554 107 133 469 554 188 236 312 252 275 564 505 142 354 303 334
20
315 287 560 350 202 383 586 181 579 423 554 509 237 245 492 509 425 308 144 424
20
489 571 325 106 339 451 237 593 456 507 258 352 170 421 417 206 409 385 413 309
20
450 491 317 513 594 183 508 531 580 335 413 339 177 447 441 523 127 225 134 481
20
530 385 400 159 233 299 549 583 546 424 309 252 585 229 168 227 176 171 455 188
20
366 479 300 501 400 353 503 119 102 224 304 225 580 391 138 350 277 452 514 161
20
356 484 104 376 379 512 383 237 207 595 548 472 138 540 275 439 560 250 110 333
20
200 579 179 291 268 445 376 540 225 490 474 382 224 211 427 279 428 447 567 469
20
166 150 255 581 343 364 385 511 551 548 367 168 323 411 353 475 429 102 257 584
20
174 556 161 304 412 448 584 346 204 429 318 571 436 390 399 165 275 210 532 492
20
237 557 196 432 150 416 318 546 151 209 119 311 489 357 282 502 402 466 600 595
20
198 516 137 521 146 512 451 112 588 375 505 479 598 401 511 102 359 482 147 463
20
557 218 487 514 275 204 285 101 125 248 350 217 152 400 338 130 570 599 315 480
20
458 307 291 171 125 242 193 570 337 597 512 386 319 403 462 367 521 144 446 224
20
408 208 457 391 349 292 363 250 393 394 186 248 496 444 314 239 490 293 531 445
20
463 291 398 254 418 120 286 131 373 240 281 556 229 381 571 128 245 507 367 335
20
485 199 173 250 112 361 104 414 296 442 378 427 227 314 584 412 531 247 236 475
20
124 369 553 301 276 243 531 367 321 596 269 122 176 307 281 395 410 418 170 206
20
400 433 507 491 349 434 149 373 282 590 307 104 186 557 191 487 544 173 430 369
20
420 355 512 496 377 429 426 470 479 218 302 234 269 205 577 130 319 219 272 460
20
337 390 306 478 437 444 232 152 100 551 126 194 290 219 294 148 355 489 145 166
20
213 482 384 430 295 218 567 598 530 245 287 267 385 194 357 461 507 134 275 568
20
238 190 574 410 279 111 163 274 497 284 256 286 569 178 128 373 334 593 123 114
20
537 210 142 600 455 223 292 270 329 285 177 594 270 469 590 561 402 491 193 147
20
153 412 267 524 149 492 547 162 556 330 253 138 239 571 428 488 590 377 308 249
20
589 527 423 131 375 362 369 251 468 356 385 319 134 353 155 480 477 438 148 162
20
490 597 529 204 119 152 127 509 399 506 133 448 565 533 353 173 262 360 187 288
20
311 422 554 338 599 422 113 472 276 317 514 408 316 218 547 416 452 362 270 351
20
466 383 579 484 143 586 177 559 571 162 525 300 101 124 460 448 341 142 127 327
20
192 420 253 559 422 479 388 454 588 433 576 268 110 329 199 335 352 352 382 369
20
223 218 267 283 526 335 151 143 427 289 569 469 396 340 398 336 220 471 440 121
20
217 544 332 272 344 290 581 362 475 586 436 434 159 364 298 129 380 519 114 518
20
555 512 409 559 497 397 504 599 130 572 204 245 235 399 599 556 179 373 303 365
20
331 562 483 141 439 456 419 577 457 147 418 184 333 357 393 160 357 128 592 420
20
561 307 588 395 212 426 492 582 135 172 480 463 187 552 335 552 256 198 221 503
20
198 312 155 345 305 431 406 323 310 539 302 337 242 378 286 359 519 364 414 368
20
129 392 283 576 458 158 286 246 400 585 367 329 458 244 354 196 583 505 521 545
20
178 221 238 316 577 264 379 333 540 118 350 425 280 370 496 271 552 107 115 564
20
481 117 303 593 265 216 498 412 311 452 483 325 591 244 400 412 427 476 586 592
20
162 353 534 470 288 355 492 128 172 529 103 211 279 182 251 589 252 469 200 236
20
596 459 424 360 121 600 529 167 123 315 466 243 322 138 459 378 359 300 223 187
20
386 363 552 432 596 470 162 274 498 352 150 567 202 101 591 265 485 124 247 153
20
280 106 411 218 396 431 508 531 102 411 448 496 460 269 199 349 219 444 258 302
20
471 190 222 450 567 245 554 428 121 513 431 512 511 594 434 503 522 322 463 339
20
195 197 254 296 340 317 375 167 217 540 183 252 450 562 226 112 396 475 396 153
20
243 591 511 320 356 576 203 117 567 489 253 401 327 234 290 579 176 194 561 277
20
425 319 127 190 258 106 263 457 551 507 104 463 495 185 269 293 255 502 493 332
20
448 527 331 556 153 236 482 162 325 333 387 254 530 434 226 251 154 168 466 408
20
207 278 260 366 268 521 532 393 564 452 109 172 518 417 412 400 529 558 460 164
20
497 281 330 174 248 536 477 264 369 315 115 532 110 174 144 418 350 514 376 106
20
320 428 333 489 332 231 549 339 324 569 582 221 224 378 477 456 543 530 411 298
20
325 262 127 376 479 294 590 154 168 298 574 266 443 218 212 204 365 485 348 576
20
397 501 474 552 348 492 329 107 321 533 334 249 519 247 478 156 523 248 266 484
20
598 349 506 141 226 390 373 195 457 350 372 575 545 213 443 157 584 473 118 443
20
584 237 375 152 527 398 493 398 391 303 577 293 458 126 506 361 247 550 525 190
20
550 349 499 266 555 185 302 327 495 305 205 178 468 475 256 321 323 317 449 344
20
550 501 188 236 335 587 597 437 138 161 592 271 135 292 558 448 168 150 125 465
20
208 402 248 328 580 404 336 264 432 141 180 428 222 552 217 304 589 269 417 476
20
312 547 117 485 439 254 128 549 133 339 574 431 142 158 185 307 382 299 187 110
20
589 489 540 382 496 348 239 590 375 538 456 543 179 236 333 214 135 313 587 237
20
531 453 484 503 427 434 425 523 239 218 179 240 520 145 382 409 341 488 363 141
20
268 254 289 224 176 286 499 387 115 250 149 479 201 506 547 199 218 349 352 279
20
268 479 116 108 215 175 155 459 523 187 364 190 468 524 286 386 313 364 284 211
20
563 431 516 234 218 203 421 259 205 441 300 106 216 127 101 573 503 532 194 294
20
560 589 182 314 407 294 589 422 323 263 128 448 544 356 570 218 143 153 519 438
20
391 293 324 224 413 444 512 207 361 553 454 483 130 240 564 239 315 153 482 236
20
412 272 435 379 444 490 488 547 133 184 140 404 554 524 159 573 482 536 261 179
20
511 233 382 355 166 344 473 509 415 446 222 156 558 287 145 191 500 314 155 469
20
369 471 496 387 165 275 108 445 435 272 573 141 361 471 323 196 112 590 158 342
20
313 250 209 198 207 295 555 446 588 493 412 399 345 365 479 505 283 180 526 310
20
243 235 570 566 276 259 374 381 582 327 379 290 411 262 320 143 240 213 307 342
20
242 466 165 487 567 340 163 525 410 117 240 414 325 558 319 382 450 570 513 206
20
527 203 534 592 421 424 531 235 365 175 367 269 118 580 404 292 236 232 599 484
20
233 193 139 457 388 582 378 514 429 179 536 486 223 267 187 483 251 275 465 240
20
391 128 224 325 564 460 356 337 203 219 453 393 206 355 128 106 116 320 270 217
20
506 226 556 443 569 172 233 417 266 217 580 138 465 130 132 117 412 229 369 173
20
375 312 134 513 220 553 462 392 546 263 445 561 430 412 297 521 400 577 205 197
20
481 193 400 413 404 129 208 251 395 589 321 316 138 455 388 546 311 422 353 208
20
345 526 366 519 403 155 316 109 296 156 519 287 227 413 571 276 323 211 575 309
20
330 120 358 363 341 381 381 520 400 553 516 531 254 492 167 166 437 101 326 559
20
447 232 472 552 493 174 243 177 400 374 127 117 546 465 181 218 301 393 472 544
20
347 289 368 357 552 340 442 196 165 206 542 435 467 203 477 500 553 365 260 530
20
419 101 470 137 204 206 412 133 437 596 170 589 314 394 390 247 513 264 369 195
20
115 521 510 117 596 200 561 318 363 546 291 324 373 185 301 579 585 299 400 466
20
563 525 257 361 446 525 290 199 562 363 576 346 548 302 258 392 213 160 580 221
20
221 206 470 342 170 127 327 385 122 484 225 325 147 151 511 538 400 555 530 385
20
189 298 335 297 538 438 534 571 523 119 238 347 513 523 507 152 570 501 339 400
20
139 309 127 265 581 261 414 571 188 265 121 281 529 523 498 395 393 471 560 163
20
340 417 488 204 455 592 383 312 470 229 181 112 413 236 478 241 410 518 533 366
