150
20
170 491 482 309 320 445 116 300 529 269 498 278 169 381 297 227 221 551 381 206
20
289 413 579 257 533 201 518 119 311 516 333 228 274 461 321 326 211 452 558 501
20
387 520 241 347 146 186 224 566 527 422 373 443 197 409 219 369 300 119 547 194
20
598 143 276 121 336 257 100 447 236 569 536 215 537 457 196 504 229 409 121 550
20
234 318 151 256 580 394 155 257 290 517 490 288 208 149 335 566 407 218 345 310
20
257 116 139 463 212 303 220 283 297 590 293 155 245 538 530 468 231 500 465 153
20
442 221 568 358 491 270 552 585 427 291 154 143 192 476 418 529 181 556 272 368
20
157 444 384 218 544 378 580 530 214 309 184 438 265 369 284 460 360 389 145 165
20
502 290 299 323 133 449 479 564 531 417 521 592 514 540 550 518 567 474 472 576
20
308 407 253 357 391 284 318 155 592 100 173 417 554 242 531 508 167 196 282 508
20
470 253 254 202 302 310 453 333 490 515 225 531 179 112 520 334 527 164 378 439
20
212 165 253 418 353 496 274 288 543 116 562 387 157 275 115 393 438 341 532 109
20
109 506 198 157 479 385 152 134 382 160 580 396 166 321 431 413 539 387 160 491
20
579 209 198 442 456 411 361 116 120 139 460 249 320 395 377 370 541 338 277 264
20
517 368 542 478 282 230 423 288 197 115 226 576 584 108 585 593 324 394 359 406
20
375 239 474 286 506 374 499 504 369 476 374 449 188 600 328 379 203 582 447 255
20
460 573 536 426 527 248 276 367 214 449 179 205 268 168 551 461 108 417 539 210
20
505 448 431 296 500 312 523 438 359 449 506 513 192 222 163 371 113 378 353 203
20
414 382 373 291 480 290 477 391 573 134 337 345 392 220 523 446 221 365 586 118
20
134 571 146 248 363 107 544 144 290 552 339 598 458 247 255 250 497 205 558 500
20
297 571 141 518 542 200 575 358 291 565 370 492 230 125 598 353 215 402 431 295
20
250 495 378 151 178 312 377 144 497 492 135 502 381 181 272 460 323 102 479 318
20
102 473 175 301 252 481 260 208 318 323 112 397 376 536 169 531 389 461 183 259
20
429 416 599 199 481 304 182 453 112 334 208 283 191 217 104 418 536 362 414 442
20
315 380 253 173 337 482 458 390 249 309 575 236 572 296 316 424 245 171 233 509
20
406 372 107 598 287 274 223 163 532 433 382 449 394 501 405 105 244 294 221 176
20
305 301 534 232 131 582 372 103 234 441 314 325 201 362 583 275 560 353 599 152
20
488 329 178 352 487 435 140 347 141 442 464 375 493 512 510 315 154 273 174 585
20
134 501 338 191 132 227 278 587 510 311 434 176 273 234 453 472 190 173 571 529
20
492 509 422 463 188 165 578 249 373 316 386 174 549 537 465 553 418 112 594 314
20
368 430 309 383 146 561 159 353 340 494 380 453 533 461 269 290 177 473 168 537
20
250 113 140 521 372 480 506 172 331 448 234 160 421 118 435 453 184 107 206 366
20
425 224 408 315 401 443 190 498 339 252 552 226 152 140 139 334 521 493 250 424
20
104 477 161 222 310 353 226 272 539 585 251 321 156 303 543 455 326 562 452 383
20
212 522 169 278 423 147 534 268 431 522 237 312 317 438 303 440 389 259 522 412
20
373 294 235 421 204 564 341 386 464 217 465 313 167 202 133 232 285 256 366 115
20
165 496 485 164 108 105 447 581 510 214 541 160 256 185 157 436 424 591 414 201
20
470 272 387 220 437 198 422 286 128 275 418 311 429 203 332 118 550 581 341 394
20
213 173 127 422 597 373 139 310 264 274 566 166 509 240 104 296 178 567 539 190
20
555 217 233 168 112 544 429 571 348 353 143 383 146 332 531 170 242 560 439 227
20
112 551 450 521 181 121 280 147 173 337 310 297 145 235 244 209 209 376 593 296
20
200 167 410 216 450 245 559 594 259 207 324 326 280 543 558 500 421 581 575 130
20
599 113 370 547 330 220 445 297 401 344 445 500 252 356 594 184 432 178 130 362
20
492 489 294 294 289 128 304 256 365 188 372 174 502 317 100 400 415 407 267 564
20
554 590 364 591 330 565 523 525 537 293 220 327 375 341 384 128 136 599 555 375
20
492 251 340 420 363 126 591 164 325 443 278 364 398 253 153 341 495 600 414 564
20
182 516 265 446 500 250 261 549 552 242 257 315 228 513 133 185 478 224 482 600
20
206 253 227 308 252 334 452 539 456 137 362 548 508 348 217 161 199 168 592 480
20
386 402 316 385 595 349 478 498 427 324 575 484 549 117 298 422 356 229 568 246
20
294 246 156 239 178 174 468 249 510 386 128 435 543 135 344 368 368 323 371 432
20
526 564 535 559 296 478 137 352 340 557 482 117 395 374 124 143 268 475 312 148
20
390 396 284 492 223 535 471 250 327 271 422 450 152 322 370 442 191 259 485 256
20
184 181 445 382 130 255 216 576 430 470 408 590 444 349 182 555 219 162 283 120
20
113 576 368 415 180 501 108 561 121 517 224 148 234 375 232 104 428 300 595 543
20
201 147 545 472 355 453 238 276 355 393 131 323 142 449 267 556 304 222 155 503
20
598 231 149 587 338 463 438 199 386 487 448 483 579 564 465 437 538 333 165 173
20
165 374 122 170 401 135 390 188 157 269 261 421 261 505 523 537 361 495 578 207
20
511 399 133 425 431 275 120 194 475 531 109 120 421 363 507 495 591 599 138 106
20
195 417 130 275 154 427 337 483 327 567 279 497 485 556 172 476 387 596 157 296
20
151 233 517 184 370 357 163 466 378 205 262 358 337 510 283 600 133 427 240 420
20
497 107 488 104 423 235 395 404 203 284 163 509 218 527 495 360 203 345 233 527
20
429 223 495 101 318 466 197 432 536 492 577 371 201 458 335 302 311 330 484 570
20
445 216 206 404 431 489 548 413 371 460 297 537 468 439 264 534 106 508 217 133
20
278 576 594 144 129 371 526 505 283 372 170 143 589 178 528 589 500 556 264 536
20
173 296 298 449 365 389 408 516 122 176 511 457 553 546 252 352 584 195 489 138
20
367 379 106 399 274 524 408 175 119 219 331 150 493 477 475 482 139 498 388 454
20
474 357 565 597 467 409 230 576 370 490 425 543 526 386 310 597 190 148 267 133
20
599 555 456 571 181 377 279 166 189 479 230 494 343 446 323 456 568 491 357 208
20
523 437 521 477 577 391 525 350 356 504 575 113 256 111 560 262 302 379 285 395
20
377 534 502 238 499 527 536 150 295 435 374 476 462 466 458 119 205 163 186 105
20
575 227 337 158 137 281 301 227 471 547 221 462 587 544 274 558 160 418 220 518
20
564 384 299 348 586 279 218 448 311 188 436 590 430 208 104 158 385 213 599 520
20
334 422 482 402 540 151 193 346 309 469 593 216 238 363 384 503 398 123 181 477
20
365 330 301 171 484 490 595 318 346 537 121 569 311 116 273 154 319 195 281 473
20
550 554 102 400 393 573 250 592 273 422 247 194 252 477 512 540 513 255 197 586
20
122 469 244 334 357 354 349 118 307 528 129 483 549 101 336 328 326 468 295 444
20
476 259 511 221 440 457 137 530 230 220 187 398 482 430 578 284 273 382 502 591
20
329 141 151 451 148 389 180 517 485 550 462 105 456 309 516 157 456 573 140 258
20
342 373 240 399 380 375 187 393 159 346 583 439 110 159 419 599 469 532 542 498
20
393 542 179 513 519 517 500 330 388 208 260 546 397 491 137 148 328 172 372 316
20
124 142 129 170 591 390 410 259 293 170 243 103 596 522 566 270 187 312 155 556
20
258 251 221 279 276 537 195 376 226 465 356 177 272 574 348 199 452 171 197 568
20
118 154 215 245 360 174 513 235 421 423 534 401 551 424 461 442 147 568 573 200
20
179 254 247 376 594 247 197 483 562 131 424 293 486 333 506 396 296 211 124 476
20
465 465 378 313 405 229 275 130 482 354 569 566 259 578 144 119 502 350 451 459
20
378 559 331 365 454 403 563 471 387 145 120 344 384 382 559 397 112 524 337 491
20
319 248 140 535 409 281 576 206 143 353 174 562 596 171 196 250 529 229 217 378
20
599 421 600 540 247 588 345 260 101 568 598 411 329 308 500 104 125 148 516 169
20
579 223 329 560 391 249 366 456 558 254 246 400 599 563 182 571 100 462 329 265
20
291 443 174 270 464 126 397 445 506 366 554 334 183 382 148 440 112 334 600 122
20
390 468 151 344 131 569 490 437 183 523 429 162 342 411 346 338 445 109 438 181
20
115 350 201 506 477 117 133 297 352 474 497 364 304 541 372 270 102 393 414 321
20
452 241 315 198 565 523 406 358 244 355 451 503 586 154 418 232 419 205 238 594
20
497 215 585 448 214 245 518 213 578 414 145 281 242 558 181 496 166 518 598 225
20
200 369 361 458 262 253 406 174 453 155 423 122 115 360 189 472 250 102 586 307
20
500 566 407 149 494 316 507 304 122 219 244 319 361 497 121 246 129 125 292 505
20
145 237 290 510 393 125 150 572 386 484 329 418 195 128 264 334 249 581 125 594
20
313 293 418 152 146 391 212 123 178 263 553 266 166 533 365 529 200 109 137 333
20
264 558 411 127 148 420 151 451 504 257 243 568 301 498 574 544 587 271 585 272
20
373 425 409 343 150 401 426 192 231 433 295 572 366 381 177 475 329 362 387 299
20
457 315 425 528 103 291 147 416 303 115 363 160 527 183 272 165 498 328 273 308
20
439 356 112 227 425 175 366 259 582 273 220 469 349 111 279 496 303 505 196 445
20
513 579 407 481 127 298 136 135 462 304 538 368 145 342 391 526 192 206 342 357
20
137 218 137 502 278 202 498 128 172 394 452 541 274 536 514 270 567 235 368 144
20
506 316 582 436 123 522 516 399 258 314 563 147 361 312 494 547 206 244 113 479
20
280 530 142 575 490 326 186 455 206 230 554 104 594 199 324 549 225 175 421 567
20
467 193 450 533 258 598 200 105 264 552 271 157 545 418 260 159 547 538 103 486
20
219 106 102 340 207 411 245 512 222 445 163 505 146 266 175 588 501 419 233 386
20
511 373 562 228 502 484 455 589 137 294 458 462 537 531 221 427 273 431 556 303
20
448 507 325 467 332 131 286 538 229 438 205 245 400 578 430 546 568 596 518 486
20
281 114 105 261 438 430 194 539 529 342 522 490 502 421 421 275 118 464 388 215
20
585 320 408 100 223 187 169 123 215 458 542 164 476 388 559 240 203 323 330 148
20
380 104 320 329 424 416 455 536 375 217 215 346 553 154 368 382 182 120 248 226
20
188 583 192 195 555 222 367 307 359 196 362 275 213 258 176 552 584 286 387 184
20
146 311 493 230 445 162 325 129 295 165 173 407 515 526 166 321 489 513 271 234
20
353 314 541 304 210 467 391 124 422 359 395 341 501 571 338 105 103 325 464 323
20
557 318 598 594 473 186 528 143 256 420 320 368 485 310 297 236 224 228 286 492
20
228 136 150 587 382 335 573 196 536 481 485 187 171 235 568 252 358 372 220 506
20
547 224 225 544 342 304 215 285 302 582 315 135 283 546 280 195 421 327 600 148
20
334 512 559 295 568 366 567 429 495 489 464 144 303 263 330 288 372 509 283 459
20
304 314 377 395 195 283 564 525 594 309 435 393 299 232 512 178 446 541 303 180
20
166 449 260 364 341 112 171 120 227 480 433 588 558 297 167 519 133 268 360 343
20
517 312 528 550 486 395 424 156 241 558 354 257 140 553 253 443 193 270 310 411
20
488 142 346 550 436 556 463 105 591 529 516 384 578 488 525 232 440 241 116 135
20
525 464 117 236 344 179 354 249 147 206 576 543 531 307 193 594 349 442 121 342
20
462 386 443 281 173 163 275 517 437 414 103 331 143 558 376 334 521 188 269 349
20
238 406 155 339 306 182 165 366 239 406 222 175 493 566 535 152 277 379 184 143
20
368 552 154 237 169 482 252 108 526 572 340 562 294 178 572 460 470 493 368 238
20
159 538 491 284 414 444 427 377 241 452 524 210 107 523 491 279 421 136 436 254
20
425 600 183 243 549 399 345 505 394 256 226 228 506 515 283 148 518 131 152 522
20
468 397 290 421 514 294 452 559 367 124 529 356 336 532 345 384 253 569 156 572
20
581 378 316 185 168 331 493 570 243 287 186 170 283 440 103 355 108 541 379 578
20
307 567 395 193 467 592 342 409 143 403 426 168 209 511 341 213 571 178 134 322
20
147 156 524 138 510 252 228 436 294 149 463 265 524 216 300 120 506 290 545 499
20
529 476 477 559 461 514 341 453 132 144 522 483 269 352 556 476 254 225 121 442
20
547 197 588 339 432 546 427 516 594 250 583 336 300 392 551 300 584 557 500 194
20
282 361 489 349 429 412 408 243 270 101 514 440 161 245 574 406 426 482 190 407
20
395 411 219 218 338 280 489 488 288 160 403 318 401 243 450 159 477 431 145 447
20
377 325 464 107 348 441 495 518 513 537 480 455 363 578 476 507 562 206 212 152
20
332 201 599 107 153 214 581 509 330 115 300 102 481 153 168 223 139 225 549 167
20
185 392 340 359 483 437 108 358 233 259 416 214 524 368 375 580 132 426 117 200
20
273 538 418 223 433 571 502 239 480 593 195 488 350 122 349 209 208 500 578 150
20
414 261 266 379 169 112 390 278 165 477 329 394 521 223 420 541 257 428 538 109
20
395 534 572 332 324 235 432 544 163 529 575 310 549 401 431 146 116 270 573 196
20
566 260 479 563 397 495 122 209 481 193 509 530 190 507 529 413 528 171 218 155
20
187 414 273 544 256 357 314 186 124 199 377 249 590 188 460 129 275 411 450 337
20
518 332 397 413 407 350 539 554 294 136 294 347 222 398 436 351 546 167 289 223
20
179 437 214 199 474 266 422 279 437 317 296 198 490 468 497 268 531 288 222 576
20
355 222 338 289 118 495 326 575 547 230 570 315 280 320 279 530 569 466 181 431
20
437 244 589 350 153 343 130 588 451 353 553 586 471 504 466 457 105 111 354 138
