150
20
292 284 521 346 182 537 122 336 386 168 400 296 448 378 123 563 173 297 455 213
20
456 425 422 181 391 314 191 412 103 497 381 491 160 579 598 214 291 413 226 113
20
279 554 266 335 141 499 265 551 566 407 503 428 242 345 591 572 140 394 162 516
20
411 452 283 404 458 358 542 163 331 146 399 272 219 150 431 123 335 253 449 521
20
199 405 159 120 286 224 484 431 566 146 159 386 297 149 388 469 233 116 194 418
20
470 252 265 269 472 592 489 229 362 275 495 427 587 401 129 534 154 553 590 164
20
269 108 345 271 290 412 438 431 176 563 569 483 346 126 183 424 261 345 270 508
20
445 372 292 499 327 419 291 408 492 555 394 158 398 366 483 170 259 479 592 264
20
504 250 493 440 279 115 507 189 399 573 570 392 137 360 572 129 437 427 558 271
20
317 490 297 272 208 383 514 464 360 344 259 423 555 113 312 188 575 335 370 501
20
423 565 444 257 395 405 410 449 292 132 565 386 406 283 562 187 336 231 446 264
20
168 508 424 153 590 447 169 538 185 227 480 107 157 492 409 517 541 103 568 506
20
131 466 268 347 414 288 448 300 571 228 195 222 578 458 112 131 176 577 460 391
20
409 175 265 531 352 378 470 485 519 516 307 468 235 512 234 186 235 104 136 587
20
575 130 479 590 394 250 519 581 374 542 568 562 200 344 300 161 119 146 239 512
20
522 396 582 212 494 302 298 475 426 401 575 595 107 184 254 262 435 436 196 141
20
502 147 199 295 379 475 268 375 324 523 388 496 139 182 258 310 322 223 149 329
20
276 149 508 434 390 490 450 188 510 281 591 592 549 108 518 117 195 560 284 516
20
581 435 157 534 528 313 209 223 168 124 321 180 468 324 323 457 563 132 308 218
20
482 466 233 540 534 179 234 409 136 239 342 282 267 510 459 580 487 314 591 597
20
255 579 394 409 114 367 157 449 335 437 478 111 337 262 348 389 130 312 220 514
20
280 188 538 101 285 288 199 230 407 502 469 314 438 330 487 420 594 407 192 357
20
556 380 399 139 217 115 264 356 193 559 396 159 191 253 507 332 490 364 366 441
20
353 150 516 482 360 396 405 131 522 270 547 376 212 521 218 510 156 220 414 486
20
151 178 498 553 100 494 573 536 112 282 361 189 316 388 425 269 113 425 508 183
20
266 498 261 186 281 220 535 237 420 265 337 531 265 191 339 298 432 114 556 234
20
395 254 293 155 251 205 227 437 106 399 233 495 149 221 585 355 462 313 463 496
20
221 543 565 366 485 501 555 564 508 520 178 362 428 314 517 207 255 427 346 387
20
324 563 200 457 549 334 386 294 129 222 420 277 212 455 373 329 323 412 415 217
20
477 193 352 540 226 504 583 583 595 343 110 462 144 378 351 500 196 551 577 585
20
569 226 549 360 594 270 155 104 426 463 180 380 347 225 597 539 291 267 140 561
20
367 254 259 120 322 181 212 160 506 348 237 437 296 519 448 244 175 469 234 569
20
494 261 362 111 408 208 444 284 163 303 300 461 599 320 328 157 444 430 524 128
20
372 223 299 249 495 495 294 298 559 544 105 128 153 375 167 496 299 466 446 229
20
448 223 229 581 486 157 230 342 535 292 369 371 458 340 205 103 315 144 142 265
20
367 163 594 293 509 446 506 401 314 599 174 565 464 124 214 164 536 181 147 408
20
590 462 369 320 555 191 209 116 544 390 304 127 593 519 310 104 310 319 409 161
20
432 311 392 559 300 196 452 280 583 458 534 436 360 525 186 546 200 189 370 370
20
215 299 296 101 305 184 397 535 106 277 111 330 521 589 405 299 127 318 166 513
20
322 205 306 200 319 595 254 332 469 586 391 473 441 472 267 354 103 311 196 421
20
427 385 457 306 466 262 463 306 366 564 415 489 152 586 165 141 316 156 347 473
20
154 213 514 135 107 526 337 553 509 393 409 191 388 213 197 262 182 232 336 364
20
243 503 186 543 431 152 120 511 576 597 176 385 239 369 399 202 203 592 105 188
20
567 211 488 520 501 330 189 151 198 562 562 292 586 466 491 129 493 428 525 223
20
584 209 247 334 329 499 504 514 458 329 385 384 100 263 332 189 282 238 304 384
20
409 277 177 265 394 384 167 426 242 134 370 276 574 152 534 141 255 487 216 532
20
417 313 594 432 304 576 290 130 167 547 600 164 325 598 568 335 154 169 443 265
20
559 282 540 525 564 439 113 388 191 496 429 345 507 159 448 527 359 516 230 584
20
393 327 208 375 427 111 379 140 107 411 555 178 300 198 394 330 142 196 520 395
20
437 501 202 148 440 190 374 576 493 358 187 317 129 506 246 588 325 227 539 236
20
188 252 477 421 445 589 364 112 300 532 398 255 515 514 418 555 203 463 460 485
20
396 501 112 226 525 560 363 599 431 238 288 322 382 279 576 496 518 183 279 512
20
237 329 120 354 222 510 324 399 480 172 269 596 419 305 581 272 174 553 342 493
20
248 417 179 309 466 169 419 403 559 222 217 514 593 346 570 162 246 124 238 169
20
528 313 192 356 181 234 106 453 561 343 560 490 215 192 310 423 197 514 450 423
20
316 405 280 303 453 376 490 236 102 386 487 546 230 280 570 178 438 536 384 358
20
404 596 595 278 511 114 446 165 352 263 165 260 352 300 508 153 564 534 292 232
20
534 357 133 344 250 173 162 132 170 442 177 172 280 441 181 250 247 543 563 381
20
390 398 457 572 304 470 106 560 283 333 310 404 511 455 337 480 121 490 487 459
20
163 586 364 321 586 117 239 389 575 244 172 575 287 285 457 446 124 528 178 163
20
405 161 289 166 195 309 110 253 498 372 321 465 335 202 558 244 581 244 582 338
20
335 129 472 350 424 160 462 212 334 321 572 120 550 150 361 170 575 383 231 187
20
576 337 284 443 229 510 392 400 106 482 560 291 361 178 417 265 464 252 253 145
20
553 118 464 560 513 172 599 296 580 532 226 128 102 260 423 565 123 472 386 528
20
164 493 284 119 224 505 600 142 562 191 228 189 170 504 139 455 564 226 111 164
20
207 522 402 157 232 531 464 294 424 544 588 412 503 115 209 559 540 237 505 426
20
364 506 539 355 593 434 532 381 362 343 416 293 336 462 381 362 196 399 127 516
20
385 124 365 437 436 246 321 402 201 117 391 167 253 318 484 166 142 279 277 563
20
478 501 286 438 118 263 118 218 229 291 578 441 409 423 197 164 123 512 144 494
20
560 347 377 150 459 215 177 260 125 232 531 365 172 525 146 525 102 510 477 349
20
258 593 508 252 499 194 314 247 125 367 351 212 433 206 281 496 170 267 286 412
20
404 567 303 289 108 269 347 434 208 398 458 156 303 538 360 265 514 533 579 254
20
151 157 241 477 331 500 598 130 214 130 324 542 357 345 446 392 385 199 282 455
20
178 198 311 447 541 555 156 191 562 413 222 166 159 199 464 385 390 522 301 319
20
515 289 363 460 272 161 361 330 583 386 405 424 127 372 369 340 439 462 252 596
20
526 166 107 149 271 169 271 414 539 374 422 269 436 384 259 439 506 502 213 600
20
474 300 316 508 436 293 342 480 308 433 481 577 510 231 314 350 559 404 160 264
20
250 307 169 523 479 210 542 505 220 352 291 380 215 169 410 236 502 111 146 150
20
191 193 317 480 571 334 217 326 271 226 114 131 152 192 103 583 105 362 127 228
20
187 210 451 301 597 569 250 101 517 488 142 543 539 571 499 222 177 410 566 427
20
206 177 467 411 220 131 459 219 124 353 125 254 363 546 353 240 232 210 457 197
20
288 350 575 169 560 560 417 109 405 346 402 585 142 163 329 351 548 405 268 511
20
165 535 449 351 278 564 500 154 175 152 213 262 538 475 170 398 442 521 574 530
20
550 273 484 242 471 475 394 546 278 191 575 156 343 163 102 463 445 101 595 290
20
377 424 165 559 600 138 147 258 152 526 501 326 399 513 432 380 372 294 316 443
20
249 300 273 264 494 127 184 550 125 396 215 467 135 578 575 195 281 501 417 472
20
141 374 516 574 557 560 294 575 219 598 468 584 384 534 441 122 538 235 530 561
20
255 368 436 255 246 132 572 276 186 513 249 238 289 313 580 222 299 182 327 494
20
515 355 412 488 185 568 102 423 522 392 319 438 438 296 560 335 412 468 468 480
20
234 454 560 232 444 104 133 554 159 583 208 504 576 536 321 589 109 435 205 396
20
285 422 231 431 238 327 341 179 135 535 373 589 450 423 502 471 492 277 454 182
20
192 165 185 117 320 519 127 392 503 469 524 197 444 592 421 476 220 516 504 470
20
481 503 275 399 485 415 367 174 423 130 341 225 301 425 408 448 592 578 449 139
20
212 255 166 468 566 160 535 189 593 591 131 282 448 271 497 503 119 193 153 115
20
256 197 600 342 558 420 255 301 141 400 495 221 254 568 109 247 266 484 386 566
20
197 398 341 347 346 540 133 395 285 418 472 282 427 229 493 177 313 196 226 558
20
375 437 454 213 534 525 265 298 227 526 537 163 534 387 162 568 203 576 272 551
20
351 164 165 237 453 262 271 241 369 328 283 555 318 479 469 550 539 440 135 460
20
416 507 497 200 375 532 129 416 478 173 436 108 152 432 489 587 249 230 400 323
20
585 462 262 271 216 358 382 314 458 211 547 126 248 117 401 480 180 387 333 500
20
372 493 180 485 309 415 581 181 315 152 225 304 152 193 251 585 522 200 395 257
20
530 286 210 431 311 495 194 600 172 147 152 254 354 496 440 388 164 384 565 554
20
519 242 470 426 575 310 388 266 189 460 426 546 309 272 172 260 369 219 211 554
20
425 340 162 404 285 214 588 515 119 504 371 590 297 435 402 526 272 222 402 597
20
397 216 105 335 417 180 527 257 473 565 307 305 395 154 123 150 354 514 425 549
20
100 323 260 388 273 249 550 443 234 355 290 477 592 306 114 284 279 359 329 161
20
369 476 452 515 376 556 413 194 350 413 414 517 230 227 471 519 286 452 133 336
20
295 457 373 121 213 293 277 279 359 327 177 459 105 494 485 578 103 590 481 392
20
579 551 427 565 373 460 587 177 324 190 528 547 275 419 328 488 574 454 293 531
20
478 543 412 506 510 155 423 214 143 106 238 386 349 349 492 339 459 566 165 325
20
133 482 251 260 120 554 534 467 337 132 189 459 200 192 124 176 504 133 204 148
20
212 511 162 242 315 535 446 230 449 228 286 379 567 516 273 259 413 485 569 514
20
573 329 174 113 385 157 371 535 518 259 544 290 428 371 577 461 203 599 434 544
20
556 581 525 396 280 345 474 177 431 126 332 486 118 492 267 561 333 574 596 575
20
551 330 419 382 504 518 448 497 445 597 439 298 359 472 169 209 207 365 138 324
20
161 561 468 351 590 409 537 227 271 199 304 599 315 358 478 221 178 455 546 373
20
177 427 480 130 349 491 505 418 307 293 377 359 358 363 460 588 499 547 310 430
20
123 481 181 466 176 570 251 595 123 515 453 147 350 370 437 226 212 174 543 505
20
129 192 170 103 192 291 288 196 141 280 484 357 217 274 252 579 520 539 537 181
20
533 254 565 495 554 358 596 241 398 134 451 241 293 213 521 599 201 416 264 456
20
481 559 516 279 382 504 287 430 143 408 195 271 475 498 537 145 300 343 557 426
20
198 407 241 379 426 234 148 551 443 554 564 107 386 243 374 267 454 528 405 359
20
128 270 182 189 144 513 225 332 587 571 322 592 439 468 474 450 423 380 596 326
20
104 313 260 309 502 230 350 268 143 113 158 249 339 267 418 280 208 149 566 397
20
173 311 299 473 222 572 314 497 512 400 515 259 441 392 244 174 236 306 549 223
20
419 272 230 237 582 370 130 201 194 499 246 378 370 466 162 140 126 556 213 569
20
544 179 510 578 271 144 136 113 379 254 569 277 423 465 218 492 499 254 541 239
20
309 264 247 388 402 517 598 313 161 347 566 361 468 598 312 138 426 175 575 389
20
391 530 389 383 100 193 412 183 219 301 275 326 272 199 211 104 367 417 591 519
20
559 596 396 568 433 236 438 327 170 127 279 317 381 329 330 578 572 160 590 500
20
250 452 304 208 241 138 141 324 454 169 427 241 515 142 261 509 366 370 392 398
20
252 157 475 426 425 355 314 597 262 222 153 415 171 584 596 334 182 172 101 194
20
517 521 339 522 199 398 237 537 144 211 505 496 543 182 224 547 369 238 296 310
20
343 130 382 281 228 481 267 225 163 133 324 374 594 494 540 267 402 299 405 110
20
154 368 138 160 191 106 184 176 108 413 440 520 276 359 366 509 323 497 280 137
20
382 495 231 191 463 488 538 151 382 489 141 416 205 192 496 328 402 422 172 199
20
434 186 408 123 456 173 485 370 446 291 125 119 276 395 455 539 564 143 376 145
20
269 590 300 330 129 333 258 140 539 582 365 272 203 149 544 414 230 179 201 151
20
594 384 300 205 469 101 155 330 406 185 190 524 162 392 119 533 501 124 510 104
20
193 235 250 102 144 461 480 571 482 228 249 165 137 474 105 487 567 304 418 412
20
250 353 168 233 296 370 319 137 573 125 598 423 388 233 151 409 530 452 566 552
20
342 429 594 353 420 423 138 173 164 250 199 384 235 185 128 253 266 199 291 249
20
493 477 562 320 231 475 161 524 193 595 139 362 535 348 590 487 211 337 597 470
20
136 273 368 191 345 548 594 184 125 556 371 367 518 176 272 366 307 229 228 465
20
459 441 320 357 402 281 181 399 135 142 222 506 311 332 508 195 320 599 416 423
20
391 554 576 342 384 325 185 370 159 424 455 105 342 553 374 491 289 130 117 406
20
499 446 571 261 147 178 324 406 342 484 508 124 284 340 189 273 171 368 187 109
20
591 512 243 107 507 564 304 413 234 477 480 415 371 221 179 226 318 186 214 532
20
388 496 208 173 290 504 279 431 595 560 129 565 421 131 469 377 400 458 238 493
20
108 349 457 553 130 338 225 478 511 115 393 454 237 463 340 319 529 333 221 183
