150
20
553 185 128 577 423 119 556 305 231 430 386 170 258 428 373 367 424 294 585 459
20
578 364 515 199 357 330 486 524 100 582 534 205 446 131 240 529 319 463 420 417
20
598 386 569 271 253 545 101 429 512 551 351 556 188 567 305 347 365 334 488 420
20
409 397 406 508 121 235 282 248 555 427 106 184 414 439 510 247 261 420 109 542
20
331 162 125 349 282 558 550 183 280 533 216 500 233 309 353 532 318 477 243 216
20
193 471 381 218 412 558 144 516 315 153 441 151 103 147 426 546 400 160 120 545
20
151 241 111 139 586 482 418 562 244 349 105 272 206 450 242 251 276 152 201 307
20
422 376 585 456 551 248 475 148 329 413 263 278 534 179 412 139 228 170 215 183
20
478 352 540 323 326 403 499 575 518 184 540 211 236 261 192 414 161 500 485 359
20
310 239 445 167 505 420 446 122 138 452 274 154 336 158 139 126 516 299 579 431
20
276 374 250 463 318 540 584 453 301 388 522 599 568 341 117 405 161 257 210 473
20
102 442 387 263 346 260 172 152 396 429 235 453 157 360 154 579 519 438 520 210
20
438 273 119 267 199 227 363 528 446 372 341 305 585 337 255 426 346 564 515 538
20
259 180 577 489 197 569 146 253 276 565 247 142 494 584 488 489 554 270 494 583
20
450 483 429 457 410 137 515 427 540 152 150 269 382 540 464 159 306 269 356 103
20
362 280 287 366 123 503 278 123 307 177 530 344 593 465 273 478 352 453 420 317
20
586 444 108 492 126 390 104 292 104 569 312 228 447 394 442 167 124 469 589 270
20
403 318 100 210 116 564 298 428 315 549 125 180 335 417 535 271 345 250 125 416
20
297 544 362 432 586 140 311 395 171 196 179 194 107 106 460 325 299 198 306 152
20
152 379 318 593 556 230 427 436 528 215 498 226 595 151 405 523 386 156 154 466
20
546 167 559 300 240 458 299 467 230 550 217 420 397 447 142 236 228 530 456 179
20
292 578 402 342 428 236 418 349 269 511 167 283 504 301 514 195 118 579 258 188
20
411 389 407 316 343 224 407 566 291 340 424 570 428 231 407 379 126 240 467 442
20
434 401 269 415 118 521 406 137 528 421 167 314 253 100 334 363 197 468 207 566
20
582 481 266 339 176 330 505 250 308 360 526 273 587 142 539 115 241 586 596 470
20
478 382 304 394 319 399 429 289 366 475 232 299 333 131 370 507 310 353 168 480
20
519 353 312 487 318 415 568 132 443 571 290 241 442 327 376 381 293 513 247 165
20
344 406 393 519 523 214 220 223 171 478 450 134 542 206 183 372 582 152 153 128
20
444 370 175 571 527 207 127 333 229 332 440 405 118 226 360 302 294 394 324 505
20
386 185 509 238 114 140 264 295 433 314 472 438 161 146 528 452 533 521 428 202
20
137 467 544 471 299 165 195 285 148 172 269 270 590 187 562 242 366 485 256 512
20
495 455 534 105 490 282 575 157 280 205 425 357 475 573 112 202 161 569 396 284
20
504 383 444 134 495 300 385 575 130 457 508 289 505 558 293 195 507 475 140 367
20
437 510 307 595 271 411 223 132 555 150 278 586 169 482 320 363 585 282 581 302
20
497 133 302 215 450 348 560 282 112 141 131 210 569 385 430 124 362 467 468 304
20
512 468 110 102 510 244 187 494 307 379 501 134 219 591 415 494 109 437 559 326
20
270 573 373 414 230 481 390 555 190 264 205 161 245 194 181 386 438 478 129 586
20
161 208 148 281 170 241 497 514 539 319 391 301 462 341 430 212 236 581 531 374
20
442 180 108 131 209 380 580 437 342 445 509 277 169 184 594 182 412 201 318 250
20
516 353 109 283 322 584 476 553 447 583 375 517 419 100 443 545 340 591 566 208
20
422 320 401 169 411 304 214 250 573 196 367 111 314 196 273 405 437 269 458 424
20
274 538 411 167 229 459 329 514 557 424 502 124 320 546 177 362 498 151 554 280
20
366 161 515 474 173 522 473 570 153 576 190 523 581 213 469 279 496 327 370 107
20
566 363 450 537 329 356 315 495 330 473 364 484 120 405 298 271 360 376 220 266
20
313 220 506 546 278 191 285 536 181 289 245 147 417 402 150 198 206 350 473 173
20
314 416 524 121 104 432 250 524 552 342 175 168 466 263 492 292 404 465 261 445
20
600 112 381 173 129 329 337 120 158 313 246 550 182 469 558 161 111 195 511 287
20
254 548 262 520 569 570 147 109 139 252 189 550 553 184 459 180 487 592 448 149
20
566 112 413 482 147 389 352 342 452 280 494 583 186 207 163 564 337 189 181 499
20
363 283 503 219 157 233 525 353 301 361 461 134 249 344 416 269 192 123 534 289
20
152 320 278 561 310 336 343 465 254 337 293 354 570 192 110 189 436 176 133 306
20
451 188 282 422 180 287 328 503 306 496 460 133 190 398 295 351 416 569 244 382
20
574 176 274 377 223 285 163 324 302 122 263 175 541 362 590 494 357 295 353 559
20
218 248 284 202 123 194 223 217 592 579 234 566 531 575 540 220 322 305 176 199
20
126 454 146 378 198 139 510 191 312 542 470 556 295 225 541 363 392 119 204 178
20
199 235 215 374 134 545 141 445 581 340 390 370 506 410 392 318 327 219 510 191
20
523 422 507 268 262 376 284 210 488 416 513 547 256 416 459 210 552 349 222 551
20
385 270 562 147 204 279 288 180 276 355 315 513 313 384 389 316 464 589 323 472
20
102 251 494 590 566 353 524 425 152 225 459 517 280 232 213 227 599 467 537 583
20
276 590 562 252 240 481 261 427 363 336 549 198 415 293 312 592 104 135 462 566
20
198 507 357 591 364 404 141 193 404 429 497 143 576 395 290 248 402 392 492 354
20
432 109 246 306 428 362 450 571 427 305 506 597 152 540 591 104 146 247 501 437
20
338 360 351 335 181 300 100 173 298 378 594 280 542 492 163 295 529 583 300 549
20
436 227 578 420 261 342 332 293 305 600 370 121 175 120 286 264 493 441 446 502
20
463 569 214 227 441 235 167 424 500 581 547 347 374 478 470 384 306 570 506 150
20
365 482 347 350 136 149 332 380 262 302 223 560 399 526 488 228 170 148 468 185
20
353 418 284 225 505 378 223 505 517 418 354 397 175 532 203 463 515 271 408 401
20
394 480 204 130 304 359 428 308 354 229 254 388 582 205 422 528 452 581 355 454
20
497 479 264 584 238 504 462 142 231 533 460 559 434 383 409 389 485 456 180 191
20
125 536 307 367 289 274 185 455 568 333 378 114 595 132 107 206 265 509 311 544
20
166 349 325 466 438 591 203 561 368 498 116 196 217 559 446 565 408 242 596 138
20
169 546 399 507 223 167 235 145 241 153 257 186 292 438 220 278 385 450 437 398
20
314 388 467 551 545 406 326 371 399 418 533 281 388 247 234 487 573 481 377 200
20
154 256 556 570 335 332 535 310 598 382 443 316 487 359 559 189 357 524 436 542
20
204 267 340 515 116 391 189 482 180 329 226 357 404 440 419 419 472 413 462 558
20
134 579 581 424 250 262 597 577 240 309 117 245 478 386 396 500 577 118 531 531
20
471 120 600 158 417 293 542 301 583 424 270 202 388 554 460 261 573 532 468 363
20
289 148 499 363 599 298 432 442 288 316 222 497 514 361 493 474 532 340 159 561
20
321 113 543 568 193 266 176 218 433 578 363 156 225 531 566 536 423 516 457 587
20
455 473 367 456 257 495 225 160 164 161 219 323 305 390 512 240 284 299 204 454
20
162 483 373 173 404 245 465 235 475 380 421 310 173 473 145 442 329 264 277 251
20
413 194 283 345 345 346 455 446 389 122 497 389 134 104 136 572 544 315 278 331
20
422 369 171 564 393 398 462 165 515 344 377 207 207 478 422 485 499 463 181 275
20
128 390 502 378 481 305 255 328 141 513 495 229 456 456 427 502 471 499 474 120
20
503 544 145 517 433 180 542 405 424 548 556 471 131 537 255 335 587 217 173 208
20
176 242 510 275 125 517 208 471 529 285 333 358 331 119 554 103 295 316 590 420
20
473 333 303 451 447 264 292 563 258 136 599 192 591 325 405 104 530 588 262 253
20
318 334 282 139 171 343 505 223 471 361 384 428 565 217 375 311 335 331 257 408
20
338 213 553 444 167 264 547 181 111 205 592 256 346 586 100 361 114 236 302 588
20
204 203 379 225 409 333 595 348 289 548 312 445 508 102 392 545 474 436 209 591
20
562 455 434 185 126 438 160 425 233 554 274 316 154 463 100 541 180 491 497 169
20
192 205 441 471 196 505 374 384 365 258 166 451 447 583 163 463 496 334 506 590
20
466 449 123 425 583 495 134 477 518 235 576 586 144 581 132 440 360 490 189 597
20
448 448 178 176 457 130 437 309 327 588 427 565 377 473 253 113 342 397 284 492
20
308 231 579 105 195 512 236 163 236 309 317 293 580 557 554 204 283 128 377 593
20
197 453 476 599 182 105 236 103 301 270 560 229 446 238 192 505 580 286 341 234
20
468 306 418 537 181 351 515 170 425 112 379 169 417 309 343 563 513 394 152 188
20
449 580 461 300 117 542 397 522 300 359 200 458 231 120 574 157 496 514 383 304
20
514 123 553 563 585 236 534 583 121 360 258 130 454 227 304 370 361 187 492 335
20
340 490 129 234 414 596 403 203 407 563 317 534 530 203 152 522 334 260 133 123
20
429 211 503 169 521 130 267 467 181 414 563 371 250 135 582 306 413 464 122 114
20
399 116 127 447 572 378 131 273 383 272 502 537 199 586 551 449 325 567 308 552
20
191 231 396 129 114 526 209 473 523 261 268 456 154 471 274 103 346 583 273 434
20
463 469 586 192 350 537 594 600 549 185 563 264 498 108 325 234 221 435 520 200
20
346 378 390 277 551 293 476 563 565 453 311 555 551 435 254 437 240 477 142 535
20
471 411 222 107 179 558 342 532 100 166 150 175 398 200 559 280 201 409 105 291
20
184 414 186 364 522 530 146 529 552 401 474 247 592 307 185 452 286 208 382 496
20
489 516 362 441 386 566 241 170 440 547 100 241 123 373 201 329 495 286 326 210
20
568 469 314 592 314 123 305 117 341 199 284 338 443 260 473 496 433 288 456 142
20
465 556 382 308 318 130 514 207 335 179 299 541 517 347 548 159 537 544 380 391
20
564 141 356 436 600 330 277 506 110 545 103 410 238 161 446 522 365 483 546 231
20
345 573 558 305 491 258 556 105 556 374 565 449 409 525 338 422 260 308 217 348
20
122 401 599 473 309 108 442 322 193 424 527 526 133 118 211 569 173 449 159 247
20
447 342 495 428 236 143 315 112 169 108 202 169 226 468 248 281 156 466 302 499
20
537 436 420 438 203 593 252 250 268 339 587 372 516 309 296 559 307 562 188 402
20
384 505 462 142 527 416 591 186 408 119 162 445 565 246 358 546 322 145 585 442
20
295 275 573 314 425 248 577 569 459 162 255 553 498 387 358 322 320 543 156 375
20
590 178 136 528 599 455 148 389 128 577 122 288 372 297 350 428 443 435 163 395
20
446 434 355 333 304 263 226 485 589 226 492 582 530 218 357 498 462 209 232 570
20
350 344 148 433 343 341 521 264 552 518 595 449 535 536 588 301 251 202 537 304
20
579 581 130 348 374 471 443 237 538 553 197 299 493 268 469 201 374 494 406 209
20
600 225 322 131 145 516 440 312 341 338 403 180 136 284 292 421 380 194 265 152
20
173 323 493 227 532 111 320 519 291 241 348 521 235 386 239 410 109 245 425 299
20
336 439 432 326 169 259 582 373 297 383 175 517 287 246 104 536 131 529 407 215
20
431 148 595 234 293 528 561 486 110 425 348 445 213 305 203 573 407 480 521 126
20
199 565 185 131 174 435 125 185 189 194 131 490 123 486 443 470 145 155 314 361
20
549 500 409 307 194 262 458 453 575 165 508 462 561 322 261 290 340 325 479 271
20
448 457 592 273 550 357 536 399 428 184 405 149 109 419 269 120 146 118 411 276
20
567 218 307 332 300 362 148 542 277 517 441 409 271 131 170 175 314 214 365 437
20
124 330 305 357 262 187 270 448 346 158 130 436 558 367 568 422 172 591 283 100
20
290 271 427 565 592 470 522 243 234 161 586 261 520 328 349 226 198 407 270 226
20
152 468 510 135 207 277 275 562 439 546 280 237 559 319 196 390 177 246 121 254
20
315 315 285 184 102 499 363 248 459 511 393 260 483 517 243 221 210 339 304 466
20
438 159 531 354 599 589 594 426 322 496 380 534 536 469 130 596 431 269 277 372
20
282 309 531 497 147 561 218 344 595 322 398 123 209 298 269 446 282 311 593 497
20
491 382 273 105 445 274 280 553 353 224 512 317 102 389 404 596 269 456 226 311
20
388 406 300 404 307 435 192 136 114 418 445 336 187 484 372 181 286 255 314 259
20
305 590 470 216 150 542 422 104 507 360 289 492 545 377 242 475 356 312 228 417
20
485 144 401 323 345 434 405 167 274 138 245 159 337 423 216 577 259 523 457 407
20
457 585 203 446 533 328 477 243 164 572 514 551 548 428 295 566 311 568 519 328
20
351 440 469 370 306 328 468 436 461 431 128 228 371 595 369 558 344 523 341 518
20
340 530 366 404 192 566 422 522 521 350 165 130 384 223 417 544 174 188 423 568
20
570 172 155 164 177 201 440 486 201 593 335 262 577 183 308 455 427 445 549 342
20
480 129 308 372 576 500 396 230 316 171 250 504 166 217 216 236 574 477 365 247
20
380 134 378 315 489 408 239 393 366 129 183 520 468 354 497 524 103 481 421 377
20
330 417 445 453 142 565 156 109 405 255 235 184 381 456 412 583 310 492 325 581
20
584 399 571 354 230 551 345 522 228 577 273 205 389 460 585 128 121 360 531 578
20
584 490 456 123 492 566 298 412 263 253 569 563 479 414 117 343 445 116 536 172
20
437 249 133 172 599 348 185 500 278 132 339 128 510 579 138 346 444 229 504 300
20
114 137 531 379 506 151 463 365 145 559 547 496 391 349 388 192 432 133 290 250
