150
20
420 345 141 531 574 581 501 160 477 393 457 371 321 170 377 495 387 112 594 443
20
463 269 234 114 186 157 126 174 178 269 460 585 595 336 546 220 392 316 560 194
20
387 481 276 431 526 534 597 599 364 357 183 322 200 549 267 307 114 285 551 196
20
353 392 531 306 177 581 414 233 169 139 445 342 557 496 231 425 207 320 445 234
20
279 176 366 204 183 573 381 564 385 206 392 174 353 466 510 178 349 208 433 316
20
461 344 139 424 424 161 330 364 221 391 416 577 592 239 312 309 575 326 138 104
20
185 450 412 197 131 117 421 506 183 299 214 513 395 457 569 240 305 448 588 113
20
237 192 208 555 118 182 511 299 554 299 527 433 196 396 462 137 252 326 476 502
20
273 450 470 506 568 294 279 245 200 259 359 528 555 213 100 151 295 556 361 300
20
324 169 598 312 548 216 216 136 139 113 309 190 569 112 420 118 318 425 197 371
20
569 323 393 441 212 408 493 570 260 192 204 173 439 583 151 404 584 345 378 152
20
406 561 331 461 572 116 360 216 422 340 400 559 148 551 237 277 390 496 226 364
20
380 117 346 548 166 265 234 243 569 233 366 208 507 404 125 114 319 265 579 239
20
510 382 434 380 415 203 597 209 559 181 214 294 288 290 577 566 591 568 235 590
20
320 513 285 367 401 177 353 102 466 192 301 312 233 592 537 528 409 574 239 480
20
511 516 270 499 578 437 539 565 360 258 155 102 547 306 363 116 226 423 439 116
20
457 200 160 453 345 380 101 468 500 186 173 325 536 153 460 388 131 361 250 553
20
443 375 272 182 391 236 188 216 209 396 202 355 473 175 267 504 463 506 277 546
20
506 311 150 168 403 446 376 101 159 416 252 459 378 439 378 353 360 575 591 403
20
276 243 286 584 390 373 513 420 241 420 596 149 308 514 542 356 181 473 177 340
20
250 558 475 345 182 153 167 202 273 408 222 227 340 431 123 554 117 122 328 171
20
520 352 515 423 114 289 102 468 454 413 118 364 273 474 108 413 313 349 102 241
20
231 117 272 132 156 243 574 334 172 539 421 482 204 416 249 222 490 576 409 134
20
411 103 350 284 574 100 360 357 371 332 231 265 121 155 391 411 509 351 131 377
20
482 526 249 291 162 339 531 406 427 201 352 162 327 322 460 385 406 152 200 185
20
458 117 326 129 158 270 580 410 443 342 206 461 327 172 135 336 277 535 565 388
20
367 486 395 292 284 264 354 125 426 214 590 490 189 269 416 572 572 375 568 355
20
169 220 325 286 346 242 243 195 475 449 154 469 552 273 429 203 365 414 504 215
20
328 207 275 158 211 494 336 362 237 533 190 500 382 249 401 359 250 156 434 165
20
457 460 250 231 112 351 338 119 521 226 274 581 112 251 173 201 149 234 234 385
20
389 403 394 272 422 476 298 150 555 238 219 491 456 263 568 242 400 280 412 325
20
384 201 260 507 347 450 337 317 143 581 249 377 341 500 500 545 323 117 321 380
20
454 229 559 420 161 544 421 537 158 352 294 428 327 238 343 541 414 571 128 541
20
364 326 114 213 407 165 500 151 578 124 378 247 121 226 223 294 255 265 154 248
20
509 388 118 477 361 399 274 193 293 205 463 467 400 498 361 522 106 532 536 314
20
577 185 380 453 574 469 133 205 506 188 184 493 399 590 515 479 205 428 531 227
20
116 532 231 295 428 547 185 255 255 366 457 432 434 517 586 315 455 416 259 138
20
480 417 139 307 469 321 308 420 126 382 469 300 443 106 479 523 566 416 380 204
20
178 576 357 596 420 328 492 223 470 489 232 117 165 402 227 245 425 157 524 270
20
267 466 388 360 134 237 177 254 191 185 194 531 173 568 104 538 234 373 306 354
20
476 332 423 354 593 376 324 321 535 550 196 100 536 112 339 553 524 436 557 239
20
264 124 289 449 252 394 313 110 304 347 489 165 228 511 403 262 411 501 166 580
20
509 528 196 454 306 559 448 212 366 406 513 257 570 154 139 374 472 125 362 529
20
163 230 286 131 504 327 418 375 227 565 310 314 513 243 198 297 104 288 130 522
20
166 312 394 257 148 585 566 334 453 404 395 124 560 336 572 530 525 385 386 537
20
174 134 222 476 162 105 306 344 284 193 207 559 536 545 201 566 242 435 123 349
20
121 517 357 275 113 149 310 245 532 434 243 443 244 179 551 302 574 563 451 516
20
413 485 266 542 361 493 515 284 130 176 556 354 501 194 434 185 317 563 564 380
20
195 260 358 143 446 122 326 256 580 594 461 392 196 103 194 567 229 148 199 499
20
452 490 269 113 285 129 173 404 108 123 139 398 274 421 341 332 151 254 521 464
20
184 463 508 177 290 574 158 295 432 289 261 241 276 584 427 293 448 203 486 236
20
440 407 136 590 137 137 138 425 549 417 447 599 531 404 187 148 397 140 128 548
20
136 393 106 422 388 384 210 188 523 541 163 403 233 300 335 588 492 417 469 427
20
116 551 317 135 594 480 157 278 360 281 274 504 214 565 286 224 244 275 283 501
20
290 462 467 257 411 492 346 122 230 399 566 164 270 573 129 125 203 178 118 145
20
593 445 106 486 268 414 163 522 191 594 295 487 277 417 381 544 283 530 141 161
20
319 212 301 309 440 136 128 165 252 142 255 578 381 134 277 474 361 468 563 352
20
315 399 266 497 200 426 507 399 120 512 416 496 581 320 114 379 568 192 383 390
20
548 285 361 282 272 173 274 221 387 473 578 508 220 486 118 446 314 263 134 466
20
290 445 361 165 417 406 301 582 573 429 551 423 524 376 114 475 117 599 157 371
20
138 336 219 402 179 171 345 162 404 437 538 564 104 428 126 194 364 233 196 302
20
354 145 381 169 403 440 572 251 160 130 574 132 356 155 265 572 302 378 244 564
20
396 596 501 543 182 233 557 260 390 312 349 282 597 278 241 150 436 272 192 162
20
571 336 376 426 183 471 249 318 276 375 590 352 417 517 136 217 341 354 544 467
20
550 422 563 518 134 471 541 212 505 577 113 424 125 213 580 581 518 108 309 598
20
299 280 571 400 534 385 165 145 598 246 540 270 496 160 296 575 357 458 578 342
20
559 451 368 496 474 442 510 433 396 480 287 278 587 123 116 422 383 561 544 535
20
454 575 456 416 172 223 560 258 324 376 342 517 343 561 134 491 117 386 463 489
20
324 494 504 537 305 475 254 488 408 139 222 222 531 409 342 254 125 417 297 146
20
442 214 281 546 545 186 124 428 169 118 189 335 594 497 145 486 506 351 561 354
20
549 421 472 219 550 131 286 244 368 390 483 436 165 530 327 524 391 512 383 149
20
441 249 585 118 516 363 186 442 354 468 237 109 477 409 200 569 373 440 388 357
20
415 182 479 561 447 350 275 428 446 461 428 234 225 315 395 198 468 119 509 510
20
314 232 128 261 489 558 382 190 297 504 576 125 591 179 309 301 547 104 327 263
20
489 109 478 416 555 581 438 302 339 124 574 379 344 149 181 495 442 571 570 314
20
365 513 418 194 544 529 242 401 515 251 353 153 358 202 520 175 414 370 455 233
20
584 516 298 430 564 201 156 584 241 350 311 229 449 464 207 156 146 182 281 104
20
499 334 156 357 341 472 276 500 113 223 382 187 482 202 236 198 346 264 353 170
20
464 459 261 220 544 260 136 275 228 115 204 588 134 424 203 437 551 504 584 420
20
137 112 358 126 581 441 209 442 172 442 508 388 512 518 144 178 588 331 241 170
20
284 225 160 379 147 431 340 253 503 566 184 403 450 269 104 487 444 250 309 517
20
285 355 324 360 306 475 590 287 468 530 376 267 512 408 477 114 254 360 506 283
20
542 118 203 193 359 445 501 340 218 468 184 135 220 501 483 431 361 362 458 389
20
319 512 364 216 447 420 337 372 555 123 317 202 551 315 198 512 442 502 200 267
20
142 113 301 320 576 461 173 355 286 478 172 405 449 599 506 387 502 397 298 448
20
390 125 262 276 311 551 517 423 100 241 342 349 325 562 504 239 126 239 242 171
20
546 119 555 145 427 113 554 422 462 269 119 158 501 227 303 438 416 457 207 213
20
541 480 543 369 576 237 322 425 180 142 313 300 309 198 400 533 252 246 261 196
20
165 198 436 553 161 304 101 529 107 220 134 113 468 443 565 243 132 382 439 199
20
520 592 180 312 192 232 151 470 248 563 485 280 344 128 203 422 192 276 490 183
20
495 370 169 262 257 350 275 195 227 175 230 598 173 326 584 363 427 153 543 302
20
184 530 469 470 196 467 511 254 150 538 128 312 426 559 524 462 173 172 418 467
20
288 592 422 510 313 135 119 376 227 489 481 572 469 532 245 509 239 192 401 192
20
520 167 468 302 151 463 381 192 465 140 518 291 503 497 134 318 189 509 488 104
20
373 446 265 485 323 158 369 173 295 100 468 261 157 529 292 461 167 377 244 391
20
436 562 586 590 343 455 124 405 126 114 321 208 555 152 419 159 235 431 180 166
20
437 110 433 260 132 531 571 493 494 549 446 115 557 497 559 412 442 587 216 185
20
223 225 425 237 533 499 340 150 275 176 124 557 556 313 138 515 333 420 392 271
20
251 179 279 406 357 382 277 160 549 358 464 507 362 194 424 480 538 310 464 474
20
479 570 521 526 249 345 294 173 258 591 273 515 289 307 458 496 350 523 109 181
20
444 325 281 403 184 451 169 406 520 321 588 343 457 480 372 304 255 482 244 555
20
148 454 484 593 466 571 462 120 600 316 170 346 125 434 201 507 359 484 556 534
20
360 227 278 317 367 587 241 426 487 584 336 295 333 131 133 113 421 130 283 480
20
218 598 560 246 388 410 299 214 554 342 355 416 128 258 444 426 205 247 516 450
20
160 301 325 206 566 246 314 158 115 272 379 446 597 303 334 241 365 274 596 291
20
421 552 353 421 116 511 117 498 242 136 309 401 494 423 540 163 179 208 168 113
20
164 400 429 475 403 231 348 154 430 364 320 117 425 281 314 421 480 143 550 453
20
152 200 288 170 530 140 163 267 102 547 388 475 410 571 519 195 571 276 270 179
20
430 111 243 415 288 224 334 472 527 283 372 537 387 321 462 109 346 536 259 424
20
245 121 335 556 360 476 196 107 588 331 197 145 243 489 277 484 250 428 280 573
20
382 574 239 217 300 513 288 586 318 131 134 344 227 434 421 176 495 321 592 237
20
255 394 157 566 429 182 258 442 147 174 203 451 460 210 348 390 452 296 214 100
20
595 138 558 416 109 401 578 499 488 586 529 203 274 485 177 400 564 133 531 291
20
487 246 542 449 239 116 342 362 522 172 126 167 480 267 107 320 226 460 429 521
20
333 146 182 520 483 483 398 246 338 432 590 490 200 284 126 375 245 211 419 509
20
437 496 566 417 391 314 128 468 359 473 137 183 225 310 378 297 517 176 445 541
20
114 258 492 281 498 294 172 469 255 552 538 106 282 425 303 480 358 586 426 428
20
377 301 554 333 528 262 502 252 203 229 419 522 589 225 115 184 401 456 425 378
20
186 370 512 255 458 338 300 401 260 459 401 480 342 498 472 543 179 539 201 252
20
342 320 297 545 336 376 103 589 233 335 379 456 242 460 337 348 216 511 533 395
20
371 475 523 315 505 204 364 352 423 264 316 456 350 249 397 184 519 461 140 225
20
214 419 370 131 414 111 105 333 449 266 136 448 110 259 162 301 198 377 472 357
20
111 324 171 147 272 307 469 365 218 395 585 357 448 436 425 327 213 576 404 197
20
413 259 461 537 455 123 547 305 133 434 393 532 426 204 257 581 287 543 495 344
20
127 552 332 274 153 240 413 113 434 282 173 215 547 234 136 527 432 556 177 270
20
552 316 373 420 524 374 385 365 415 338 177 138 272 120 341 189 421 142 135 275
20
549 411 282 359 557 232 454 547 361 426 318 339 464 320 295 250 178 403 354 596
20
549 393 301 150 185 597 158 207 133 420 264 388 316 341 492 558 501 574 358 262
20
242 184 148 276 179 143 523 133 334 577 564 593 397 474 101 240 166 424 470 248
20
500 307 292 368 571 569 342 187 198 150 554 362 600 216 110 142 496 198 311 595
20
427 427 184 468 367 328 467 438 385 340 125 218 223 167 120 356 356 148 557 526
20
215 478 354 241 567 310 148 238 314 412 205 586 510 181 552 270 488 339 461 568
20
211 209 228 368 401 545 445 523 303 243 277 166 305 377 295 597 242 303 266 533
20
218 242 121 579 582 465 356 571 251 223 480 542 348 581 237 325 256 366 559 498
20
524 544 230 461 465 477 456 536 351 192 373 283 303 414 469 236 131 330 346 137
20
559 469 324 108 290 535 283 193 290 394 321 407 494 251 326 281 225 398 196 224
20
325 535 513 287 169 269 117 589 596 294 245 293 263 218 149 316 129 600 340 221
20
134 109 190 476 227 353 211 278 565 561 351 451 166 539 515 434 234 274 593 261
20
462 111 459 326 168 385 493 139 344 585 502 138 474 503 126 280 456 387 243 502
20
205 391 407 258 433 305 234 417 112 132 494 538 402 484 478 597 566 576 586 358
20
301 590 469 253 327 317 593 325 376 216 463 178 202 258 369 373 411 496 433 119
20
450 507 491 275 270 224 149 322 131 119 202 283 133 138 525 502 303 279 360 318
20
451 568 138 339 260 315 438 380 465 132 219 233 302 545 162 598 112 501 136 564
20
461 413 361 482 590 420 394 586 321 134 305 584 443 240 281 534 551 167 450 376
20
340 484 404 406 368 100 165 132 550 124 115 437 494 175 481 229 453 390 487 176
20
437 375 412 255 398 586 214 195 467 281 519 582 122 170 334 596 434 339 398 166
20
168 474 349 197 201 478 139 348 585 528 243 577 320 462 118 347 387 599 341 400
20
187 295 351 254 106 487 311 113 481 495 537 101 323 490 483 251 215 143 382 365
20
298 229 450 235 156 285 145 472 503 294 591 589 269 525 549 478 241 531 545 481
20
239 586 193 234 409 432 137 371 456 249 560 495 444 209 552 514 354 304 537 537
