150
20
344 226 509 561 113 415 159 410 120 382 565 274 540 345 275 553 500 236 394 322
20
162 510 274 569 198 238 292 133 322 353 455 265 160 102 398 493 235 523 200 302
20
343 193 266 145 168 522 375 597 186 215 309 144 343 498 295 207 307 439 409 323
20
286 147 134 368 320 161 555 139 426 342 264 579 246 424 132 129 191 519 443 543
20
462 176 567 503 483 440 460 510 398 108 591 461 538 537 503 133 466 551 401 281
20
212 387 297 272 119 100 367 220 144 187 281 392 545 256 335 159 212 341 255 149
20
257 338 462 378 439 160 150 307 209 251 184 382 448 256 402 126 397 561 564 560
20
212 280 380 345 417 140 447 143 426 274 370 574 579 135 348 430 571 392 561 460
20
203 181 183 420 280 371 494 391 550 403 514 451 290 272 233 292 310 527 444 277
20
448 388 428 558 565 464 571 463 600 256 498 507 243 552 492 420 578 313 188 420
20
552 467 348 359 112 334 549 308 294 575 277 415 282 138 173 444 355 235 123 279
20
538 288 430 495 119 111 362 186 433 363 386 197 390 477 307 583 197 102 195 158
20
533 242 490 339 215 421 450 393 402 196 315 346 422 230 300 210 109 575 137 306
20
362 518 269 293 343 214 314 213 542 122 267 577 150 409 560 292 285 129 309 138
20
377 500 294 429 262 141 287 125 206 155 370 290 346 596 327 129 133 438 498 368
20
306 324 320 110 315 599 297 265 303 162 483 376 521 494 383 300 418 349 204 451
20
272 355 167 172 570 453 583 480 137 415 281 264 386 537 450 384 325 420 381 504
20
466 196 493 107 597 437 398 520 121 404 390 338 443 404 451 499 255 296 188 568
20
578 323 225 474 127 234 134 242 503 218 509 103 568 474 302 188 319 437 204 404
20
531 422 161 196 544 349 458 361 419 310 350 279 286 271 326 227 185 283 388 210
20
322 558 333 564 199 249 338 215 594 407 334 287 173 147 498 174 346 367 462 362
20
176 496 594 178 147 226 399 323 170 357 584 353 535 395 185 348 569 420 309 344
20
464 429 333 328 111 409 385 172 549 296 488 321 453 338 526 595 216 382 465 392
20
551 361 579 445 460 139 150 268 457 520 322 468 505 539 256 224 581 205 551 580
20
104 192 529 146 444 216 264 201 436 589 297 122 537 306 459 208 386 192 571 237
20
201 399 547 175 354 480 564 207 178 518 177 385 517 118 244 259 551 120 311 240
20
210 241 450 194 565 425 176 492 144 494 121 360 540 230 461 347 477 392 130 313
20
144 182 589 153 283 593 340 166 513 537 308 253 191 267 356 178 355 341 241 368
20
441 403 483 221 188 271 433 389 214 361 348 206 534 486 130 399 400 551 144 596
20
416 435 234 353 519 298 154 333 414 585 539 142 575 211 338 255 362 144 397 346
20
598 525 444 182 278 388 523 261 108 293 190 446 436 279 390 474 318 123 141 555
20
339 254 449 107 203 171 180 118 310 167 126 428 451 519 215 544 594 195 497 469
20
276 507 351 549 427 137 358 104 313 291 485 396 280 116 333 547 131 389 410 248
20
207 594 139 295 417 106 101 425 440 371 181 443 263 164 289 360 348 240 266 527
20
208 572 599 331 538 231 399 382 585 417 201 569 255 362 153 352 536 291 450 190
20
226 131 274 459 524 129 386 111 520 391 471 338 372 538 512 230 501 116 548 157
20
192 352 479 585 263 357 136 218 539 290 416 465 385 465 352 133 368 290 439 128
20
419 372 324 509 591 104 516 451 526 277 114 210 448 147 100 252 587 270 482 434
20
513 381 359 137 330 156 401 559 340 396 586 477 196 291 404 244 381 558 240 199
20
492 311 101 513 404 462 429 425 482 137 523 137 387 589 108 168 283 170 418 552
20
378 415 145 590 125 140 284 592 240 267 196 481 226 128 357 492 514 369 268 533
20
477 478 161 505 595 200 145 497 309 552 282 106 238 515 513 430 600 215 294 135
20
525 129 236 542 524 582 327 500 260 443 541 111 228 341 135 181 302 421 532 545
20
202 588 133 268 404 476 529 495 423 454 452 312 479 597 109 365 519 496 119 237
20
137 395 385 225 160 410 117 418 395 509 318 451 516 208 380 427 450 585 435 551
20
213 392 270 426 265 525 392 354 474 343 226 377 569 260 160 181 571 499 118 269
20
411 281 591 152 385 477 169 328 593 447 306 347 110 402 462 533 417 140 149 370
20
125 574 383 531 469 325 442 304 342 363 287 254 291 392 272 518 346 495 418 228
20
424 244 465 500 467 277 302 593 227 171 401 289 545 515 217 479 204 298 417 596
20
377 298 383 572 567 522 488 458 321 358 108 110 495 425 274 260 121 257 408 128
20
241 581 400 295 569 103 511 251 178 245 214 156 465 455 437 555 578 402 130 578
20
513 471 140 383 118 188 413 506 553 112 289 467 388 501 374 497 487 380 586 414
20
166 288 540 366 508 490 263 295 498 593 469 373 355 459 125 582 459 390 574 474
20
271 579 477 125 554 434 474 510 345 473 120 453 540 173 193 591 556 426 414 244
20
265 137 481 217 436 339 294 395 419 582 312 592 352 540 487 277 422 327 274 406
20
340 574 294 177 161 346 416 101 532 467 512 330 430 554 447 294 196 268 174 467
20
368 233 452 191 251 118 175 307 411 407 451 356 454 319 546 122 257 590 560 565
20
567 186 528 461 203 157 439 486 102 446 427 399 143 560 200 172 306 470 539 119
20
551 379 448 567 410 266 473 322 494 555 388 246 461 444 509 565 343 161 520 339
20
510 169 243 131 415 187 243 411 511 472 490 100 251 263 590 474 387 563 568 387
20
438 243 152 404 264 568 518 191 188 315 150 193 572 412 352 143 380 235 423 357
20
248 157 453 571 135 404 159 201 383 152 597 379 517 157 309 312 510 184 589 415
20
165 323 431 187 258 471 239 357 479 576 194 220 465 115 169 473 261 555 108 291
20
204 461 155 528 151 299 126 104 340 278 551 578 478 159 432 335 429 440 511 354
20
131 481 164 388 288 131 183 509 175 250 522 128 268 523 159 119 280 113 515 487
20
462 433 196 227 134 504 313 562 245 292 261 152 574 561 266 368 515 157 191 521
20
595 120 284 540 541 474 167 218 576 449 228 532 131 401 582 303 510 164 284 505
20
160 414 310 292 196 150 467 191 414 131 258 437 239 352 283 539 517 528 559 336
20
563 496 223 163 187 189 435 585 448 458 141 298 188 293 219 112 393 592 170 378
20
106 220 539 319 350 117 315 365 436 389 288 323 162 335 289 403 224 512 517 255
20
453 281 169 552 303 144 493 100 463 191 572 524 385 259 335 286 325 228 535 279
20
227 194 595 360 165 319 193 589 152 357 451 450 511 306 272 296 534 591 184 351
20
529 176 389 438 593 155 420 496 180 438 510 401 117 293 448 452 146 466 353 558
20
150 487 340 119 582 223 170 573 385 550 251 490 534 123 412 434 212 201 286 365
20
533 239 179 223 448 509 551 537 586 202 257 554 417 109 278 188 480 489 234 456
20
451 156 306 502 586 475 495 508 254 388 525 110 249 182 484 286 447 490 260 541
20
113 317 484 467 139 417 509 310 437 332 247 312 105 534 358 356 543 170 488 376
20
559 159 237 523 120 506 109 581 371 265 182 269 421 126 227 356 121 349 372 113
20
145 488 304 573 296 213 291 141 582 182 280 182 579 253 254 344 369 130 195 292
20
191 538 247 560 151 598 355 396 277 222 476 586 212 384 572 157 429 415 502 414
20
540 596 464 529 504 213 590 309 432 259 507 258 332 414 364 127 413 506 448 146
20
342 559 391 552 120 250 236 254 371 597 371 581 345 427 468 563 398 457 380 492
20
334 397 510 268 400 556 179 411 390 232 381 404 283 276 366 535 411 375 173 323
20
136 435 475 184 119 271 236 178 591 119 600 148 446 187 261 206 209 230 217 223
20
151 179 169 250 154 510 502 117 415 287 228 217 575 320 498 247 472 588 224 358
20
286 473 417 423 401 173 439 589 137 392 218 337 269 162 150 462 359 188 424 214
20
141 472 356 500 444 274 465 306 284 474 285 566 393 178 312 329 249 273 361 520
20
423 134 473 115 128 512 177 323 152 408 229 207 565 255 403 582 523 305 535 566
20
393 403 127 247 139 237 296 589 359 100 522 229 453 462 527 328 102 193 169 537
20
123 517 148 401 580 456 336 459 383 567 555 569 179 393 109 480 569 124 513 498
20
510 542 464 435 482 534 157 289 496 436 573 257 278 436 543 285 545 325 434 107
20
364 323 458 457 269 148 350 326 513 478 124 212 428 582 140 261 314 217 214 259
20
518 203 414 346 519 286 281 594 373 327 241 134 108 295 273 189 106 359 130 111
20
329 562 214 580 274 499 405 276 292 257 528 442 130 597 328 362 141 409 562 480
20
245 437 275 139 384 461 445 349 372 330 530 196 292 390 409 346 404 186 325 432
20
130 598 409 197 293 232 469 151 279 574 137 265 311 334 519 440 120 419 148 516
20
552 325 574 132 488 225 377 413 125 308 379 577 418 358 445 116 399 205 186 475
20
528 491 223 228 592 560 436 221 297 424 223 446 538 514 119 207 232 481 499 328
20
180 434 468 377 490 573 130 203 319 310 529 151 269 457 244 393 211 357 494 430
20
299 215 164 239 550 506 537 343 301 588 240 195 431 282 164 164 127 567 503 583
20
447 388 333 390 269 478 362 312 520 243 444 569 297 109 110 147 178 328 531 182
20
301 301 434 545 145 179 513 191 248 161 595 543 566 393 250 497 155 297 222 297
20
429 143 549 343 130 554 341 348 383 385 320 543 440 189 132 579 219 197 580 141
20
440 226 524 578 167 249 410 406 474 133 154 491 255 335 252 453 259 456 590 473
20
533 313 127 449 451 319 313 116 102 302 564 519 534 109 116 220 108 259 177 276
20
381 363 315 581 521 121 362 438 152 296 414 416 415 175 252 357 591 545 188 121
20
221 172 195 529 209 600 150 537 101 513 240 347 444 480 449 284 560 600 161 136
20
138 311 250 399 107 409 157 455 319 414 526 230 256 243 131 241 350 203 306 536
20
357 569 110 348 230 265 470 252 326 361 197 226 436 104 299 447 301 217 306 420
20
334 417 396 503 116 339 436 464 455 150 413 460 375 137 598 150 133 478 260 288
20
160 481 519 261 367 545 378 415 259 344 351 162 521 552 393 572 209 577 122 156
20
327 368 465 381 493 545 215 334 427 101 201 483 105 475 304 340 533 440 228 218
20
129 141 279 386 155 313 258 301 420 471 520 344 189 530 206 102 234 419 497 184
20
426 294 568 508 544 107 210 476 177 119 180 578 368 309 410 559 274 200 321 456
20
398 269 546 171 374 228 223 175 217 546 377 336 293 411 511 591 250 418 194 455
20
372 208 592 484 224 565 574 373 110 173 421 272 336 202 161 176 274 550 600 128
20
334 370 138 479 229 322 227 373 185 287 135 185 405 337 225 419 476 468 158 564
20
156 296 122 157 133 443 554 466 568 592 327 272 395 551 382 130 320 158 139 380
20
244 404 319 249 459 395 110 463 117 327 352 463 344 297 466 334 382 179 231 464
20
479 434 555 273 229 526 585 193 119 143 226 473 117 214 529 308 394 294 253 430
20
184 561 162 411 330 309 186 572 198 135 523 492 139 117 554 473 112 180 421 432
20
461 100 565 457 135 303 417 156 345 255 241 391 354 557 478 322 337 192 559 141
20
414 221 430 599 296 151 123 566 563 502 429 419 583 165 490 156 465 600 379 206
20
554 454 499 153 548 126 418 338 143 358 281 178 463 574 312 113 268 277 135 558
20
126 352 496 368 161 485 130 108 287 275 153 201 262 542 246 341 506 331 262 255
20
360 538 166 138 517 266 263 276 284 248 303 291 324 315 470 165 337 410 485 556
20
191 281 331 380 164 567 296 403 118 139 474 233 481 568 543 519 254 209 503 583
20
222 578 455 198 289 378 395 577 263 235 470 313 223 541 485 182 322 450 375 442
20
350 574 464 457 336 509 246 309 289 458 305 446 484 448 482 106 238 471 190 458
20
396 103 145 349 590 546 236 187 412 252 240 236 163 119 158 473 165 529 490 159
20
357 449 345 223 137 259 329 594 411 357 367 340 573 292 362 549 384 141 485 383
20
501 129 434 421 530 428 548 152 369 588 365 248 168 101 599 236 355 386 311 313
20
108 265 490 358 429 258 292 389 272 385 363 433 191 249 431 498 134 587 107 149
20
512 410 520 335 223 251 100 226 549 323 213 280 291 504 523 129 462 578 361 205
20
339 196 184 247 138 516 525 127 438 234 456 233 283 583 405 286 394 337 547 266
20
496 334 446 290 300 138 120 113 253 558 177 471 516 563 329 244 227 204 133 405
20
498 429 126 252 190 231 387 205 307 381 375 211 361 142 581 150 237 535 133 126
20
155 574 191 220 216 363 390 503 579 446 531 370 122 290 337 491 500 116 250 105
20
556 284 528 114 149 510 141 340 375 581 600 151 119 214 589 420 496 532 503 156
20
243 288 284 430 137 252 388 496 344 514 126 469 580 534 384 156 253 507 395 319
20
516 111 450 114 189 100 553 443 585 247 210 522 336 264 321 127 349 223 165 386
20
211 477 109 434 451 321 238 367 379 541 483 285 332 365 531 338 441 232 245 184
20
267 417 246 248 169 577 449 578 458 509 201 335 434 377 212 113 297 392 119 355
20
233 335 455 528 340 240 236 419 544 342 443 331 553 240 502 138 107 548 558 172
20
284 568 447 153 453 567 390 341 378 380 322 444 224 367 218 365 183 276 405 375
20
198 505 105 363 500 254 203 469 525 139 510 204 119 505 599 432 506 379 402 153
20
237 237 228 104 192 274 255 420 233 443 203 333 484 531 358 493 239 217 523 386
20
277 156 217 293 266 490 281 111 499 538 414 305 572 590 144 128 508 137 144 391
20
246 443 334 363 214 213 479 187 420 597 413 154 521 569 477 118 238 147 116 449
20
375 314 528 302 398 440 221 122 373 465 497 300 569 541 516 368 280 470 562 252
