150
20
598 164 157 234 383 160 265 457 107 258 384 451 583 124 502 176 261 145 315 364
20
107 508 511 337 111 454 494 416 574 376 477 315 214 557 367 590 529 336 158 259
20
596 144 208 384 385 304 347 465 458 323 229 520 365 117 387 218 458 176 151 254
20
434 247 509 273 359 212 508 429 548 353 155 224 491 524 472 225 550 147 150 481
20
319 182 159 574 170 217 566 368 326 253 484 403 354 394 106 120 574 461 309 473
20
191 354 270 437 542 229 106 316 382 129 530 506 240 537 293 410 170 452 364 319
20
250 435 137 585 225 362 166 372 163 340 414 181 319 274 351 400 158 489 328 268
20
288 128 181 186 459 584 587 440 502 446 138 309 358 500 489 231 455 487 419 318
20
488 391 273 531 309 166 270 311 514 429 540 407 134 305 428 415 375 145 340 579
20
332 421 224 570 470 134 205 580 428 244 595 257 508 411 474 516 215 325 405 115
20
277 502 231 353 546 412 380 546 494 472 341 423 546 148 555 571 346 393 133 363
20
407 386 546 454 502 317 518 525 171 502 296 587 548 181 385 296 254 239 337 363
20
339 452 351 486 264 436 259 172 453 402 541 250 561 259 532 508 439 335 332 240
20
593 542 155 223 138 504 435 505 285 167 305 174 123 254 530 294 118 583 324 537
20
386 482 143 553 151 434 476 204 395 526 492 499 315 155 255 202 163 437 334 263
20
572 193 159 229 146 210 208 185 236 178 203 155 501 464 263 114 175 534 386 101
20
263 547 589 262 571 446 232 359 180 506 382 390 200 564 423 447 300 119 325 581
20
451 502 517 269 390 107 531 492 387 373 561 412 387 344 374 482 418 304 513 192
20
227 284 521 233 267 173 342 589 403 515 123 250 174 529 518 300 586 140 101 221
20
179 100 429 201 463 155 174 175 599 231 183 563 356 505 546 565 339 476 471 417
20
269 537 486 357 570 499 307 208 415 182 533 158 481 370 153 507 251 140 212 430
20
491 328 579 147 331 333 422 411 552 533 528 599 356 412 553 560 194 525 192 441
20
384 505 582 400 361 285 591 134 432 197 206 575 254 391 230 526 437 482 541 339
20
429 523 207 429 595 433 460 273 249 263 250 178 305 441 335 299 537 435 532 586
20
515 155 114 352 551 516 342 319 550 158 181 137 277 359 575 373 196 437 460 558
20
352 140 194 259 269 595 409 130 305 307 281 134 379 162 207 223 107 165 402 148
20
507 552 205 354 126 462 452 297 462 204 221 227 349 346 129 438 247 512 435 170
20
315 258 360 563 228 336 585 349 564 583 237 226 540 264 251 344 531 176 323 256
20
140 559 259 514 453 127 225 530 562 174 414 191 314 153 137 330 277 462 192 324
20
513 456 345 359 506 565 242 461 504 218 531 277 491 112 215 292 271 389 221 501
20
548 302 133 526 240 194 303 269 536 519 459 463 131 575 556 230 194 542 295 101
20
335 108 225 385 380 147 365 600 339 585 539 157 398 369 272 549 423 102 567 325
20
176 581 374 565 251 571 372 482 358 311 331 282 299 204 105 319 407 461 362 266
20
296 298 117 132 429 244 416 159 340 212 192 551 111 148 373 378 125 516 170 278
20
260 319 308 439 334 433 366 375 248 192 286 384 127 344 366 527 534 248 598 598
20
111 252 173 465 590 365 286 232 126 564 396 469 334 469 266 156 280 132 448 296
20
473 149 156 169 158 333 398 357 244 301 418 103 551 136 543 581 377 225 428 485
20
568 245 509 600 365 235 543 387 523 260 578 249 530 416 195 102 252 412 240 164
20
341 171 313 532 181 360 289 478 590 401 474 297 578 596 555 213 380 301 149 166
20
241 359 281 567 284 465 473 113 287 475 239 517 205 496 100 585 190 520 392 195
20
557 190 473 594 353 285 267 596 271 341 132 128 376 328 458 468 580 350 147 288
20
579 511 167 358 182 465 417 434 352 588 212 547 206 476 373 278 444 466 556 284
20
197 500 371 528 469 507 217 197 543 410 561 144 230 284 498 569 201 101 271 171
20
182 570 142 471 292 256 235 105 423 280 159 332 580 129 344 553 383 566 571 225
20
311 365 586 456 108 499 255 348 220 558 465 153 200 261 431 312 414 592 363 544
20
382 389 301 344 345 133 314 588 117 313 171 101 580 463 362 548 452 138 278 380
20
368 508 547 208 420 240 336 280 220 350 578 544 476 146 390 326 407 137 341 171
20
129 492 498 399 574 491 382 229 362 469 363 527 584 204 136 413 426 247 127 327
20
136 544 228 493 260 451 531 520 276 481 484 134 126 438 429 426 176 293 194 541
20
121 588 517 316 274 467 414 325 365 507 329 312 251 253 233 434 531 103 393 439
20
153 239 100 105 180 449 216 367 564 209 534 266 112 349 494 398 383 304 380 373
20
587 143 493 162 235 306 485 296 450 526 280 443 382 308 394 368 397 287 141 541
20
488 265 336 359 534 192 400 260 583 379 452 440 295 478 219 308 101 106 259 460
20
166 406 293 523 121 300 356 501 449 220 508 439 189 565 154 325 410 569 486 520
20
116 584 352 557 313 402 408 542 429 509 153 397 308 583 328 499 279 204 247 460
20
313 408 369 406 305 207 580 273 326 113 363 430 446 215 558 142 146 275 411 471
20
478 350 123 438 258 600 201 367 561 531 543 373 119 104 523 529 238 571 208 556
20
402 381 324 320 339 569 272 538 524 547 208 214 123 409 462 261 505 169 512 338
20
387 401 375 335 197 324 561 551 543 339 345 181 403 218 371 344 564 346 248 105
20
260 206 302 313 545 382 586 183 315 446 472 225 530 371 192 388 306 539 339 418
20
361 527 106 109 257 582 215 165 128 123 276 406 266 464 189 276 335 399 196 328
20
512 418 199 144 185 410 131 553 366 420 143 560 273 509 522 525 387 529 185 102
20
496 298 243 594 325 448 134 382 268 144 101 494 108 584 154 530 212 348 388 460
20
381 108 151 349 261 535 251 358 545 289 562 266 471 247 132 425 318 512 132 349
20
131 422 206 107 544 297 267 102 424 282 455 299 113 240 115 352 157 386 121 600
20
337 264 535 382 208 136 108 163 580 136 400 440 433 534 436 347 439 326 535 342
20
356 135 487 302 254 278 319 303 296 462 166 253 197 364 406 142 362 202 196 416
20
490 272 581 405 580 122 352 526 428 394 504 593 344 263 539 263 573 573 242 227
20
455 290 111 288 215 502 115 482 284 381 505 360 394 163 515 539 412 322 576 365
20
187 134 153 584 597 351 491 322 562 328 530 455 176 100 504 461 160 180 593 343
20
239 302 312 229 282 480 171 293 281 309 289 120 379 384 390 220 413 539 396 497
20
536 455 200 366 342 483 564 379 530 118 142 423 133 568 544 203 540 567 179 199
20
408 287 472 260 410 399 264 127 200 266 411 160 543 107 375 143 576 305 496 204
20
309 158 173 296 576 213 393 524 508 487 100 309 311 500 167 127 102 555 269 237
20
376 228 313 365 142 185 136 404 225 554 219 488 584 475 332 482 249 237 393 408
20
272 418 101 525 314 598 313 421 309 216 199 359 100 361 117 423 324 373 511 368
20
327 567 589 268 206 335 340 196 507 562 115 205 405 159 399 485 595 587 450 318
20
358 453 274 307 110 284 416 205 506 224 576 118 532 566 299 166 536 121 515 265
20
276 583 582 576 163 423 434 128 118 109 528 583 479 443 358 105 106 363 531 122
20
457 373 242 278 141 393 171 278 172 587 379 461 323 566 411 517 409 501 296 282
20
542 227 156 551 169 157 195 597 325 598 251 183 177 491 581 110 275 519 143 152
20
462 254 116 345 451 213 512 486 321 333 330 343 393 472 569 342 505 516 411 441
20
600 300 244 118 169 198 198 399 450 418 178 190 430 121 393 397 361 161 411 582
20
406 273 261 297 120 490 187 278 568 581 132 483 451 451 363 406 281 244 167 444
20
450 441 114 116 326 316 159 493 466 374 455 344 435 539 463 349 341 117 379 146
20
559 407 506 503 359 309 113 235 180 108 500 359 500 402 340 329 148 111 394 152
20
188 435 203 570 506 266 178 309 394 286 592 442 137 578 297 391 140 335 303 269
20
262 237 497 597 129 501 357 272 595 142 545 261 269 552 423 511 544 524 266 151
20
324 235 419 250 553 596 455 325 279 451 345 476 149 126 485 159 340 583 391 114
20
439 239 251 443 436 141 107 473 316 278 346 463 502 228 129 154 245 354 583 223
20
332 514 407 123 496 372 523 300 387 250 203 117 565 194 264 487 268 486 175 565
20
293 444 308 200 202 363 269 412 404 511 128 546 524 576 185 371 354 433 337 475
20
135 337 116 121 390 135 492 595 598 414 392 207 109 171 140 560 138 496 525 138
20
370 519 335 247 389 569 434 120 436 242 206 328 165 197 127 405 555 597 318 280
20
388 571 413 175 291 589 355 478 244 472 522 217 222 158 228 479 221 172 370 448
20
447 460 123 336 348 536 139 349 130 165 232 436 295 277 110 563 229 153 138 296
20
304 527 525 115 591 118 543 209 490 313 480 413 521 210 373 371 149 341 422 547
20
573 396 425 382 109 148 168 452 186 131 152 274 190 375 439 178 250 176 449 214
20
573 249 514 293 361 392 561 379 381 448 331 253 198 303 276 242 556 143 418 293
20
197 594 198 199 572 119 495 182 272 166 222 183 335 339 267 325 421 561 269 165
20
251 398 280 102 129 387 491 378 582 126 392 551 466 125 237 431 281 198 436 451
20
592 400 238 597 319 554 506 512 524 374 307 480 405 338 140 165 437 559 416 322
20
351 313 550 182 296 493 221 366 392 558 451 104 339 293 499 451 291 235 251 562
20
427 363 273 520 289 395 432 582 438 278 208 494 543 492 131 547 209 213 291 509
20
585 423 304 404 380 586 443 144 579 132 301 322 395 266 341 315 337 161 525 571
20
596 329 550 383 572 133 266 382 498 179 219 104 175 504 156 109 318 400 217 595
20
349 228 378 243 270 542 441 484 203 399 105 198 554 238 446 350 428 561 104 424
20
532 343 222 402 504 144 532 431 287 341 110 191 466 213 290 491 444 152 545 274
20
115 510 107 108 332 478 521 487 157 480 449 508 134 406 150 385 422 284 482 120
20
204 220 209 184 316 165 166 175 282 208 545 591 220 116 541 269 213 127 584 252
20
522 313 362 429 576 305 341 264 402 314 430 448 294 346 590 271 568 271 502 413
20
178 587 366 395 217 310 201 214 272 392 469 412 257 599 325 180 503 285 558 408
20
190 387 512 526 122 267 197 184 117 160 359 220 543 284 172 244 355 288 315 580
20
201 213 452 393 217 326 349 199 370 431 149 403 327 410 124 344 550 334 585 128
20
411 179 525 598 311 333 390 387 206 480 201 570 427 188 312 290 546 354 255 317
20
587 188 231 280 291 193 569 565 287 229 232 273 508 110 354 442 167 466 385 172
20
102 461 572 371 293 282 300 245 534 555 249 446 257 592 215 164 149 441 514 370
20
365 460 129 302 198 321 117 215 199 370 207 229 515 132 290 376 492 185 299 368
20
572 256 536 200 125 559 529 107 593 202 236 292 204 522 354 535 500 137 445 259
20
179 427 292 264 253 461 326 239 549 123 207 495 490 549 498 344 569 541 588 439
20
167 487 537 437 486 345 111 165 395 169 188 403 373 376 457 391 386 410 372 146
20
285 215 502 541 294 367 103 137 269 264 346 344 482 345 171 497 466 528 404 334
20
535 444 358 254 318 383 130 332 171 393 266 423 227 102 130 365 170 296 590 183
20
554 285 410 543 448 522 358 142 227 121 504 592 405 454 511 186 427 318 354 320
20
208 524 341 149 150 425 295 297 107 257 139 192 129 268 481 102 576 457 177 377
20
392 258 523 298 346 373 482 268 510 340 133 436 545 525 138 229 401 477 488 275
20
467 486 317 486 350 100 386 469 258 528 554 124 264 175 448 174 344 519 544 120
20
378 150 485 454 500 502 495 526 342 226 281 498 136 406 497 262 326 475 318 231
20
185 119 122 564 224 526 511 439 335 386 378 452 546 365 397 320 535 534 477 141
20
272 599 581 473 534 137 131 553 196 545 157 548 502 445 347 550 600 205 591 304
20
560 238 225 251 573 551 320 537 550 446 413 551 292 313 568 143 189 427 223 387
20
117 372 589 452 353 485 414 237 161 545 188 387 412 281 172 110 493 527 241 308
20
590 561 470 425 261 493 545 193 498 375 239 479 520 310 357 268 512 397 564 199
20
538 316 582 205 410 315 223 477 281 378 221 132 133 455 186 167 455 404 408 128
20
252 391 321 259 299 588 594 458 128 154 338 508 111 483 532 296 155 185 321 505
20
534 296 245 156 198 351 232 596 558 325 189 412 233 328 351 296 165 263 454 375
20
344 431 245 345 265 216 142 397 430 376 454 576 172 240 233 387 358 175 141 281
20
153 237 259 599 285 396 391 314 247 121 291 518 105 584 565 338 464 472 187 464
20
206 104 418 297 325 184 204 267 434 185 580 115 573 579 208 185 195 346 442 408
20
137 567 307 401 370 544 567 212 446 394 176 139 316 544 327 582 572 389 465 597
20
483 187 486 399 143 569 497 172 448 502 533 430 264 311 225 144 453 403 560 519
20
172 460 219 309 156 335 445 172 226 537 568 391 343 141 452 370 155 454 292 269
20
196 257 205 344 384 130 167 436 288 268 461 276 396 526 366 458 356 439 409 192
20
435 435 377 144 273 163 146 332 281 197 164 473 191 475 169 239 258 415 352 151
20
572 367 435 539 178 590 210 200 324 351 365 118 289 330 343 500 171 592 537 173
20
395 568 403 379 504 231 102 594 402 310 357 299 584 554 459 326 150 249 314 100
20
322 346 549 481 573 326 513 399 191 416 460 164 187 384 275 530 344 260 451 560
20
425 210 166 337 379 350 213 168 516 228 213 347 381 359 152 454 465 418 311 138
20
413 209 114 396 172 271 342 431 290 232 360 185 292 159 437 378 444 490 411 158
20
279 273 160 246 415 133 189 404 357 333 362 423 345 577 241 479 527 135 171 155
