150
20
249 294 304 468 244 497 497 116 185 477 501 249 160 227 529 381 258 162 426 501
20
441 162 589 415 196 161 107 577 395 563 375 595 516 136 128 194 523 204 148 589
20
126 567 430 145 358 592 504 495 139 493 232 587 375 300 324 380 457 211 520 311
20
125 357 502 395 568 268 571 173 546 270 338 490 544 358 589 485 555 588 226 584
20
124 586 558 522 216 405 599 462 221 216 139 205 385 331 511 143 576 168 382 547
20
338 171 502 250 545 295 141 538 367 476 169 392 536 315 267 255 406 143 175 452
20
133 206 360 151 407 328 192 338 457 546 305 246 149 237 306 243 342 315 347 386
20
361 280 425 371 185 516 105 535 165 304 600 370 373 207 493 340 443 144 263 205
20
375 572 455 272 502 369 455 523 463 421 508 575 499 464 255 126 226 198 247 199
20
369 333 512 191 433 228 210 243 123 555 191 532 465 283 599 528 591 470 572 290
20
587 139 572 598 383 304 501 177 425 429 203 268 128 410 469 134 289 404 255 324
20
557 324 320 168 358 383 323 473 201 280 355 216 211 292 142 581 340 380 433 408
20
456 263 111 559 554 127 516 362 134 333 114 311 351 494 276 550 474 212 491 289
20
218 473 469 461 325 314 499 131 203 405 458 548 247 307 218 577 342 169 145 291
20
499 343 403 132 572 586 506 303 313 278 493 114 219 343 453 155 436 366 218 586
20
519 517 425 499 516 243 120 443 378 452 355 268 579 169 201 349 322 215 218 134
20
475 326 204 527 187 354 553 207 587 181 339 324 208 111 480 301 584 110 242 264
20
551 274 487 394 424 410 352 517 273 260 274 337 273 254 522 561 520 460 593 141
20
368 441 385 452 278 103 104 441 256 217 217 143 231 574 301 293 398 575 546 154
20
346 306 281 296 264 133 391 575 350 280 416 263 590 511 141 444 499 448 465 331
20
400 368 253 312 571 515 322 567 464 373 223 209 444 145 264 393 371 485 487 237
20
574 313 597 102 505 278 432 357 530 445 553 552 597 181 417 279 499 196 336 540
20
125 405 246 169 263 384 161 137 151 289 255 252 162 322 146 345 120 276 197 432
20
221 314 102 405 123 398 107 121 197 374 244 462 294 557 157 125 370 190 549 274
20
321 187 160 420 114 110 124 503 343 385 168 164 541 252 243 360 214 145 163 403
20
380 579 403 136 470 219 293 112 444 326 198 385 431 504 507 217 599 458 120 588
20
213 186 444 119 431 574 536 170 270 338 385 301 461 239 125 281 540 259 525 549
20
209 495 285 461 184 358 536 589 373 209 191 228 591 213 536 535 382 260 448 325
20
377 577 139 265 282 308 104 546 451 175 100 555 436 394 502 243 482 333 335 156
20
350 207 291 463 236 285 355 120 444 450 488 529 234 388 480 401 271 543 525 205
20
497 578 439 408 532 150 409 355 212 184 124 267 529 414 526 247 558 247 176 253
20
418 219 492 160 510 281 144 566 351 532 260 112 120 371 144 439 587 331 356 212
20
211 210 127 165 497 403 590 178 378 121 186 323 277 155 525 469 148 501 278 357
20
309 570 315 377 207 498 541 126 400 569 239 122 220 557 591 546 559 438 230 453
20
106 583 560 437 486 313 418 506 242 119 512 138 388 358 460 474 191 256 235 368
20
202 151 117 407 138 471 186 126 350 105 409 257 130 193 584 212 295 102 440 359
20
319 357 395 326 539 568 132 111 499 398 538 239 336 525 345 184 266 460 467 193
20
435 582 121 358 327 554 362 502 532 205 474 213 152 107 225 121 555 531 271 456
20
257 415 411 121 225 534 506 123 437 269 225 586 526 262 300 142 319 599 406 178
20
203 583 582 282 201 437 307 279 249 123 221 502 589 121 177 158 333 497 138 206
20
486 220 599 255 596 213 285 348 110 596 562 361 277 166 487 574 527 326 587 195
20
402 594 115 334 300 454 164 288 106 394 224 190 520 598 474 298 118 270 338 408
20
210 163 267 278 535 274 405 161 110 328 596 338 518 124 279 258 557 467 424 268
20
420 182 281 410 229 333 512 196 229 172 267 197 342 177 281 518 122 394 279 299
20
356 473 509 567 339 203 563 582 370 489 319 529 548 318 375 393 149 169 523 447
20
444 192 401 469 142 343 315 121 396 263 179 109 462 387 155 283 497 368 592 303
20
113 553 467 362 117 580 135 313 438 252 439 106 111 351 303 213 508 162 411 123
20
336 307 517 328 372 359 261 225 443 538 477 127 215 464 366 331 219 246 479 223
20
230 182 156 154 517 199 294 345 364 104 591 541 220 377 228 583 190 278 317 578
20
100 531 312 440 543 115 288 106 268 363 425 566 586 304 509 353 464 134 552 304
20
283 338 424 149 260 224 393 561 458 426 345 258 200 534 169 431 191 450 393 163
20
271 445 468 309 287 538 423 406 132 511 536 287 149 596 374 383 493 378 318 473
20
177 517 191 116 587 102 344 259 597 221 466 583 466 227 507 582 539 538 286 238
20
522 319 149 365 279 145 241 443 135 564 174 438 284 265 572 105 593 145 469 157
20
318 372 460 541 349 298 280 338 448 158 532 124 132 291 251 369 212 427 289 521
20
427 123 438 564 191 571 436 183 471 211 370 258 157 576 292 526 310 476 459 238
20
294 471 451 453 230 471 567 527 190 298 163 396 368 379 507 185 149 491 226 438
20
574 104 403 410 458 355 370 442 342 460 372 438 413 478 183 142 325 405 216 176
20
220 433 543 317 433 370 180 278 446 380 267 280 439 524 155 563 141 520 537 477
20
190 168 330 586 590 188 533 564 578 101 150 460 358 134 297 372 397 502 210 195
20
590 586 348 404 178 137 246 439 498 516 148 129 547 216 335 414 355 404 226 425
20
106 556 332 306 600 197 144 164 125 155 229 481 363 115 125 436 388 203 156 160
20
170 136 561 576 564 264 123 395 141 569 107 299 167 364 328 476 239 354 252 255
20
567 197 212 228 501 494 571 170 121 330 151 367 161 473 175 215 441 566 240 286
20
437 554 225 570 224 449 239 258 583 270 552 448 263 385 563 499 251 506 254 251
20
527 397 173 325 246 339 299 543 585 227 124 359 219 235 338 346 132 418 387 363
20
522 188 414 396 265 293 110 494 450 278 447 371 559 196 528 534 145 517 472 206
20
290 116 293 162 259 143 300 365 153 148 580 276 454 367 303 252 108 250 115 141
20
579 309 527 275 198 523 273 237 538 326 571 421 131 424 376 238 503 287 514 517
20
104 442 272 552 142 585 592 423 523 496 478 137 559 299 274 551 410 364 211 212
20
397 384 214 527 443 172 484 193 518 185 291 323 238 497 278 293 504 182 183 314
20
493 113 400 345 459 460 543 488 222 211 212 229 521 300 117 515 200 222 568 594
20
192 485 338 252 375 126 169 397 136 494 262 252 432 125 475 311 459 355 477 285
20
573 252 294 362 382 469 444 318 587 202 146 261 248 247 530 282 174 481 322 599
20
600 375 367 208 591 172 498 596 499 496 537 190 360 579 298 385 334 382 217 458
20
409 417 117 526 182 542 487 323 505 165 421 170 527 257 513 371 171 111 305 303
20
475 384 241 467 583 100 115 241 519 218 224 124 515 583 371 219 301 464 183 595
20
426 469 508 475 564 558 528 203 568 371 577 521 171 466 189 138 114 551 321 481
20
460 591 440 144 222 321 597 526 230 481 224 550 523 318 557 592 157 568 508 289
20
454 500 157 372 286 517 343 532 283 135 389 179 273 344 463 548 315 101 560 317
20
241 344 428 360 486 573 351 465 216 281 297 314 104 579 158 524 467 536 255 591
20
330 521 245 489 476 429 554 508 483 462 463 336 255 205 171 442 289 509 221 175
20
382 408 207 199 595 176 530 103 573 104 547 408 471 210 388 396 124 546 285 425
20
356 180 225 260 252 470 294 212 524 382 243 577 187 418 544 541 474 235 538 103
20
222 133 479 190 119 151 140 161 283 359 134 169 168 548 381 351 275 367 209 519
20
526 364 312 162 469 305 549 112 350 162 320 317 549 364 451 584 544 509 532 323
20
146 215 129 539 117 285 523 504 272 590 575 469 172 458 111 248 430 400 164 550
20
195 530 152 180 325 110 361 123 144 137 351 289 257 371 214 220 133 354 377 593
20
117 569 515 222 202 144 492 348 525 510 307 562 170 225 193 190 505 408 161 434
20
129 363 236 131 519 202 495 385 546 345 547 518 238 183 290 141 235 592 108 448
20
178 365 194 551 301 488 377 281 162 546 305 526 577 392 478 380 377 593 130 421
20
597 347 580 189 594 170 446 588 214 150 312 157 404 339 302 511 283 225 340 394
20
269 452 531 368 366 200 325 484 565 187 450 345 329 222 137 475 163 397 286 413
20
144 502 469 405 590 151 307 557 255 543 536 355 257 356 569 107 592 117 580 389
20
503 535 531 237 426 294 323 195 379 330 409 471 521 260 355 180 415 404 208 272
20
310 429 478 254 211 120 416 307 373 489 172 474 235 490 583 374 546 410 445 136
20
510 527 472 522 289 321 280 566 256 438 329 324 512 366 503 227 348 580 396 171
20
226 283 566 261 338 350 172 407 430 505 319 306 193 483 315 510 156 578 133 542
20
387 302 257 586 349 501 583 146 321 487 184 224 548 583 440 183 392 250 354 573
20
329 459 288 213 230 593 264 323 466 312 326 478 554 139 183 118 151 574 438 455
20
574 402 539 394 218 437 119 517 307 587 324 541 302 556 594 335 515 241 579 322
20
166 381 280 505 312 553 483 155 546 260 129 180 396 578 249 401 375 224 140 352
20
506 429 466 180 596 137 599 230 191 465 401 489 157 473 433 120 281 458 236 356
20
343 482 354 462 327 420 262 463 286 166 355 570 475 544 489 579 256 140 456 486
20
283 145 207 332 219 172 576 282 338 356 558 112 150 175 374 420 271 370 118 581
20
597 359 588 280 377 129 141 447 269 369 191 412 409 597 486 202 533 182 327 198
20
438 472 340 575 122 495 185 248 268 335 524 442 207 533 464 293 124 165 469 249
20
473 181 295 440 239 138 252 448 291 527 474 476 301 150 409 510 417 557 372 480
20
235 390 231 467 211 500 194 345 173 219 519 506 237 217 298 449 522 475 285 515
20
305 395 262 405 117 308 558 208 485 334 587 251 472 304 102 530 274 538 335 594
20
436 591 131 141 507 356 501 141 246 300 236 508 403 222 200 390 126 488 509 149
20
258 305 166 445 281 112 319 392 473 243 265 159 268 405 206 160 107 247 176 199
20
366 557 506 309 260 308 535 576 320 549 571 458 266 135 581 244 582 582 244 111
20
337 225 269 599 257 237 104 124 516 262 220 347 281 192 145 161 206 265 554 234
20
489 584 351 232 225 362 430 488 333 478 341 418 158 130 211 410 344 562 234 220
20
592 546 509 441 525 173 371 444 398 130 592 506 516 421 329 406 504 107 580 506
20
427 271 188 201 398 585 235 158 429 530 418 147 539 119 296 271 472 401 417 284
20
396 299 566 567 107 395 341 541 152 320 357 598 469 353 566 426 125 132 258 588
20
211 498 524 102 311 561 429 324 289 312 182 374 120 130 394 476 396 475 296 305
20
129 445 568 576 239 125 223 224 524 335 375 485 586 368 159 276 122 387 143 500
20
549 591 200 518 471 526 284 229 504 319 587 293 294 567 561 565 281 544 499 460
20
522 422 271 297 177 206 269 584 188 419 231 383 394 520 577 308 498 455 195 230
20
381 255 585 100 182 150 111 258 420 332 206 313 388 447 400 352 319 206 526 288
20
565 561 237 458 138 559 431 522 230 563 378 405 567 364 140 199 433 138 129 302
20
107 257 555 406 419 354 274 598 439 583 494 345 435 135 343 151 586 320 555 594
20
136 159 213 341 482 352 234 408 161 291 555 574 417 117 217 269 136 375 146 590
20
524 466 102 399 184 514 528 466 249 218 156 438 468 466 560 265 461 522 170 349
20
571 489 164 417 523 564 132 269 446 568 132 249 263 234 598 341 401 286 193 429
20
147 403 251 573 348 158 462 351 456 396 277 111 399 463 496 100 467 289 398 245
20
549 272 172 170 100 124 555 336 490 373 262 168 188 372 136 521 580 399 117 591
20
427 431 354 449 382 454 124 531 336 140 509 200 128 389 249 564 595 243 434 336
20
511 239 573 291 542 474 149 300 514 595 462 492 308 117 152 494 360 287 509 237
20
108 478 127 364 107 310 420 398 463 218 234 244 374 397 278 241 307 178 483 173
20
112 459 315 585 545 479 447 333 439 181 349 145 524 169 393 447 184 499 484 266
20
339 535 471 569 369 253 229 346 600 443 533 294 362 381 425 142 399 139 550 230
20
523 270 176 177 497 130 289 308 480 596 556 547 307 305 436 581 438 465 412 214
20
407 395 272 556 215 334 451 388 217 542 387 110 561 494 579 309 580 424 577 266
20
561 112 462 329 419 280 512 456 101 136 519 542 511 104 106 331 469 360 301 152
20
154 321 481 399 379 573 536 534 284 422 524 139 592 406 531 223 121 157 232 526
20
501 273 276 243 322 156 185 559 161 391 220 451 417 160 508 420 155 490 298 474
20
206 410 486 365 205 279 323 342 317 107 158 178 467 600 350 101 577 409 486 583
20
186 574 435 464 216 492 425 179 243 226 589 490 295 198 425 462 251 461 208 249
20
137 117 357 580 195 346 486 173 170 310 242 373 542 535 490 176 421 545 392 134
20
439 191 513 257 199 251 502 492 549 497 597 556 572 559 135 481 488 598 224 187
20
181 526 467 565 317 574 176 244 299 200 463 414 280 124 302 470 515 284 204 573
20
281 244 196 339 276 324 319 559 155 131 150 103 395 521 545 262 400 423 378 149
20
214 125 198 582 209 104 552 543 199 225 274 595 471 480 164 536 589 358 442 542
20
130 493 359 219 496 572 131 481 135 234 597 412 509 348 442 277 528 236 529 115
20
349 537 367 247 137 272 443 210 278 107 285 137 171 283 458 499 437 304 441 184
20
168 226 200 524 382 388 274 320 584 425 360 552 507 257 142 143 473 322 248 470
