150
20
339 351 595 431 117 104 356 157 538 279 121 256 145 517 497 350 484 460 562 262
20
444 179 472 410 174 279 338 196 154 410 379 125 310 562 497 268 173 574 123 274
20
190 365 190 570 383 399 496 273 299 320 191 472 132 551 570 444 537 120 382 517
20
508 188 173 596 496 494 526 144 536 314 158 113 390 239 422 293 470 342 273 204
20
261 413 457 582 194 425 300 205 553 197 273 559 424 279 477 529 493 475 469 227
20
258 215 446 286 380 183 234 246 404 289 268 450 405 237 576 300 234 165 178 383
20
436 586 206 541 268 449 589 112 574 107 198 290 558 547 284 472 397 221 387 576
20
512 329 504 529 122 467 205 487 247 413 125 278 132 237 247 470 119 514 363 524
20
287 352 273 571 208 317 599 413 379 218 562 136 450 260 332 398 371 315 112 259
20
439 496 113 252 349 585 138 208 330 245 361 483 178 300 463 303 459 120 443 184
20
162 300 467 547 354 499 172 566 321 281 512 538 532 207 182 154 328 285 140 512
20
417 243 513 511 244 480 231 500 546 322 466 248 511 371 586 541 492 187 551 281
20
507 278 436 531 481 541 526 585 455 303 285 366 411 143 296 116 569 237 445 509
20
459 487 222 191 499 259 436 397 565 467 519 239 190 471 385 121 119 104 357 207
20
236 336 289 448 376 113 591 526 253 387 269 551 472 215 214 338 158 154 468 277
20
411 166 578 154 362 132 408 206 352 566 498 221 369 218 115 479 422 474 530 132
20
239 393 186 598 278 103 308 599 355 388 253 359 548 166 286 487 131 267 485 297
20
233 194 581 501 378 272 369 166 197 109 257 503 138 568 485 218 545 484 106 557
20
411 157 482 201 440 469 295 426 294 101 324 579 423 215 497 219 299 273 462 362
20
469 400 363 338 277 176 267 271 470 123 303 300 259 187 156 332 578 124 320 394
20
373 293 252 570 356 285 483 238 508 227 230 122 118 520 413 374 534 260 233 214
20
318 323 536 429 214 595 539 588 382 298 271 544 174 550 460 538 163 469 401 357
20
574 292 208 335 413 205 531 331 330 216 200 192 374 145 482 559 351 594 410 207
20
437 447 241 376 230 356 288 297 363 483 344 250 333 422 421 402 592 529 589 520
20
223 340 153 230 183 160 167 531 342 169 435 347 422 298 223 472 405 143 431 582
20
394 466 116 159 235 247 392 439 578 204 225 184 246 163 498 261 282 357 237 370
20
168 360 128 418 292 107 332 253 279 174 489 460 268 489 276 133 526 362 192 220
20
435 533 424 283 360 258 545 115 571 123 385 251 271 352 189 276 126 474 576 440
20
480 508 353 562 490 329 209 382 427 189 317 549 546 198 195 442 480 473 222 525
20
365 372 147 284 575 266 315 574 425 421 140 309 399 475 131 429 308 227 562 154
20
528 332 317 171 505 486 395 332 492 304 233 185 105 457 286 423 421 348 545 248
20
473 231 270 292 577 458 246 592 263 490 417 574 502 209 214 319 266 467 476 163
20
515 417 528 173 468 428 569 246 586 510 287 207 443 526 247 593 516 115 329 326
20
364 451 244 553 513 424 350 335 287 249 467 254 104 355 372 147 123 446 201 211
20
507 137 139 176 164 481 331 391 585 457 430 150 568 156 554 235 564 336 369 274
20
385 530 234 144 356 456 210 166 504 545 231 540 581 341 455 471 542 382 471 208
20
350 169 538 565 582 233 271 254 117 378 521 157 102 256 416 434 209 259 109 266
20
326 442 226 145 318 248 399 600 231 312 296 266 563 408 297 435 585 355 501 129
20
548 522 507 297 570 455 419 236 122 339 502 302 422 423 278 484 200 585 336 377
20
465 587 244 446 134 253 384 453 438 276 377 397 258 193 339 157 516 177 234 507
20
138 364 359 509 150 224 300 254 355 588 505 368 442 592 242 376 546 448 295 365
20
502 552 214 293 406 124 222 572 200 480 314 514 132 507 573 575 451 360 439 431
20
393 248 208 226 155 522 530 321 450 301 533 480 321 370 462 306 121 329 313 357
20
429 381 197 407 110 579 501 450 391 127 104 481 515 548 561 207 468 435 101 225
20
193 573 241 127 439 584 510 534 363 253 236 202 234 346 552 532 263 310 457 491
20
567 496 352 288 166 317 339 474 324 117 474 254 449 442 565 562 447 361 587 182
20
387 574 347 401 203 167 318 393 508 173 190 425 453 326 422 290 217 339 594 328
20
297 108 329 410 302 541 183 188 329 359 389 456 380 205 551 145 511 139 450 449
20
277 268 592 196 256 272 340 153 146 254 136 460 554 115 301 224 122 322 334 270
20
559 139 167 119 186 306 439 208 539 204 587 481 473 524 459 437 382 237 472 502
20
487 226 251 528 507 551 324 387 488 298 504 173 561 104 378 229 433 318 151 268
20
450 122 386 565 241 266 494 418 130 372 174 475 288 123 305 535 507 402 360 451
20
399 518 221 431 104 494 147 528 214 594 149 307 349 585 394 385 351 315 371 301
20
453 180 186 575 138 355 205 322 253 348 407 515 398 176 199 294 161 382 181 317
20
137 188 272 463 200 546 432 261 252 385 598 588 362 133 379 178 178 497 464 109
20
238 448 246 338 451 166 545 583 357 185 341 348 557 308 596 205 261 168 417 161
20
188 183 496 593 198 429 110 370 546 396 417 286 325 379 459 178 395 596 352 533
20
294 403 351 582 249 138 163 161 143 502 365 332 421 166 509 592 187 238 420 337
20
140 518 499 233 180 235 335 548 167 150 448 546 135 327 455 567 191 578 558 435
20
121 170 374 517 245 148 479 588 413 572 357 511 450 162 478 408 198 528 126 107
20
313 124 127 188 345 239 179 242 472 497 154 553 481 172 436 401 176 307 554 258
20
556 539 355 339 433 521 278 181 528 284 313 174 273 159 153 106 303 272 342 132
20
401 135 394 433 468 588 155 565 372 312 559 368 447 523 585 362 144 475 566 442
20
146 322 397 137 318 284 286 594 321 156 323 433 514 400 378 194 280 501 565 361
20
516 414 208 247 175 510 460 479 596 558 368 185 346 459 115 393 450 431 308 592
20
390 359 326 376 111 572 170 383 210 291 159 185 164 218 514 456 556 489 543 242
20
329 417 280 407 284 328 523 227 375 320 410 577 169 205 407 449 329 350 178 204
20
413 255 268 302 430 425 182 587 298 362 530 334 325 253 600 444 220 444 585 136
20
198 314 261 445 328 217 130 269 244 541 311 586 187 584 400 135 577 291 373 502
20
471 164 484 492 366 446 332 309 328 538 186 348 399 246 325 232 280 538 588 439
20
152 536 450 490 308 580 372 336 594 470 211 430 124 404 467 306 570 242 104 281
20
322 115 308 239 278 225 416 155 201 519 326 255 597 126 357 256 445 480 249 302
20
339 353 285 529 230 242 171 126 397 293 155 464 491 465 359 467 384 384 431 593
20
507 402 422 420 167 294 218 588 224 541 133 198 203 408 233 350 173 223 216 558
20
114 252 472 275 113 349 288 120 190 239 462 589 267 304 371 420 219 223 110 584
20
112 333 438 103 312 257 300 521 121 477 178 228 118 306 588 118 449 118 383 497
20
388 386 339 523 143 239 562 173 168 548 474 523 526 251 271 361 167 224 225 209
20
446 317 564 391 287 542 300 162 463 490 387 575 505 587 444 143 382 560 216 274
20
270 469 345 181 528 367 300 452 271 317 460 286 584 225 412 411 137 575 196 138
20
504 228 576 468 464 192 528 246 387 266 471 404 414 104 425 551 348 521 510 189
20
181 142 543 425 308 202 257 387 249 469 290 441 583 149 131 416 384 535 152 116
20
440 233 574 100 381 559 575 586 367 317 535 466 297 157 448 541 174 127 225 118
20
558 141 215 160 376 464 141 475 408 430 438 251 591 304 226 223 265 225 331 551
20
535 102 123 115 542 246 144 344 110 185 362 267 379 123 595 541 311 574 157 579
20
249 163 255 499 495 396 575 268 452 360 385 227 427 302 579 368 326 138 100 374
20
183 553 551 267 576 110 559 454 153 449 189 382 322 562 565 178 320 349 508 584
20
190 153 467 189 343 326 371 559 340 292 209 510 418 276 466 274 249 548 520 181
20
381 319 468 157 401 129 338 511 325 426 479 222 259 289 278 396 159 345 293 179
20
576 463 493 151 210 131 160 331 444 574 135 579 273 507 142 215 323 415 360 454
20
332 238 557 314 192 126 443 224 366 478 399 417 578 345 141 150 554 365 230 461
20
121 592 143 230 146 180 317 166 438 192 280 273 562 469 326 245 217 482 272 518
20
538 496 135 271 483 188 369 436 225 152 490 564 261 511 153 574 348 438 588 375
20
103 554 461 306 107 365 251 171 447 503 312 427 586 452 530 104 134 472 503 318
20
307 505 457 224 460 437 468 238 390 571 458 457 268 272 138 380 564 521 497 492
20
113 117 162 325 154 542 584 241 118 330 238 545 134 523 193 378 496 596 145 510
20
293 306 427 364 201 504 545 552 579 585 325 339 130 345 209 355 234 290 133 142
20
383 571 216 109 451 136 492 235 520 520 584 192 145 412 478 327 548 281 181 517
20
163 513 191 231 377 501 122 490 220 484 426 331 270 316 373 325 525 129 416 450
20
396 389 197 526 459 222 464 181 414 185 459 295 391 479 175 168 310 591 121 338
20
542 249 353 445 344 398 136 109 373 481 510 108 516 527 203 559 526 177 254 366
20
585 358 171 414 383 139 411 520 427 192 333 322 191 427 391 481 223 347 197 288
20
244 362 428 240 455 252 364 505 506 217 132 256 460 166 525 461 449 337 555 161
20
266 322 453 289 554 167 319 166 572 159 299 302 419 101 121 217 370 396 567 216
20
315 233 480 169 377 120 556 300 180 566 547 464 467 144 259 301 448 416 158 261
20
126 530 521 278 503 551 556 375 521 532 309 311 559 485 434 269 208 524 384 408
20
475 397 516 121 208 178 352 255 527 495 219 412 317 317 145 138 191 493 358 282
20
252 147 466 128 160 372 591 397 109 106 239 417 524 217 426 518 308 129 175 324
20
230 160 568 552 229 112 170 266 400 311 121 292 423 395 296 456 434 590 441 331
20
305 379 148 215 592 518 563 364 115 179 311 242 417 600 428 564 464 566 225 457
20
434 493 427 321 532 600 364 374 114 281 533 118 161 210 410 290 284 133 161 386
20
237 121 417 170 104 351 295 535 558 342 502 134 406 300 130 223 596 295 408 229
20
512 137 290 261 213 224 108 575 145 127 181 185 410 202 280 205 327 207 501 504
20
417 371 368 397 401 247 376 567 280 204 455 488 292 238 516 525 496 193 520 428
20
134 444 280 456 111 403 504 437 540 471 287 427 427 362 343 149 419 194 149 222
20
187 203 161 424 415 300 118 558 394 368 485 444 560 434 548 318 458 235 133 192
20
278 177 566 305 196 208 352 245 219 507 483 103 317 167 119 540 364 455 243 451
20
285 442 189 570 389 161 474 476 103 317 178 147 238 547 575 285 133 403 330 111
20
275 440 404 590 468 519 426 522 339 272 284 574 586 543 129 384 548 205 563 349
20
406 260 155 522 434 121 465 388 234 389 576 407 268 108 499 218 122 553 149 477
20
445 181 114 409 444 348 240 511 341 343 173 325 145 398 598 156 213 429 548 408
20
196 126 216 180 442 306 434 206 554 484 483 595 268 346 453 314 276 376 101 443
20
587 387 346 232 248 122 535 357 180 522 493 238 503 179 366 312 446 153 526 264
20
476 266 405 511 216 537 236 481 461 429 407 175 483 444 393 266 295 397 106 503
20
361 111 456 135 428 448 489 224 282 472 166 322 549 198 430 197 554 274 357 598
20
286 121 359 355 228 414 190 550 232 194 329 593 568 436 393 191 439 485 209 522
20
508 221 274 460 168 250 135 577 123 557 567 236 469 411 215 172 260 153 190 599
20
213 430 241 101 346 207 394 364 486 409 600 552 380 464 125 579 570 429 481 548
20
337 503 124 323 585 164 514 155 193 410 573 308 383 261 516 546 595 300 410 133
20
484 154 102 255 208 492 503 256 565 367 302 349 545 410 351 191 122 213 286 128
20
189 396 157 424 595 224 217 416 223 589 249 257 527 326 570 292 339 261 555 555
20
408 203 447 376 433 121 314 528 353 361 363 387 553 233 175 373 522 594 431 435
20
384 163 268 110 128 409 193 486 539 515 462 324 111 600 459 495 568 205 216 438
20
325 458 137 416 379 180 578 590 356 243 265 319 592 182 493 198 284 228 212 493
20
521 171 267 162 325 432 213 550 538 465 238 215 306 328 594 371 140 553 348 258
20
229 474 197 224 251 122 285 596 206 137 438 176 303 460 162 379 241 455 475 469
20
177 472 303 316 474 372 222 464 192 340 148 593 217 362 539 117 327 392 454 274
20
202 419 107 286 273 497 401 183 584 202 275 388 396 257 117 157 125 264 473 298
20
358 260 433 467 521 302 217 175 534 312 451 316 382 390 477 196 317 406 583 553
20
220 204 103 406 535 544 181 115 398 293 586 448 243 276 361 153 441 226 126 454
20
139 227 460 157 562 403 372 349 217 363 481 514 214 194 306 574 129 501 201 375
20
580 550 185 473 585 441 579 134 447 511 215 165 532 336 484 330 443 189 401 427
20
169 231 364 429 329 353 541 370 191 550 547 489 191 257 206 318 263 131 464 263
20
559 338 567 500 361 492 104 155 589 542 582 212 154 302 171 591 543 584 134 599
20
242 118 551 181 464 322 592 128 453 405 535 505 270 304 123 306 545 428 305 148
20
213 337 337 400 510 335 529 333 148 439 130 124 373 494 238 472 376 574 340 246
20
286 266 472 338 209 591 561 586 571 137 128 360 259 597 526 205 218 552 591 418
20
278 124 342 221 471 432 229 332 409 122 379 504 366 382 122 291 472 108 108 309
20
600 346 154 187 443 506 340 358 226 221 104 155 249 169 228 420 366 169 177 471
20
579 566 482 309 112 215 479 468 272 448 233 336 275 130 241 183 264 524 319 152
20
521 157 129 267 408 251 190 302 191 568 551 318 537 263 430 127 310 481 349 458
