150
20
346 323 130 508 357 355 151 554 541 519 395 520 487 492 397 266 219 211 456 271
20
350 123 364 435 199 579 214 379 406 343 600 122 295 188 234 305 246 349 322 454
20
513 128 581 547 440 378 228 548 524 159 494 499 207 175 552 226 506 167 351 545
20
383 563 276 452 322 581 109 588 481 184 211 403 483 393 576 369 134 566 207 466
20
183 179 467 398 142 501 600 129 122 168 284 186 413 244 149 269 387 343 317 578
20
138 276 302 422 329 348 199 571 169 553 570 162 244 544 167 434 405 445 283 227
20
485 288 475 530 280 432 351 389 311 348 232 209 290 181 574 301 472 411 551 381
20
191 462 522 399 311 105 207 566 271 276 242 488 152 297 406 396 476 577 445 437
20
176 188 401 323 397 342 229 292 598 344 206 512 115 103 426 361 556 515 522 120
20
295 597 108 250 147 279 248 273 240 163 251 572 486 276 137 264 115 206 250 441
20
463 444 396 267 454 584 431 575 372 140 176 322 164 346 569 214 411 295 104 210
20
398 414 348 288 570 464 521 368 505 388 295 364 200 223 270 176 291 200 322 404
20
187 560 468 384 117 482 547 449 304 142 428 136 325 286 415 427 535 581 167 303
20
452 328 470 549 573 270 159 405 522 521 562 546 454 558 424 377 488 503 538 409
20
313 450 239 375 270 418 539 551 243 222 585 564 128 525 347 342 549 270 497 278
20
519 576 539 279 153 386 150 207 274 240 263 244 481 243 255 160 441 236 140 426
20
284 244 337 182 546 264 572 216 255 441 490 600 146 260 225 430 308 480 413 219
20
540 109 368 572 217 200 302 437 138 331 117 397 122 298 189 406 416 385 500 350
20
473 241 165 384 326 411 176 433 390 567 487 342 554 177 573 262 336 529 512 163
20
487 368 280 525 284 416 576 339 555 233 134 184 126 580 120 392 250 155 171 159
20
345 278 294 230 359 160 560 517 186 136 199 281 359 147 194 485 337 272 433 165
20
330 166 296 356 336 530 485 134 263 101 247 290 227 490 313 168 545 315 447 148
20
418 224 476 126 570 433 511 526 253 112 548 297 545 219 527 173 385 318 487 394
20
245 399 434 227 434 227 357 277 243 391 176 420 238 126 165 475 279 123 291 584
20
471 241 521 425 543 574 116 105 193 575 413 350 161 298 129 430 435 572 478 129
20
495 336 419 279 305 324 395 177 207 417 569 197 559 491 146 250 443 189 400 384
20
450 165 555 194 581 441 562 598 574 395 460 363 574 386 304 391 199 298 449 462
20
344 184 465 419 322 420 169 333 361 568 352 551 204 290 361 346 339 322 305 285
20
589 442 323 279 560 133 320 169 582 310 558 120 334 445 152 485 226 531 360 161
20
136 366 290 111 129 160 204 576 185 126 459 469 560 435 104 463 197 251 548 329
20
139 340 262 281 557 586 203 344 230 583 600 518 587 168 586 467 240 553 446 308
20
438 487 362 570 500 268 399 181 548 380 294 347 460 488 214 149 290 407 295 547
20
223 217 398 362 474 592 509 201 574 298 136 334 421 403 221 512 465 431 175 279
20
300 210 519 351 193 390 571 156 395 526 311 115 347 117 336 589 327 376 116 205
20
333 129 202 546 478 155 378 429 368 574 495 261 489 388 344 499 348 386 580 278
20
359 538 221 332 594 124 464 127 300 166 569 112 224 445 554 213 134 434 598 116
20
558 154 149 334 577 263 133 467 425 551 155 493 435 516 512 125 207 281 240 229
20
550 523 465 412 284 230 233 154 423 109 131 451 537 573 151 491 170 128 508 131
20
157 202 203 384 393 482 130 104 598 279 576 351 260 245 354 362 582 575 442 393
20
511 350 143 562 134 288 129 242 464 117 399 364 144 124 279 194 249 378 339 367
20
156 201 358 443 381 194 380 104 409 203 195 349 123 403 260 259 427 496 573 128
20
452 382 570 194 226 180 146 155 192 374 244 234 410 501 199 372 370 491 453 286
20
436 283 119 326 453 193 254 358 156 384 396 546 149 334 188 510 283 246 530 267
20
413 465 383 121 354 155 246 391 386 254 220 129 111 522 217 106 219 118 573 301
20
584 597 331 209 220 156 126 202 317 132 177 311 342 503 518 527 119 260 173 476
20
594 137 575 255 419 114 244 358 129 138 234 162 129 263 418 375 179 487 391 505
20
322 106 266 527 218 232 441 384 147 440 322 393 381 508 525 519 553 118 549 196
20
304 545 415 512 115 187 555 144 516 381 142 564 258 334 311 173 112 266 381 433
20
503 218 563 292 189 344 404 416 153 579 157 172 226 329 506 597 253 139 465 171
20
369 369 211 171 402 150 169 356 213 359 132 553 271 232 234 203 579 383 189 214
20
577 210 417 358 344 417 299 231 304 191 395 166 348 142 116 469 324 367 391 600
20
583 140 415 259 450 320 173 171 124 132 490 126 104 146 494 513 536 471 473 563
20
381 525 388 485 557 473 385 118 236 238 231 101 496 248 303 182 589 302 100 510
20
543 447 449 567 579 349 494 531 271 446 417 277 112 409 316 473 561 367 105 119
20
316 573 508 526 533 509 335 374 385 254 141 414 146 283 231 473 293 568 470 368
20
450 215 138 138 134 457 400 325 412 331 412 566 515 551 508 523 325 492 496 291
20
340 132 509 359 592 471 414 398 439 505 139 317 154 417 105 471 332 563 225 184
20
150 574 477 160 259 545 600 198 577 519 350 266 169 196 349 287 374 406 319 569
20
341 285 384 329 168 441 332 282 258 481 537 527 191 319 346 204 232 417 528 218
20
428 143 231 557 369 437 204 353 555 230 298 327 368 365 576 387 392 344 197 547
20
279 110 279 117 285 438 114 189 359 161 469 244 425 549 226 509 489 410 147 384
20
517 262 479 232 186 103 497 204 468 493 166 418 293 491 142 528 174 567 164 302
20
499 114 405 463 562 222 514 258 387 327 192 427 432 350 584 520 111 533 177 208
20
566 240 363 321 405 508 360 102 391 127 536 110 132 343 224 250 295 257 597 465
20
162 256 334 445 161 428 487 482 246 486 563 517 113 323 341 544 201 560 296 402
20
258 352 522 529 513 400 415 204 546 414 284 357 530 115 205 308 503 112 560 485
20
245 573 257 263 134 204 200 463 479 407 275 299 170 332 391 304 289 502 494 324
20
185 144 155 530 170 276 490 318 373 118 109 414 219 498 133 556 413 289 143 113
20
554 534 560 182 492 116 474 216 443 581 488 206 553 512 572 346 177 332 439 116
20
473 159 582 469 502 531 111 415 473 536 242 158 341 332 371 138 400 110 275 243
20
335 560 589 409 342 593 546 468 535 444 121 186 429 598 139 553 219 488 162 273
20
490 452 166 284 154 153 460 208 209 414 300 598 290 416 337 346 576 423 596 210
20
162 384 298 259 132 171 509 256 569 339 240 574 287 200 468 205 296 215 160 534
20
551 408 480 360 185 256 108 101 498 304 180 352 362 204 307 400 462 336 291 169
20
322 294 523 462 367 183 425 116 593 189 385 506 264 334 278 305 131 127 339 361
20
458 573 396 353 239 311 390 579 580 144 443 296 163 418 383 325 593 411 359 105
20
451 510 527 247 583 357 211 570 119 388 166 236 555 319 421 281 555 247 163 162
20
483 130 503 504 454 584 505 386 173 398 224 149 450 239 544 394 239 206 113 358
20
268 557 262 165 182 272 334 469 284 384 592 247 495 180 564 526 139 590 273 520
20
439 584 353 502 303 233 479 159 193 572 581 537 186 251 196 537 586 313 119 385
20
528 206 416 321 199 159 471 368 307 494 294 158 148 220 371 257 209 120 217 165
20
553 337 358 184 124 485 499 196 129 220 368 278 210 151 331 459 148 186 174 371
20
531 188 248 328 192 495 460 573 262 335 212 382 501 464 397 286 344 103 256 521
20
407 118 598 320 291 485 199 433 489 106 516 437 474 307 139 232 296 371 101 312
20
345 133 210 353 113 164 430 204 188 191 564 348 498 278 171 485 237 359 207 594
20
588 418 185 310 383 282 520 499 240 283 504 310 315 218 346 573 118 120 237 585
20
506 569 516 141 375 361 514 599 557 166 457 181 217 519 325 132 297 400 513 531
20
217 163 578 579 419 134 175 182 444 576 130 404 304 315 378 355 231 104 395 343
20
326 544 350 273 212 554 456 364 509 209 203 520 590 374 511 583 313 367 529 559
20
488 291 433 486 364 127 163 281 226 446 486 253 240 378 126 177 323 370 174 193
20
337 251 302 317 321 561 552 285 595 298 493 114 322 407 411 262 533 508 191 351
20
391 580 364 156 537 344 235 583 593 407 111 484 115 438 314 219 379 161 547 401
20
529 423 459 384 151 296 258 439 599 142 132 295 330 134 219 595 229 193 255 305
20
415 568 243 216 448 493 214 126 227 174 143 380 527 150 430 577 108 265 335 284
20
335 391 164 322 242 185 380 163 469 282 250 377 236 410 420 268 176 530 584 358
20
376 560 546 216 476 588 136 401 507 360 186 472 446 358 211 144 147 556 479 168
20
435 171 193 520 370 544 222 264 510 468 233 523 242 568 462 153 305 175 331 577
20
168 418 472 455 131 165 127 436 288 597 323 321 489 405 357 464 171 494 571 142
20
563 126 269 185 470 135 536 109 579 585 109 600 385 183 485 141 227 241 369 545
20
182 329 289 516 427 456 104 420 496 433 345 262 443 329 157 368 197 479 569 452
20
320 329 393 544 591 220 333 589 428 283 103 459 324 371 516 157 458 183 305 228
20
414 236 169 558 233 129 293 118 544 140 242 413 520 221 484 184 578 177 295 136
20
326 133 531 512 302 453 481 389 133 306 575 198 328 304 247 485 592 332 106 295
20
326 593 249 285 221 296 305 504 173 406 318 389 187 212 293 303 276 582 188 520
20
258 397 480 156 150 262 258 322 569 288 506 133 296 247 148 524 457 573 598 532
20
503 382 594 398 346 315 547 560 167 444 549 447 326 417 440 224 372 168 351 139
20
463 188 326 309 201 168 224 344 233 119 307 169 226 297 127 485 260 238 573 412
20
431 497 266 419 363 229 475 599 164 548 514 224 254 496 297 274 217 465 198 176
20
205 151 586 380 571 158 102 481 229 512 551 511 411 425 423 593 360 373 279 368
20
360 366 106 495 441 171 490 131 566 596 284 269 544 514 172 196 191 577 107 266
20
346 455 401 365 158 565 315 265 189 497 403 523 219 458 181 229 293 560 283 515
20
529 584 121 284 244 361 326 356 588 599 226 435 586 429 560 207 297 230 254 140
20
402 232 209 200 300 213 444 463 354 482 233 475 246 125 199 371 376 389 200 533
20
442 146 331 342 447 217 276 353 153 284 203 402 250 240 123 597 220 398 482 129
20
355 310 276 346 594 531 311 486 370 365 523 448 232 371 437 587 311 260 310 413
20
107 450 316 282 166 483 446 512 505 201 232 308 144 246 146 560 390 266 570 577
20
590 239 148 472 506 521 542 467 491 159 274 162 488 310 188 197 390 433 471 194
20
270 199 551 379 194 304 418 138 389 446 280 582 192 162 259 128 479 386 436 480
20
573 531 546 483 180 565 415 196 459 200 227 519 236 246 176 278 252 104 352 191
20
271 434 297 564 465 215 116 129 312 235 399 367 593 235 215 201 106 148 124 353
20
266 137 378 291 402 597 133 421 564 341 219 139 333 361 132 445 317 340 529 133
20
218 285 134 582 420 317 300 341 428 351 405 174 190 216 147 586 345 306 440 258
20
568 564 479 596 384 318 551 361 198 235 440 400 119 545 280 373 379 258 560 218
20
118 551 477 296 219 503 278 504 261 269 318 508 596 264 201 344 518 467 511 391
20
268 120 366 494 209 346 279 479 101 144 313 402 362 303 411 168 495 447 555 180
20
492 396 324 375 450 357 313 378 579 268 586 313 279 504 543 598 254 438 440 176
20
596 270 500 424 375 101 318 453 599 553 119 403 379 599 496 371 225 472 388 210
20
337 398 378 142 248 521 406 374 488 183 549 536 499 368 337 513 471 420 212 435
20
327 290 523 492 454 592 154 600 396 526 245 296 343 447 186 313 122 482 116 152
20
229 298 366 349 150 296 260 177 425 402 153 517 429 153 132 407 517 542 587 417
20
133 549 491 160 195 226 178 562 497 401 351 120 590 579 425 229 317 240 228 427
20
433 124 581 512 481 397 365 151 355 430 369 185 426 250 506 282 445 383 282 387
20
430 446 115 217 436 484 443 353 168 429 594 422 518 324 466 454 506 399 278 519
20
104 243 162 213 528 159 483 332 296 278 231 536 567 418 455 450 525 188 330 531
20
204 482 513 495 334 285 161 520 551 395 332 524 166 269 354 215 300 520 301 477
20
119 428 492 370 162 446 333 415 285 430 505 329 473 212 570 294 160 439 253 298
20
185 567 150 420 264 127 577 482 432 265 480 195 203 167 404 333 100 434 397 182
20
560 143 208 345 454 406 117 345 178 159 148 419 427 509 580 250 231 517 230 260
20
308 151 200 407 548 205 101 328 411 283 458 330 103 176 391 583 380 381 540 360
20
305 426 348 497 378 451 281 289 275 180 476 156 134 304 246 429 572 376 108 136
20
524 371 265 513 248 278 304 192 161 547 345 209 531 386 550 128 354 356 469 130
20
271 276 129 211 560 183 408 149 502 155 410 175 562 314 112 455 510 177 199 324
20
467 211 542 195 552 343 259 450 319 148 498 590 557 472 240 316 304 329 242 259
20
220 464 497 563 518 575 402 587 576 360 267 206 122 439 314 575 466 246 287 344
20
174 428 544 128 182 494 560 226 325 129 229 147 600 262 517 596 123 151 139 556
20
284 263 586 116 475 101 224 152 588 212 459 451 336 340 369 173 254 140 162 320
20
313 583 391 459 128 463 292 255 566 415 333 126 481 274 355 114 164 228 542 485
20
573 450 597 166 533 240 161 577 577 185 329 193 493 192 576 223 493 346 174 455
20
434 539 534 145 563 357 295 571 238 424 504 118 429 423 570 377 408 468 490 146
20
301 533 191 562 415 382 152 254 213 361 395 171 426 506 458 227 384 344 565 505
