150
20
278 233 446 151 356 492 188 471 507 462 327 442 543 326 194 389 148 401 426 286
20
509 259 310 536 597 302 181 307 526 221 246 576 102 387 382 313 365 370 315 471
20
350 147 507 175 437 418 479 270 137 475 538 443 243 392 511 595 147 290 182 585
20
457 559 238 161 262 158 421 181 410 444 345 230 339 251 483 149 158 588 267 239
20
462 106 323 173 527 536 512 353 425 395 586 156 264 524 583 346 319 535 225 346
20
313 581 524 561 564 120 533 290 149 491 245 169 419 128 387 344 215 583 408 464
20
102 370 419 164 246 323 353 499 364 472 360 297 421 238 450 501 455 322 471 259
20
369 252 405 492 289 341 265 482 555 324 590 497 174 316 421 114 362 525 107 148
20
274 137 378 525 544 133 381 584 430 302 242 124 317 284 526 565 471 378 207 387
20
405 346 259 483 503 240 251 559 536 441 446 408 213 172 549 163 461 539 322 479
20
259 209 147 404 117 566 492 220 361 429 562 271 416 570 286 376 232 145 333 442
20
498 408 432 297 331 246 422 145 571 580 406 464 184 185 571 477 396 500 386 229
20
146 557 214 441 161 342 227 223 242 400 553 201 303 168 269 517 271 565 343 114
20
213 425 227 126 448 395 331 231 173 307 149 434 300 460 465 384 330 300 505 155
20
334 268 405 250 576 527 500 410 237 165 312 600 150 313 185 382 153 169 356 165
20
172 367 462 328 203 120 160 564 452 185 525 518 118 354 483 588 426 552 261 207
20
327 451 487 535 168 469 429 207 532 200 475 318 598 217 280 326 168 248 564 256
20
455 506 186 188 378 157 430 271 236 522 109 473 478 488 151 242 153 264 551 285
20
418 185 413 353 146 539 411 101 506 375 221 273 283 252 153 269 442 473 460 489
20
416 342 560 588 527 216 333 120 111 160 513 395 146 392 354 434 196 144 460 250
20
110 224 325 518 298 222 532 393 118 303 462 515 117 107 118 537 598 234 432 263
20
336 113 150 386 397 115 223 399 484 125 597 359 412 343 139 372 201 211 202 138
20
433 491 391 497 521 309 284 587 301 436 359 586 100 509 423 254 496 580 159 585
20
312 124 179 178 248 279 526 217 380 518 256 599 208 191 517 494 313 299 594 190
20
305 103 309 375 209 101 160 151 525 418 296 327 370 194 312 309 398 202 207 181
20
335 525 280 361 207 495 199 461 334 243 462 491 388 529 469 554 221 335 521 595
20
580 180 492 370 442 124 471 290 565 596 431 567 543 510 589 329 120 458 394 380
20
544 236 125 512 402 277 560 128 155 202 232 498 466 436 180 484 584 591 487 180
20
477 410 408 119 574 486 544 130 468 559 582 378 115 336 112 584 119 126 457 242
20
365 429 225 357 380 367 312 278 217 317 303 142 186 160 344 123 410 341 273 260
20
177 329 490 537 154 584 264 418 290 419 173 169 493 460 302 408 116 490 137 106
20
299 218 402 282 194 289 298 592 534 192 523 418 503 272 379 215 447 103 565 558
20
345 429 408 146 580 254 301 223 308 255 214 210 141 194 508 333 191 159 313 251
20
211 146 137 372 184 285 465 491 442 347 299 521 546 284 261 141 130 461 167 423
20
394 596 457 230 181 489 442 199 524 563 273 561 476 495 101 492 442 566 405 569
20
476 348 507 532 438 529 463 562 511 552 552 424 551 325 188 190 468 489 370 374
20
594 246 387 388 322 592 213 207 528 501 562 570 258 360 115 303 281 370 378 142
20
287 491 445 114 333 505 560 526 518 464 335 166 489 506 408 444 463 470 553 276
20
389 389 186 301 257 411 466 387 405 381 496 282 582 199 378 524 139 347 294 403
20
149 359 211 150 164 545 408 212 147 154 233 351 140 567 479 566 155 346 467 451
20
121 390 457 160 315 108 568 361 175 354 507 226 220 460 239 494 334 174 591 534
20
154 490 526 440 317 299 369 122 482 126 165 480 196 247 541 182 149 546 574 357
20
417 369 261 415 529 252 460 326 349 361 303 279 408 273 285 562 400 190 539 438
20
131 485 419 591 504 499 139 296 475 432 512 547 446 491 258 246 536 293 266 298
20
310 175 384 108 102 569 372 589 102 451 341 356 142 286 103 397 281 209 189 114
20
520 527 344 451 592 449 565 566 263 128 116 314 285 329 237 199 466 168 552 503
20
497 110 311 488 418 131 255 520 163 555 564 448 411 399 186 590 312 555 328 482
20
290 261 130 126 225 247 267 301 188 405 329 243 143 512 149 354 132 285 326 599
20
146 384 420 420 295 506 339 588 272 398 282 182 140 109 291 332 278 173 427 481
20
159 242 233 491 516 219 135 241 115 243 214 252 476 389 306 445 180 214 478 505
20
140 555 324 328 579 381 135 295 339 522 320 231 329 262 102 287 259 134 529 483
20
559 311 380 140 246 114 319 595 196 148 385 281 103 402 471 530 246 259 289 503
20
486 535 580 122 145 331 453 138 181 528 252 266 396 513 115 271 246 379 272 526
20
307 166 217 470 476 232 595 585 489 366 181 232 305 246 472 480 262 433 129 188
20
159 316 134 102 304 135 231 262 369 547 570 212 581 315 395 276 365 114 364 175
20
359 590 335 405 413 118 223 571 483 170 212 439 353 531 231 584 436 234 544 159
20
238 275 295 358 155 281 378 327 499 278 575 237 353 545 326 216 319 195 597 287
20
596 476 455 103 480 292 356 297 489 356 358 372 183 157 244 552 320 592 385 136
20
320 486 335 350 377 365 184 446 580 228 113 233 175 504 398 474 286 419 118 342
20
557 572 492 314 293 116 278 216 132 553 591 388 571 426 335 114 563 446 223 219
20
230 217 316 166 330 223 114 165 587 243 575 596 116 121 126 232 355 521 183 420
20
215 547 574 394 150 280 165 379 528 307 472 134 511 409 592 301 222 485 228 305
20
406 264 435 327 490 445 200 594 190 288 559 470 244 495 363 343 423 597 531 549
20
515 383 332 306 188 271 372 337 492 336 141 146 371 340 382 364 421 565 276 128
20
239 404 121 511 306 326 222 125 379 347 309 275 464 308 150 113 156 257 176 344
20
238 345 335 331 541 323 460 553 388 414 246 184 283 275 162 406 139 438 555 498
20
448 476 584 332 224 561 448 452 110 392 511 468 216 364 108 576 519 243 181 462
20
116 529 409 197 103 286 120 511 537 243 517 258 373 383 116 585 263 532 245 402
20
540 306 287 183 596 143 322 522 437 527 238 328 384 572 391 107 174 259 475 189
20
253 312 518 390 308 514 478 219 501 236 372 361 512 250 514 266 241 117 176 522
20
425 159 205 212 198 512 570 344 587 558 431 249 532 161 185 293 300 385 147 537
20
242 157 551 114 574 296 330 380 328 124 526 280 220 372 408 241 328 108 475 418
20
413 526 482 552 184 348 219 461 561 494 548 185 228 198 434 234 423 221 210 436
20
268 258 268 187 329 353 206 599 135 166 532 142 371 539 253 180 266 319 519 263
20
159 428 120 104 253 431 244 290 223 138 126 367 473 324 470 167 288 538 202 355
20
484 187 129 464 536 546 308 575 571 577 591 489 563 107 261 531 107 600 271 153
20
166 378 474 422 348 413 170 271 401 362 253 302 597 380 173 199 148 421 377 549
20
589 295 373 485 338 593 308 125 593 567 577 373 515 392 414 139 133 333 331 327
20
486 579 377 285 224 414 486 269 193 287 187 504 419 398 108 279 326 574 516 428
20
286 364 414 182 106 317 246 289 383 317 519 221 176 562 303 261 309 491 544 424
20
405 496 313 345 317 574 177 201 431 156 234 240 429 308 432 542 467 303 202 314
20
408 479 530 154 490 591 505 301 238 199 354 350 102 104 487 318 437 502 312 280
20
141 571 425 476 206 295 300 261 530 365 512 303 290 204 589 220 290 504 528 356
20
310 586 595 386 521 527 168 558 136 555 290 525 425 586 516 245 586 374 259 537
20
212 272 298 443 235 146 196 169 558 595 105 573 505 502 434 535 410 156 492 118
20
260 510 509 359 114 258 451 245 136 341 186 420 357 465 574 333 598 515 133 424
20
540 508 244 250 351 250 352 472 197 101 543 149 284 193 296 423 439 130 481 387
20
196 450 443 430 238 386 198 257 479 328 451 397 204 468 135 519 100 181 408 233
20
329 301 600 498 457 128 338 588 121 480 117 278 481 475 116 447 454 396 450 460
20
549 313 551 359 112 315 353 412 214 595 241 403 494 414 151 350 345 335 246 177
20
339 118 174 307 336 549 548 197 128 379 295 224 585 303 558 156 117 267 514 260
20
206 255 110 484 348 206 303 212 469 111 363 226 241 254 393 321 513 373 286 561
20
332 433 178 546 507 543 180 390 359 190 344 275 331 186 396 134 571 555 257 157
20
372 554 551 236 461 267 378 540 209 204 357 479 312 400 546 221 528 574 186 384
20
233 294 332 203 319 262 539 415 142 326 293 278 576 184 399 382 513 305 471 498
20
127 224 523 272 454 238 263 443 457 261 442 495 312 352 324 319 560 148 534 287
20
183 209 340 315 133 494 508 515 565 292 150 587 527 505 202 158 166 273 441 505
20
466 492 457 231 353 583 230 481 279 573 315 519 342 143 402 350 309 484 267 253
20
448 365 433 517 165 119 561 383 177 367 558 565 316 369 110 477 138 410 236 251
20
110 435 245 280 212 441 174 309 260 319 101 526 201 353 299 357 194 345 524 488
20
425 418 143 433 528 530 495 388 519 144 350 315 129 515 335 384 272 517 320 303
20
257 475 418 457 159 424 538 449 128 595 571 132 591 423 548 421 349 413 168 552
20
569 337 460 149 132 384 326 403 292 239 138 392 364 420 151 314 452 459 200 270
20
532 240 263 155 585 538 274 221 508 126 379 287 131 507 365 303 130 176 418 265
20
464 237 448 305 504 200 487 547 289 239 418 578 283 566 254 223 331 250 169 218
20
381 475 569 408 157 474 276 151 473 504 449 587 341 195 139 131 323 179 592 551
20
139 420 551 309 243 567 293 427 478 184 584 224 115 127 513 535 511 349 286 195
20
592 382 305 157 174 276 218 210 136 174 250 399 342 194 388 285 161 279 105 458
20
335 465 502 208 372 230 217 442 307 139 292 272 424 503 382 316 469 563 386 126
20
324 195 170 522 511 573 147 182 456 360 214 157 510 102 244 340 432 472 153 374
20
533 440 371 170 163 375 101 563 448 112 103 141 595 381 187 317 165 469 279 487
20
505 462 252 334 486 600 380 369 438 271 122 556 250 431 153 116 210 113 377 271
20
550 293 172 228 142 590 396 114 337 461 369 468 360 509 133 274 380 391 551 382
20
489 473 254 141 502 582 595 364 206 167 230 299 348 344 554 246 144 552 439 580
20
577 266 434 446 396 412 112 139 353 135 515 121 138 465 143 436 340 438 159 524
20
301 461 195 238 115 300 533 468 295 188 520 470 323 115 407 343 335 103 315 549
20
244 172 131 359 355 414 472 377 228 467 576 285 166 439 116 118 272 284 278 378
20
238 578 282 437 546 404 471 352 215 344 132 189 105 508 378 541 441 512 300 205
20
125 462 181 576 429 227 438 276 523 598 460 416 410 386 400 589 381 314 165 557
20
447 528 596 326 200 497 223 571 275 150 431 248 310 230 172 190 452 283 436 115
20
334 324 583 187 477 498 565 597 333 216 186 279 352 260 157 376 155 222 408 467
20
530 431 419 153 167 143 307 414 444 496 136 496 233 359 217 311 116 372 274 120
20
119 290 590 361 589 348 470 352 230 486 162 172 493 572 331 145 228 439 240 393
20
414 180 183 413 546 310 375 216 144 251 539 271 295 487 570 162 160 301 222 549
20
592 421 101 534 383 578 539 217 555 401 536 116 406 422 185 193 447 386 428 369
20
114 507 252 282 338 134 394 386 333 498 483 238 258 145 338 508 398 271 225 404
20
167 599 256 318 120 108 130 287 171 243 335 266 341 317 595 127 516 311 184 134
20
508 501 440 502 318 561 317 169 435 503 119 465 323 282 265 172 585 504 510 232
20
203 581 463 583 124 393 116 508 171 515 104 139 432 160 315 504 521 430 406 303
20
223 100 352 295 260 429 101 177 194 105 466 129 265 164 539 253 442 257 582 104
20
282 564 282 320 409 533 421 412 440 255 421 430 291 424 271 507 504 471 556 382
20
358 323 321 123 418 279 416 336 190 389 346 553 108 529 543 312 389 240 136 188
20
574 423 144 474 124 230 510 234 160 443 228 376 234 454 371 175 211 491 399 498
20
387 567 231 563 498 359 400 509 477 193 480 241 500 136 457 357 452 237 253 260
20
233 214 317 404 239 312 156 197 208 204 139 149 224 522 101 592 347 428 279 141
20
347 252 218 257 194 524 288 109 415 129 579 182 191 547 368 465 254 293 360 376
20
272 452 469 157 537 379 512 242 596 153 226 388 526 393 165 548 554 570 225 376
20
513 461 584 228 401 224 463 318 475 482 393 505 291 516 555 521 448 367 230 327
20
589 261 121 392 274 217 512 597 471 184 536 387 129 137 461 315 417 322 484 260
20
469 117 241 314 299 457 559 409 211 308 599 157 311 413 146 451 502 380 484 414
20
235 580 226 441 249 252 514 449 500 273 157 136 431 194 314 535 461 340 533 540
20
258 164 472 569 210 378 293 108 262 401 528 365 495 345 168 535 426 582 188 182
20
335 284 299 423 592 310 437 547 559 572 332 456 398 232 404 425 163 307 354 583
20
353 169 447 150 500 435 278 496 240 458 464 310 217 452 181 215 123 223 469 402
20
469 598 504 192 544 298 224 132 139 345 450 227 102 355 194 400 460 595 485 592
20
141 158 595 178 117 271 491 320 547 238 349 419 342 338 124 370 374 278 239 568
20
366 168 117 408 346 393 203 126 230 470 235 368 180 458 442 153 574 202 550 520
20
540 274 324 160 388 228 271 359 236 273 144 563 285 462 198 532 118 484 560 319
20
142 128 443 322 137 128 368 299 520 447 366 128 343 203 594 382 396 430 176 429
20
324 507 553 571 327 158 147 224 493 488 281 513 430 558 342 330 281 395 593 532
