150
20
221 107 124 311 578 348 235 402 503 500 564 119 112 127 460 472 400 472 563 565
20
193 572 158 561 427 512 227 249 580 380 176 439 306 467 460 343 156 388 350 156
20
141 591 142 255 408 276 572 213 457 388 487 296 137 383 117 222 540 404 334 321
20
242 531 175 293 127 299 390 434 342 466 546 275 545 369 548 237 421 264 284 522
20
253 372 126 492 399 372 184 234 567 190 498 411 583 221 188 147 376 390 468 268
20
492 446 361 252 226 126 544 440 173 243 411 141 531 434 357 340 575 402 385 564
20
480 245 466 161 327 517 130 309 186 262 541 520 424 578 207 464 560 313 133 454
20
546 308 421 215 119 454 524 478 548 125 170 331 539 573 312 443 325 299 558 214
20
286 537 196 571 578 526 410 302 363 202 501 220 574 520 181 435 428 468 441 188
20
338 560 569 451 370 374 436 539 274 120 453 251 539 592 466 391 186 293 148 522
20
596 312 569 344 516 557 599 115 269 179 502 510 346 169 479 552 192 296 493 487
20
490 420 113 200 583 306 557 542 273 127 238 329 143 501 441 523 266 158 555 468
20
145 103 410 334 541 247 482 360 184 479 144 588 264 419 464 386 426 465 563 181
20
162 190 514 329 396 224 196 233 530 113 567 309 273 310 381 579 395 184 589 167
20
200 132 239 245 272 158 224 284 139 546 128 511 156 229 527 216 261 481 156 467
20
571 426 476 282 242 221 291 418 239 141 192 507 530 360 330 384 432 588 468 242
20
147 104 169 591 542 140 273 361 240 144 321 134 442 444 345 116 414 545 114 283
20
291 556 148 344 585 595 421 222 246 320 362 444 569 437 293 128 566 171 395 454
20
485 527 275 252 328 551 121 326 447 408 152 328 369 392 554 314 547 581 125 229
20
478 129 124 458 443 320 437 593 187 120 410 557 241 429 248 299 398 146 392 187
20
274 289 210 453 380 377 493 182 177 489 539 189 222 456 433 590 478 102 444 508
20
522 225 297 352 470 362 250 270 341 503 365 265 575 150 358 562 566 530 495 380
20
503 406 335 148 427 222 398 302 209 390 108 341 370 414 215 223 364 467 534 588
20
546 244 155 205 128 408 300 472 358 477 184 544 496 354 428 205 269 255 231 323
20
400 169 511 264 361 376 458 397 431 263 115 298 225 285 483 164 554 119 397 219
20
152 218 434 552 487 564 445 471 517 201 449 212 225 371 576 154 295 595 333 452
20
240 518 547 564 570 300 292 449 296 218 177 216 349 523 498 178 199 126 472 506
20
444 331 586 332 391 302 153 118 295 358 359 151 178 464 125 266 473 571 258 272
20
220 541 429 549 159 203 600 358 264 255 480 421 367 432 550 321 170 219 414 241
20
344 335 342 330 193 504 559 356 266 412 565 405 440 227 103 244 317 126 520 371
20
339 213 325 289 264 368 213 525 509 559 492 423 583 360 403 518 165 396 539 313
20
451 533 511 436 491 123 336 406 482 258 336 385 365 129 269 586 374 159 187 381
20
118 522 237 290 419 531 539 237 549 359 561 216 361 214 261 499 127 564 311 119
20
170 208 128 593 434 196 149 134 566 405 314 111 581 498 267 264 263 225 234 115
20
363 110 133 525 211 331 325 101 262 287 341 542 192 148 397 465 293 467 325 339
20
228 245 516 238 414 434 325 321 369 376 163 455 199 218 152 294 401 203 435 324
20
353 506 221 322 326 177 443 318 443 497 364 428 298 409 392 300 395 177 464 303
20
165 361 491 234 365 288 458 445 491 568 528 488 222 193 297 540 310 516 412 547
20
282 562 571 461 477 527 575 344 237 580 293 312 412 414 367 482 572 222 412 484
20
356 101 500 358 230 191 471 351 533 438 421 125 489 559 262 597 500 114 205 188
20
143 594 428 563 155 294 419 142 262 582 316 335 491 491 213 559 237 530 371 332
20
256 551 578 170 470 240 284 396 515 118 367 439 326 478 323 451 585 414 298 361
20
465 260 563 148 506 368 449 530 576 372 171 418 556 200 121 431 435 581 162 181
20
393 291 541 298 490 553 595 356 408 248 112 538 180 484 177 111 182 518 269 373
20
224 576 558 469 222 355 453 125 511 194 254 143 327 529 479 284 476 198 439 293
20
289 592 367 488 157 327 258 145 393 198 377 307 559 478 353 167 265 176 342 568
20
392 468 535 590 314 488 564 393 163 289 259 424 459 257 179 426 382 157 576 599
20
488 465 118 503 221 108 594 217 484 289 161 279 509 254 365 550 378 338 551 471
20
353 287 308 138 552 363 288 524 352 303 560 486 326 145 564 359 476 495 160 159
20
192 551 303 437 545 496 272 461 482 326 197 406 383 380 452 233 327 369 204 566
20
378 337 599 245 322 435 275 538 493 520 213 120 586 351 281 474 105 513 496 398
20
519 228 387 348 205 591 595 558 477 148 404 553 340 433 307 443 248 159 123 576
20
403 217 333 405 374 238 355 306 204 340 518 570 225 202 345 322 448 474 306 588
20
119 372 331 366 501 222 391 193 592 470 576 474 260 246 260 247 257 560 315 481
20
264 496 414 320 585 324 347 106 504 283 118 438 106 100 240 500 464 142 171 315
20
387 170 353 315 324 230 353 300 536 510 120 364 510 150 478 364 218 373 421 262
20
510 532 158 498 459 572 477 199 229 484 134 393 368 374 326 446 429 548 548 150
20
489 454 525 180 183 510 287 111 600 581 105 543 316 404 215 187 549 137 130 575
20
240 118 563 378 358 282 470 243 142 534 496 566 261 455 210 286 347 436 414 256
20
366 170 285 374 200 295 362 244 406 299 399 500 465 299 309 169 525 490 109 391
20
136 396 178 394 281 192 594 192 289 472 186 240 379 535 214 370 320 263 314 307
20
553 181 542 356 488 456 548 205 536 190 279 533 309 350 166 599 105 271 583 390
20
430 126 486 139 161 288 286 409 485 274 326 298 407 166 195 565 282 275 318 490
20
415 439 487 467 268 140 272 521 341 280 463 444 380 160 100 435 374 235 418 245
20
146 327 169 478 257 233 139 262 360 310 318 537 216 260 396 219 431 369 337 513
20
485 216 305 456 229 577 568 133 488 463 501 517 466 516 306 160 298 414 481 468
20
135 334 277 499 581 174 402 539 498 248 275 308 131 512 441 144 227 525 460 494
20
367 575 510 377 161 539 332 219 397 500 537 260 234 505 208 243 205 246 513 274
20
149 584 357 430 353 446 543 553 259 501 512 356 122 424 166 406 294 462 475 546
20
358 424 367 165 547 241 173 377 472 495 144 536 269 596 439 171 600 463 152 514
20
292 140 560 400 213 299 536 381 370 291 184 176 254 373 334 513 326 377 314 447
20
402 360 586 438 306 438 595 569 239 267 270 167 189 139 365 548 203 503 441 493
20
533 530 161 261 555 161 104 335 333 248 295 494 107 457 348 301 151 400 589 386
20
270 283 280 599 279 100 542 589 369 468 239 133 489 179 438 432 366 472 191 160
20
116 478 569 495 189 422 159 254 370 534 175 155 216 202 595 553 199 318 108 301
20
116 143 111 409 472 294 112 335 415 204 237 503 410 230 277 393 141 380 544 391
20
204 195 555 401 501 238 305 454 360 522 171 521 463 539 388 596 421 398 296 520
20
307 527 448 453 441 460 337 532 191 452 530 135 240 260 371 177 152 291 466 346
20
189 342 314 327 278 357 175 207 493 520 518 156 221 241 247 281 195 164 525 233
20
139 427 303 281 535 590 591 137 339 267 197 240 549 305 489 167 515 363 368 364
20
332 560 470 139 299 293 245 530 166 483 435 126 387 121 219 112 473 436 364 216
20
453 209 217 257 250 305 542 160 591 344 381 388 334 453 200 597 214 580 262 327
20
173 353 191 153 151 299 513 577 196 426 165 347 155 590 431 484 343 284 386 178
20
186 208 124 461 115 259 502 326 204 411 591 143 190 321 387 567 284 597 387 185
20
328 362 473 253 216 503 325 598 528 316 599 155 218 289 258 475 137 202 561 260
20
296 459 462 232 579 227 469 577 523 376 275 508 298 557 265 495 568 464 103 577
20
227 187 514 331 215 396 379 326 391 323 566 123 554 255 239 246 519 461 160 140
20
143 397 541 393 103 286 463 487 534 141 381 565 206 600 418 253 367 459 459 368
20
281 316 547 279 581 101 366 384 502 237 342 210 339 496 531 283 250 448 121 101
20
146 545 598 379 521 157 487 300 429 568 543 263 419 508 545 227 580 479 211 478
20
595 572 321 257 259 230 130 563 554 162 171 280 143 545 131 555 232 523 109 200
20
179 236 468 420 531 117 371 537 340 469 317 266 296 373 374 296 100 217 518 595
20
154 106 190 569 390 245 269 382 503 458 328 599 316 240 564 161 428 538 513 419
20
325 452 170 557 225 110 210 174 384 590 572 171 567 310 464 444 351 400 241 477
20
416 527 148 579 592 295 378 361 321 530 198 260 121 116 417 486 303 323 165 575
20
330 417 530 205 400 302 402 561 358 262 193 319 572 504 594 202 434 267 273 470
20
318 441 440 577 246 478 425 373 451 539 555 582 574 204 508 210 241 280 556 142
20
270 229 391 189 351 406 150 377 217 480 250 169 382 370 191 320 119 474 543 481
20
462 327 381 423 582 502 256 367 172 383 260 513 479 541 321 351 189 529 103 579
20
103 454 369 399 303 534 314 410 530 122 291 373 177 585 466 346 423 503 169 416
20
469 167 462 278 399 414 328 536 578 409 125 400 367 420 232 589 418 289 358 404
20
422 330 333 145 267 146 215 555 548 461 309 578 470 187 107 108 374 113 326 592
20
101 163 169 292 564 113 517 461 402 141 523 195 299 404 422 147 497 122 364 437
20
528 323 464 551 131 245 382 394 299 187 560 114 509 191 245 467 485 261 530 411
20
382 231 549 151 319 514 247 205 284 502 408 170 134 245 225 227 236 211 508 204
20
482 209 253 431 288 582 112 406 561 211 374 270 326 192 427 580 107 122 224 472
20
441 297 382 245 164 103 327 262 227 271 280 502 498 359 332 157 250 368 258 337
20
387 528 256 484 159 534 555 443 406 527 151 177 203 272 560 557 162 132 360 106
20
351 181 456 588 305 213 526 431 129 287 192 387 422 149 139 321 307 419 357 317
20
180 305 484 459 322 187 247 138 476 466 518 186 600 534 298 399 432 507 343 115
20
166 252 404 160 288 371 220 543 389 300 359 534 452 125 596 335 294 557 333 598
20
265 104 524 358 454 462 568 279 406 132 418 396 259 390 372 426 391 328 346 142
20
134 373 379 229 564 133 342 284 310 199 429 475 430 301 344 369 504 298 122 310
20
293 555 458 333 593 379 596 419 419 309 260 168 393 270 266 356 367 119 135 321
20
104 451 238 327 434 324 325 570 546 584 473 424 328 289 276 562 252 583 303 120
20
231 127 113 399 435 536 163 383 141 122 117 304 209 504 270 447 473 496 304 356
20
269 490 477 581 298 407 555 415 168 586 214 536 367 531 479 463 340 407 275 176
20
358 110 135 349 316 562 130 210 224 422 314 593 444 357 257 142 178 579 591 373
20
391 490 372 257 462 547 177 315 383 487 104 270 248 318 477 253 139 351 231 322
20
532 444 173 231 466 364 517 162 508 107 441 294 137 527 237 449 147 598 268 342
20
221 235 292 148 487 186 533 212 380 294 474 517 150 140 513 254 379 563 382 155
20
299 122 141 470 465 574 578 564 325 290 206 332 558 549 228 300 207 234 463 423
20
224 278 171 545 259 388 397 302 182 474 254 495 256 289 311 130 483 419 328 402
20
113 242 174 472 152 196 599 164 574 118 292 352 567 322 221 213 506 325 174 545
20
399 244 327 499 224 284 570 144 344 279 267 331 112 186 146 381 363 365 540 475
20
322 348 101 177 110 573 557 488 187 180 593 470 260 263 289 282 206 202 342 187
20
120 208 586 199 160 158 377 200 359 239 239 180 523 467 378 489 549 285 367 297
20
472 525 530 307 249 246 278 176 454 293 385 140 125 358 316 440 444 572 422 407
20
578 598 135 530 458 448 385 594 371 268 213 465 227 484 408 260 281 308 118 564
20
597 240 198 390 246 361 325 552 553 402 419 519 527 330 224 337 548 354 543 375
20
133 202 224 272 344 441 303 455 168 131 368 409 205 468 120 288 184 363 300 151
20
467 342 116 580 454 450 186 579 491 191 232 196 388 492 307 216 397 569 304 337
20
131 243 588 239 325 217 367 413 551 522 432 139 559 233 493 595 542 243 310 426
20
506 598 417 446 565 241 583 203 458 486 563 536 592 302 519 361 523 142 161 298
20
302 209 450 472 518 432 286 370 376 158 234 321 190 186 275 386 220 249 273 111
20
300 491 428 274 515 273 207 444 542 126 583 490 334 288 521 462 329 392 144 320
20
569 152 345 231 294 173 189 405 580 197 379 114 212 322 126 574 482 211 307 478
20
524 588 472 547 303 321 310 101 274 464 103 362 487 153 295 244 158 476 591 320
20
175 298 582 128 509 165 569 329 471 127 326 600 277 272 128 314 231 305 428 312
20
316 327 508 485 406 565 238 215 318 519 177 215 345 289 230 423 269 444 446 300
20
591 295 500 236 552 277 486 595 201 539 444 542 252 402 557 297 540 321 420 139
20
143 297 289 297 566 272 301 155 283 507 467 171 452 309 518 155 124 378 163 251
20
250 496 285 533 196 577 296 359 212 541 442 250 516 324 438 293 462 274 137 277
20
337 395 319 430 591 434 288 380 368 176 357 339 387 598 457 488 137 546 182 498
20
361 229 552 556 471 113 328 134 413 140 291 564 138 100 432 437 393 456 476 384
20
112 577 492 159 585 548 597 150 426 331 425 485 357 454 304 472 267 437 533 151
20
437 414 435 396 106 314 254 262 342 537 251 553 514 323 232 197 552 551 265 484
20
511 453 356 136 152 247 316 352 170 344 238 100 261 539 385 280 129 203 261 510
20
359 400 443 518 142 171 297 411 496 592 362 429 543 333 362 565 401 353 225 484
20
103 457 370 314 424 195 286 159 326 232 196 379 272 214 117 322 187 461 473 405
