150
20
525 416 517 230 435 208 285 263 362 110 483 212 452 538 243 293 507 509 340 494
20
487 431 330 317 274 540 267 429 572 591 403 267 574 229 382 202 473 398 139 468
20
284 280 111 411 374 469 189 338 360 403 164 247 161 587 180 299 224 171 108 232
20
350 376 573 156 314 102 226 285 442 497 318 153 543 576 177 263 596 189 353 109
20
550 545 302 191 489 243 462 593 301 356 151 177 214 229 578 549 352 158 328 187
20
353 452 587 579 238 572 582 242 304 403 495 473 554 562 310 441 508 239 143 524
20
121 189 222 544 285 537 226 398 334 294 269 576 211 374 121 556 126 564 582 130
20
363 128 440 295 462 438 295 101 503 518 492 395 384 537 186 336 551 566 496 234
20
242 128 475 322 320 154 300 215 517 390 513 221 171 513 445 368 547 417 315 394
20
506 393 362 511 220 182 456 296 163 195 543 258 382 421 125 158 111 272 524 112
20
217 519 240 419 255 209 329 462 245 493 581 244 263 113 371 240 596 452 169 288
20
400 350 491 120 427 205 203 139 245 598 309 331 484 373 112 272 382 479 372 102
20
227 274 226 556 430 296 215 385 260 404 205 359 551 562 301 185 544 168 152 262
20
120 340 487 320 340 330 580 393 354 467 173 192 456 359 112 341 220 138 400 280
20
375 539 242 211 250 433 336 156 558 534 558 434 110 348 507 379 581 197 582 184
20
308 544 370 160 432 546 507 466 486 504 375 438 232 260 365 592 539 204 561 567
20
285 477 438 107 117 493 433 103 325 465 143 201 239 260 112 241 517 528 595 299
20
564 394 511 145 557 321 100 256 134 157 337 200 521 359 548 438 483 261 337 260
20
282 386 361 146 371 391 110 335 360 333 362 348 442 483 559 166 306 553 198 103
20
351 241 513 348 499 272 244 190 121 427 310 358 517 284 284 250 394 476 129 578
20
276 541 581 284 385 474 432 259 164 123 377 229 263 377 244 505 364 400 449 510
20
362 551 551 205 600 590 295 187 573 215 495 303 401 103 375 430 118 590 309 408
20
550 447 243 588 213 326 158 225 166 424 337 242 101 312 516 439 389 507 506 379
20
137 274 293 349 382 184 271 299 595 511 366 343 408 343 111 211 107 145 107 271
20
496 154 172 225 586 101 525 191 205 528 308 528 229 123 127 427 474 495 343 475
20
451 517 206 514 243 253 182 244 594 218 299 567 103 450 581 346 296 290 476 332
20
247 489 457 365 352 591 328 464 173 216 404 415 221 379 150 570 483 454 509 133
20
446 176 204 164 562 189 329 390 170 328 378 150 490 230 197 378 334 531 428 368
20
545 468 164 195 438 156 274 540 392 357 309 482 104 543 469 451 301 288 150 207
20
206 236 467 355 232 305 501 598 341 499 528 169 461 218 217 431 561 180 461 285
20
465 181 223 101 287 250 406 396 154 153 275 206 257 588 178 117 263 257 287 179
20
580 454 142 297 575 382 173 315 144 539 358 508 401 220 163 128 591 444 402 289
20
457 353 148 498 253 268 223 426 103 352 201 278 325 440 480 378 115 557 445 388
20
221 357 333 191 540 199 518 370 475 502 307 112 470 551 211 308 180 424 463 106
20
414 421 240 345 136 254 282 510 550 351 292 244 593 398 193 200 187 431 388 407
20
310 512 185 284 521 136 197 440 424 262 504 249 341 234 230 143 525 111 551 569
20
213 163 362 544 339 344 454 228 265 175 481 564 215 120 476 107 320 251 425 195
20
412 530 498 359 433 172 254 454 249 391 199 246 325 221 208 472 548 411 361 207
20
224 454 186 208 536 533 503 154 382 496 202 558 437 422 600 466 154 402 532 264
20
140 177 567 493 127 324 336 572 420 361 432 242 115 124 167 130 564 238 546 164
20
358 309 353 128 525 563 299 239 301 504 420 544 156 548 597 373 494 114 537 180
20
151 254 432 372 400 388 254 367 115 321 355 535 389 205 267 340 330 400 590 195
20
445 516 393 250 229 343 317 573 390 226 334 221 141 182 282 116 449 230 490 437
20
453 167 474 452 401 493 182 476 315 314 117 459 392 464 250 107 164 158 222 441
20
456 564 148 185 136 241 359 533 106 456 240 292 563 361 308 237 175 339 274 254
20
469 470 181 595 461 461 444 543 547 134 537 350 333 459 406 585 139 357 471 516
20
576 439 333 436 361 534 379 345 327 483 360 101 267 391 111 479 105 418 342 591
20
405 384 165 419 192 161 280 467 215 261 333 586 115 123 211 267 230 445 206 117
20
411 198 327 246 153 521 297 351 485 513 446 119 506 367 153 411 374 468 361 427
20
492 293 230 569 455 365 562 557 559 239 490 483 217 459 567 392 218 240 309 180
20
242 279 399 384 268 409 518 195 139 418 109 330 410 542 379 564 515 428 566 108
20
502 132 308 439 306 595 284 447 294 425 486 341 383 414 157 137 170 149 588 155
20
397 381 338 117 571 115 291 302 436 599 299 148 353 229 343 464 552 478 302 243
20
277 136 254 243 434 228 500 592 341 585 434 445 202 485 354 108 128 301 410 389
20
255 107 239 146 522 418 290 502 566 106 332 346 495 564 478 547 445 301 542 451
20
117 147 356 555 457 174 551 190 485 410 458 165 584 505 116 543 348 409 229 102
20
536 121 561 473 233 430 414 557 326 209 449 210 284 147 116 248 433 459 341 563
20
141 450 209 137 409 184 457 530 392 385 226 377 156 226 361 568 299 560 337 136
20
350 300 470 152 337 568 160 416 130 127 198 256 566 350 185 532 121 574 294 357
20
115 469 432 203 229 501 446 411 426 136 403 541 568 374 583 160 314 205 121 578
20
599 548 488 143 404 133 564 239 395 551 301 424 592 545 322 334 210 455 193 161
20
109 483 358 372 316 521 551 388 588 484 570 301 137 264 428 361 436 553 146 150
20
109 430 323 238 389 186 442 427 402 253 436 191 529 544 495 541 546 425 156 568
20
493 588 346 363 134 191 468 384 249 561 297 234 271 101 309 254 310 217 280 394
20
437 498 144 128 108 462 474 344 419 550 549 439 293 406 188 154 338 562 371 372
20
178 439 209 558 277 375 136 427 383 376 293 228 204 333 328 569 519 573 378 443
20
552 260 150 461 453 439 412 504 289 208 345 280 231 128 269 532 440 334 110 309
20
125 149 563 163 569 545 280 414 334 193 586 316 243 150 495 333 231 524 225 403
20
553 541 107 170 581 191 242 228 321 410 450 293 251 167 409 394 163 367 185 552
20
490 151 430 555 282 231 110 204 263 304 484 212 306 286 226 209 600 206 181 191
20
158 258 523 485 470 254 418 464 550 251 116 589 436 505 319 243 350 160 389 279
20
262 409 292 528 100 574 299 535 168 325 113 358 537 396 533 100 250 557 118 461
20
303 103 141 521 586 566 521 381 175 160 189 211 219 149 426 545 196 445 573 357
20
118 208 402 129 272 173 504 212 459 494 477 460 134 336 566 453 565 459 504 535
20
497 454 167 108 201 344 571 278 176 291 201 556 421 275 531 477 392 143 249 508
20
408 111 334 480 146 197 212 102 383 552 471 251 230 561 396 410 270 439 468 578
20
588 473 138 441 189 581 463 104 460 566 382 475 116 355 495 363 447 354 100 161
20
478 333 592 275 277 228 290 268 272 401 271 370 117 133 313 436 242 365 502 500
20
392 137 278 233 441 237 161 262 271 286 103 162 565 339 218 231 575 546 409 402
20
481 352 379 469 174 321 503 192 133 404 461 432 559 275 237 562 546 225 355 400
20
240 271 288 421 257 206 491 306 263 586 379 248 401 434 595 549 149 501 167 475
20
244 136 590 434 129 444 334 502 574 185 400 423 105 248 399 457 112 448 411 203
20
320 377 278 562 590 102 237 443 347 391 460 402 301 403 250 155 221 513 287 307
20
479 554 524 235 103 484 469 486 153 524 286 274 161 336 291 229 389 193 494 339
20
148 444 528 124 342 218 354 117 240 370 330 303 464 298 558 455 311 513 164 598
20
182 556 264 421 135 598 111 155 144 591 403 141 540 153 371 249 359 213 507 100
20
127 494 484 253 181 421 119 257 492 594 111 558 554 389 394 483 452 517 231 461
20
233 175 555 368 499 359 588 371 290 598 332 535 534 478 264 117 395 127 210 190
20
111 257 247 483 115 174 158 137 577 233 515 494 178 250 405 302 471 182 558 120
20
436 248 259 174 558 418 194 467 110 288 362 432 366 470 374 158 277 299 481 415
20
346 462 572 445 201 232 122 574 508 126 335 390 509 596 175 524 144 223 460 288
20
121 574 284 377 153 561 207 118 266 323 345 273 385 348 215 300 378 438 267 164
20
355 299 114 413 166 352 210 341 389 380 304 185 189 522 428 348 599 290 330 304
20
343 416 433 196 167 471 594 492 378 262 496 489 339 530 102 561 527 360 271 527
20
591 530 431 531 459 153 329 307 536 363 141 471 444 138 423 577 311 441 402 266
20
546 555 302 268 211 304 208 278 129 316 219 236 231 307 230 597 136 593 582 433
20
408 316 157 555 568 539 144 382 213 503 553 153 367 164 527 525 529 174 489 184
20
553 479 437 237 297 398 508 226 424 480 475 432 595 378 550 392 253 539 505 426
20
523 292 555 327 461 465 458 420 316 274 272 167 264 512 240 132 440 487 437 189
20
339 403 559 473 246 217 470 430 266 524 484 271 433 429 479 144 210 227 261 233
20
365 462 378 299 480 446 317 241 311 340 435 523 269 189 306 596 296 506 127 446
20
397 190 343 586 593 369 116 290 339 102 236 356 163 467 336 100 167 403 490 279
20
543 454 361 138 399 156 347 523 338 480 222 236 491 248 427 504 434 311 170 413
20
125 249 212 204 356 269 496 272 319 253 105 432 228 479 194 470 568 419 352 465
20
379 151 526 351 371 317 429 549 124 423 132 347 213 101 390 351 120 259 325 306
20
467 288 209 411 304 414 108 408 460 308 149 253 146 593 171 373 205 510 340 323
20
336 423 419 421 403 143 166 430 587 421 143 391 354 424 231 198 394 477 452 414
20
216 401 215 321 122 314 416 307 479 437 171 491 149 244 431 530 154 135 198 565
20
510 493 333 508 206 544 373 533 429 237 501 356 574 446 201 206 192 524 311 314
20
174 180 269 480 498 228 458 170 253 175 339 236 593 388 228 574 385 105 464 497
20
146 474 395 517 281 196 452 272 239 313 554 357 294 323 552 573 368 446 552 462
20
114 244 376 142 531 480 225 257 283 233 575 581 140 321 299 129 304 303 458 249
20
241 599 281 131 232 498 395 269 391 518 240 513 346 227 119 431 399 516 189 243
20
523 302 128 135 481 600 380 441 356 325 442 322 150 528 554 568 583 318 152 266
20
419 344 497 591 545 445 477 473 328 588 334 189 332 395 469 214 175 388 538 408
20
410 402 279 222 467 266 266 447 339 502 381 370 322 325 166 425 528 151 388 515
20
161 225 337 278 495 505 421 393 341 394 470 419 579 479 174 417 143 173 259 584
20
144 241 112 181 541 446 189 352 130 462 515 338 141 239 171 161 476 486 198 382
20
152 135 519 365 155 123 195 333 163 420 353 515 416 585 568 232 501 491 309 536
20
553 541 449 381 254 209 307 591 257 308 193 359 182 298 267 415 579 166 481 374
20
241 215 206 208 314 395 175 196 324 255 419 514 405 103 416 225 118 260 530 115
20
339 104 312 539 252 436 136 297 117 595 136 493 539 549 149 341 428 187 497 283
20
100 452 486 304 378 297 523 213 127 323 412 536 465 200 106 538 492 124 159 530
20
183 118 180 312 215 190 278 203 162 471 185 226 156 528 444 304 206 492 543 361
20
475 116 450 452 564 184 463 106 437 375 345 172 315 415 281 445 247 314 390 418
20
153 509 434 110 281 323 365 350 502 302 474 138 172 246 145 234 216 497 344 545
20
243 528 535 104 477 330 176 174 258 492 103 445 474 220 529 260 276 198 543 319
20
341 269 183 563 414 284 335 151 212 220 572 577 413 172 409 173 192 419 529 240
20
218 307 540 235 558 499 148 466 265 332 410 398 185 501 485 370 256 118 578 346
20
459 149 418 196 473 492 205 491 259 375 336 178 447 562 272 303 170 414 405 570
20
136 198 404 286 169 324 477 350 480 424 139 221 229 364 552 182 389 246 401 323
20
389 136 141 137 426 576 101 249 120 171 376 283 457 600 182 222 275 372 229 377
20
192 364 319 184 129 192 114 574 100 270 274 484 194 173 390 162 147 139 549 485
20
112 533 518 221 457 198 467 408 256 305 428 223 146 116 384 461 125 523 531 512
20
370 493 355 128 402 417 458 401 468 599 100 319 103 140 465 121 142 359 414 555
20
258 442 480 153 233 383 109 407 574 373 128 331 311 578 183 584 323 140 404 487
20
388 254 255 527 452 400 459 409 124 541 375 255 508 300 369 127 117 236 539 479
20
312 247 180 225 196 436 569 280 333 319 357 283 513 307 377 123 286 270 434 167
20
491 182 302 552 525 248 585 505 368 522 468 241 426 410 220 296 219 553 148 270
20
526 364 585 430 334 270 548 454 258 476 216 492 400 189 135 326 467 420 295 366
20
283 318 498 343 330 346 488 178 452 166 449 205 259 160 459 410 495 460 278 208
20
400 158 475 343 256 310 599 508 443 416 322 141 320 255 460 516 213 321 220 361
20
195 527 466 165 387 585 329 468 591 486 461 541 574 443 537 177 306 241 434 557
20
533 473 513 281 113 547 104 403 479 330 189 254 542 296 595 412 131 176 324 155
20
305 103 579 383 583 462 170 511 596 573 308 577 292 249 279 485 110 200 304 281
20
487 592 555 236 409 489 419 483 431 382 192 453 262 398 577 591 349 532 213 568
20
275 353 568 535 168 390 457 539 518 519 226 446 204 600 495 331 349 205 283 391
20
297 318 316 522 144 386 135 126 166 572 244 551 267 227 168 554 133 107 534 154
20
567 389 522 526 120 213 424 488 566 515 282 437 289 375 195 320 356 277 255 166
20
172 405 297 279 101 545 316 280 101 230 169 179 239 500 365 131 360 243 315 341
