150
20
574 590 544 582 265 169 292 284 133 461 561 282 169 170 487 286 245 550 372 411
20
456 144 231 322 371 109 509 270 292 256 187 422 506 196 501 191 453 337 350 230
20
171 329 490 161 445 458 286 406 592 533 326 191 564 130 535 372 428 462 312 412
20
450 272 250 567 520 281 444 531 442 114 185 369 537 117 508 540 173 564 250 336
20
123 285 592 110 139 404 141 444 291 301 325 172 496 333 169 536 121 239 498 406
20
209 366 540 358 334 310 523 372 396 436 132 586 422 154 581 320 287 100 580 519
20
594 558 598 364 525 434 595 365 482 467 315 432 495 577 288 426 195 475 524 310
20
591 514 195 358 410 374 320 282 198 516 429 562 410 349 510 474 484 370 186 376
20
281 223 301 534 250 158 501 158 494 180 386 361 242 243 213 503 348 181 480 345
20
441 536 218 208 199 202 234 409 186 278 558 201 481 179 539 307 471 232 190 124
20
171 214 105 109 583 252 320 159 207 411 391 193 469 531 515 509 363 405 354 147
20
542 289 134 468 110 392 348 172 203 590 142 317 225 506 170 586 587 138 494 320
20
531 488 275 537 328 270 550 492 398 504 272 487 520 381 406 390 182 337 440 461
20
212 268 151 542 522 121 344 470 189 160 138 365 595 350 184 520 459 568 455 258
20
390 127 277 417 295 229 484 410 175 185 438 422 507 365 283 573 249 566 228 376
20
552 188 311 354 131 203 391 241 394 509 233 556 142 507 496 299 425 580 458 267
20
356 293 122 125 146 241 193 321 125 115 371 558 433 507 319 501 333 518 198 372
20
169 525 229 162 517 548 394 269 568 574 522 365 527 427 545 228 437 279 307 342
20
306 490 396 258 248 477 395 434 523 105 536 526 387 300 314 127 222 342 260 566
20
295 130 521 228 413 377 541 457 495 513 471 544 161 398 471 127 406 304 405 506
20
204 369 523 572 200 433 284 446 217 158 437 280 149 129 225 392 120 152 498 452
20
213 284 454 412 439 517 236 367 238 189 434 497 573 312 222 400 360 595 367 262
20
216 316 465 525 195 208 276 518 451 311 184 132 277 177 347 464 462 436 480 551
20
427 375 104 241 444 152 173 585 255 599 481 157 303 261 520 573 335 338 217 278
20
310 595 598 275 148 377 334 588 552 151 371 571 517 375 491 244 554 257 222 145
20
116 579 446 572 278 117 330 283 238 347 533 510 445 575 531 575 559 324 466 551
20
108 575 596 549 289 155 248 328 570 234 179 126 354 151 423 435 143 277 162 389
20
583 295 165 193 387 400 259 498 289 130 407 431 391 211 226 368 354 121 398 443
20
518 422 575 517 528 528 470 351 420 214 332 433 445 445 565 563 392 594 437 130
20
479 587 405 398 348 533 298 331 221 461 594 471 172 485 244 155 548 373 173 232
20
468 221 127 344 407 377 327 541 220 362 559 186 186 261 590 347 486 572 338 550
20
339 544 102 116 263 165 110 338 569 466 255 489 200 368 217 527 402 395 452 260
20
246 247 405 549 600 127 437 525 596 115 362 421 508 562 379 537 474 139 323 171
20
573 361 196 129 293 209 159 225 412 529 518 192 169 553 280 421 254 269 459 253
20
296 564 148 177 589 411 349 505 217 102 558 338 145 420 430 271 177 136 554 284
20
514 214 183 159 566 278 563 299 278 322 361 256 371 497 306 404 522 553 554 211
20
337 169 183 450 370 191 442 284 311 159 231 586 341 558 150 523 106 529 566 403
20
549 283 598 430 599 326 165 517 362 485 533 374 149 174 592 494 451 451 143 557
20
168 436 171 338 486 521 495 465 532 475 482 407 334 163 534 190 589 111 504 169
20
536 409 443 317 287 427 542 410 494 260 541 103 131 285 433 432 381 319 210 285
20
396 246 134 488 522 458 520 419 537 213 144 334 497 423 377 394 136 494 396 334
20
328 419 201 116 458 401 544 111 421 185 327 161 408 552 194 255 115 497 286 419
20
507 485 292 396 246 472 309 391 353 112 281 345 513 412 408 564 582 208 121 527
20
592 117 545 195 527 578 314 413 588 104 118 119 498 230 272 199 536 501 297 451
20
380 381 562 174 592 344 522 275 475 436 255 161 503 435 479 332 158 321 209 230
20
144 256 318 453 477 252 477 135 169 136 196 174 501 595 253 283 104 428 336 544
20
125 453 163 253 183 383 101 356 533 379 584 407 301 538 329 526 318 174 226 548
20
575 561 415 212 202 533 533 413 329 269 123 319 234 426 530 184 504 445 441 195
20
161 441 293 177 582 114 365 546 156 212 356 273 483 279 471 372 563 383 238 293
20
347 321 416 242 522 516 519 563 265 311 508 330 339 369 247 492 266 223 247 460
20
559 220 381 142 373 572 404 423 187 156 138 188 236 532 165 245 390 170 401 114
20
453 221 403 308 548 549 462 167 447 223 307 227 466 561 189 241 408 468 150 110
20
507 438 120 272 394 584 411 378 140 230 233 581 398 133 287 243 219 489 443 145
20
599 540 585 474 523 100 583 160 368 522 356 254 516 101 373 323 164 473 316 272
20
432 447 428 491 583 296 336 184 513 309 497 406 438 363 568 268 600 187 380 272
20
269 304 466 126 500 424 304 168 163 348 462 349 430 460 259 324 275 133 531 434
20
487 423 377 282 160 163 377 331 174 381 384 463 270 519 474 448 272 272 448 133
20
287 292 125 550 433 263 404 512 173 384 452 454 510 183 487 494 185 471 139 553
20
558 464 240 138 332 459 329 481 552 193 447 249 113 391 363 521 239 441 203 392
20
276 136 317 516 374 463 516 340 200 145 293 246 134 155 572 165 465 285 431 242
20
121 129 214 350 183 215 301 565 290 402 142 476 544 568 187 594 133 436 261 254
20
192 573 445 233 426 558 308 516 486 244 558 159 266 171 421 249 166 397 256 329
20
196 221 573 180 165 313 455 117 145 126 127 309 372 213 264 282 176 378 574 322
20
514 500 581 216 120 248 124 294 406 484 349 289 490 267 375 574 371 498 398 431
20
526 252 195 396 514 235 350 507 499 551 255 455 476 276 228 259 413 549 117 477
20
382 503 289 254 171 573 256 599 547 400 213 369 410 286 116 552 213 221 581 199
20
446 126 548 457 331 181 454 578 381 209 212 362 268 466 421 587 259 109 435 156
20
480 429 383 198 238 110 288 526 219 391 370 490 430 245 337 573 126 579 300 309
20
360 108 103 331 568 460 505 461 334 264 339 296 121 370 376 490 538 426 171 372
20
314 376 583 584 377 533 338 387 169 480 102 180 582 288 292 273 329 349 234 505
20
184 103 431 589 477 404 113 566 148 326 199 173 159 195 551 280 509 478 584 182
20
266 113 595 564 324 450 257 367 481 283 331 354 358 129 534 460 160 579 340 167
20
291 417 401 408 262 548 388 426 184 377 549 147 278 585 353 302 502 291 384 310
20
311 354 385 433 163 158 415 286 404 524 291 452 568 394 144 377 513 490 118 150
20
150 271 282 115 375 134 244 525 235 586 425 583 591 483 231 137 311 529 456 189
20
102 393 393 335 430 366 280 408 467 302 550 178 341 453 579 472 193 353 511 106
20
207 204 438 171 547 441 100 165 398 249 391 107 545 105 472 541 299 585 436 389
20
216 365 193 220 514 470 238 103 482 300 564 577 513 395 331 485 374 563 556 348
20
231 273 425 166 361 284 190 322 185 412 220 524 245 246 594 216 491 138 131 376
20
301 152 306 583 500 364 456 255 308 129 220 293 482 580 191 136 594 270 565 265
20
347 188 234 262 195 397 115 247 529 576 275 324 116 600 446 424 156 592 349 235
20
451 530 433 517 198 226 370 532 117 563 218 259 540 133 309 205 172 208 547 211
20
104 561 174 561 170 225 319 388 312 594 560 231 539 172 491 420 339 512 188 433
20
591 358 221 433 292 503 506 170 317 588 599 153 341 597 362 410 456 275 345 334
20
285 558 550 354 542 363 587 315 357 285 451 589 254 181 301 224 552 288 538 271
20
398 478 422 185 139 429 176 415 170 494 377 487 453 512 380 147 234 583 561 168
20
459 479 398 508 307 531 586 489 199 158 542 471 263 355 502 260 190 102 392 397
20
237 573 109 374 117 456 268 380 576 314 340 456 542 586 474 125 586 563 200 444
20
244 155 281 515 247 147 473 592 262 572 412 506 140 307 213 221 466 344 162 285
20
370 541 528 444 204 373 222 110 318 376 439 239 439 187 225 325 462 557 337 227
20
596 568 434 258 136 402 351 366 331 195 118 369 267 118 206 577 215 401 370 344
20
124 456 541 401 455 171 332 538 162 314 155 425 380 163 582 376 509 559 578 161
20
362 431 266 252 600 108 543 366 453 484 560 233 158 208 103 402 221 365 538 544
20
425 428 196 561 497 491 534 442 349 589 294 343 221 423 325 528 549 209 165 423
20
460 392 533 227 525 562 233 215 183 586 108 388 406 288 473 406 271 452 560 191
20
595 122 264 349 578 214 336 469 585 319 122 565 218 426 397 482 523 541 519 583
20
268 162 196 295 323 198 221 485 395 384 331 296 366 546 136 460 599 193 217 193
20
426 573 188 403 314 283 279 131 353 131 514 330 480 199 302 595 136 369 140 383
20
310 230 172 573 446 226 197 143 582 137 309 191 537 169 587 264 359 558 361 105
20
319 589 234 588 586 478 530 361 320 169 551 165 473 188 553 318 481 346 243 355
20
563 316 548 224 181 460 342 350 213 189 593 406 329 477 365 331 371 147 367 261
20
547 412 321 350 296 513 555 387 396 343 125 115 171 192 558 497 345 290 144 118
20
513 251 293 119 315 480 102 243 411 505 211 373 118 405 413 534 165 240 149 293
20
217 404 592 594 104 219 126 450 444 139 344 132 545 161 368 450 270 198 422 394
20
110 356 423 152 540 534 106 405 267 107 186 585 495 564 140 177 139 490 303 301
20
416 376 448 277 431 598 408 126 262 462 573 437 230 535 465 335 564 597 325 580
20
421 553 352 540 425 155 357 299 302 261 596 335 492 484 536 437 214 592 477 507
20
145 378 475 546 443 425 506 239 306 183 415 510 333 400 256 530 103 330 576 350
20
455 530 281 207 408 516 233 332 435 519 544 209 101 343 404 349 561 566 490 526
20
540 333 226 221 241 239 520 190 439 220 215 125 266 320 409 458 469 436 446 536
20
463 104 505 187 583 336 319 127 113 568 370 566 580 465 280 111 291 492 548 446
20
459 293 494 589 397 476 114 315 350 411 418 589 278 553 365 522 349 304 185 458
20
267 368 243 161 391 415 575 341 559 434 545 409 182 179 115 309 509 588 539 352
20
297 346 481 110 131 332 585 251 139 551 191 326 342 231 180 385 462 543 121 561
20
563 526 125 169 417 389 579 381 544 199 325 142 290 150 207 180 290 467 173 183
20
205 288 548 252 391 149 527 370 199 100 349 405 582 170 223 372 599 436 418 360
20
511 188 181 361 200 326 495 491 354 529 201 535 119 350 375 466 455 304 221 414
20
236 484 441 264 480 162 550 462 469 276 330 345 166 104 561 321 143 186 525 194
20
489 121 161 230 425 469 384 336 126 307 214 564 172 407 483 138 409 107 219 353
20
326 125 178 579 256 159 405 399 238 172 189 396 260 533 457 230 206 172 174 534
20
124 510 597 192 541 202 140 492 124 198 199 106 590 472 412 136 249 533 216 587
20
222 493 316 268 256 542 484 392 235 278 443 120 123 506 149 181 297 380 445 146
20
261 396 540 596 525 214 512 306 204 299 575 325 399 209 330 126 199 394 332 425
20
110 287 202 464 184 437 247 580 282 160 344 201 275 600 431 545 574 126 525 183
20
307 151 480 553 105 411 448 291 207 130 488 371 192 512 162 558 114 108 543 207
20
304 281 184 156 165 467 156 171 257 304 271 166 477 599 340 173 129 576 499 385
20
205 536 268 446 255 509 371 262 376 229 209 544 183 476 358 230 451 370 524 508
20
233 112 519 460 472 106 383 382 317 150 196 221 140 392 439 267 120 132 429 159
20
277 263 387 470 457 498 448 333 427 512 556 329 186 487 315 182 416 570 494 265
20
124 333 335 216 171 148 444 470 182 202 260 129 351 213 210 485 356 371 481 352
20
338 276 203 270 551 136 426 296 115 584 527 405 508 422 298 185 469 345 151 215
20
341 242 250 108 180 433 294 243 576 117 207 119 163 467 296 299 346 576 213 162
20
474 136 546 296 371 516 244 479 260 125 206 141 101 257 278 165 489 414 119 428
20
338 245 359 505 535 556 168 315 434 118 280 184 484 341 276 518 429 185 239 368
20
544 600 479 409 579 183 422 410 528 269 224 395 342 351 292 105 332 312 437 150
20
253 401 553 144 476 578 482 435 159 575 270 278 112 567 282 523 165 278 254 559
20
416 154 544 324 109 308 424 399 102 408 525 467 247 458 248 258 365 361 451 484
20
592 227 165 576 240 450 522 504 519 595 220 562 256 333 471 152 546 406 576 259
20
299 135 343 357 130 240 395 441 215 515 490 427 140 269 346 134 360 250 209 290
20
487 584 236 422 576 338 514 216 196 136 178 156 437 115 198 382 357 113 226 572
20
413 263 575 553 299 345 556 481 473 101 377 471 185 349 126 456 441 130 221 513
20
554 597 367 269 473 274 257 434 440 560 386 295 570 288 249 206 478 561 549 387
20
472 265 502 183 310 421 118 433 528 113 152 162 530 207 470 141 221 219 471 448
20
338 551 106 476 265 412 280 138 283 136 512 131 364 548 510 588 571 497 453 199
20
240 460 165 248 257 512 571 354 168 585 196 600 547 272 202 294 202 164 387 578
20
465 510 585 127 353 286 329 121 431 367 516 209 363 576 335 556 446 562 104 529
20
105 481 485 287 257 230 423 113 147 593 308 369 446 520 468 394 119 471 495 574
20
105 481 451 526 313 396 228 451 151 576 548 545 399 403 483 227 137 219 100 149
20
238 521 227 281 480 523 193 248 567 455 360 275 380 461 505 564 237 274 438 329
20
170 229 494 131 589 222 325 384 517 521 230 454 225 107 195 423 229 212 398 364
