150
20
247 147 583 400 494 389 113 250 235 585 191 437 272 405 287 293 387 556 519 487
20
148 450 165 385 101 447 187 376 542 260 148 260 249 436 530 251 557 107 251 166
20
239 394 381 454 402 544 291 438 226 385 320 394 378 295 149 299 215 133 143 402
20
227 590 242 384 576 150 599 202 123 236 154 591 526 456 135 254 237 199 222 174
20
427 559 165 548 371 499 415 222 100 326 107 313 255 439 240 167 242 491 144 380
20
291 118 505 285 534 402 500 319 231 241 297 364 521 210 468 456 586 440 410 419
20
423 574 340 223 114 247 476 246 579 313 174 140 241 160 213 533 544 553 593 570
20
285 445 531 579 163 364 178 341 485 289 356 215 448 298 527 267 516 432 394 462
20
182 352 182 435 488 101 340 373 407 436 353 588 115 225 513 115 418 406 528 164
20
338 451 255 357 556 538 262 234 349 375 464 265 271 325 441 449 215 412 388 148
20
529 431 237 582 274 440 331 494 453 218 124 150 191 289 460 407 244 338 538 319
20
408 198 440 103 427 291 558 233 524 543 276 495 182 386 596 365 264 597 595 340
20
136 184 105 147 590 355 564 356 224 274 115 488 107 394 600 502 439 160 558 546
20
465 364 404 578 416 403 230 320 553 585 553 534 471 507 582 237 334 175 436 497
20
302 486 302 136 600 205 455 330 102 472 346 349 496 277 298 552 469 502 502 360
20
292 250 599 270 532 228 201 233 127 237 167 423 425 125 269 379 363 447 180 271
20
460 393 462 152 562 274 372 201 214 218 282 318 123 315 521 508 229 301 287 184
20
398 454 391 543 277 436 425 446 422 403 545 536 590 186 458 516 103 141 271 350
20
169 448 600 470 370 149 455 462 426 461 502 236 192 520 292 171 125 468 461 144
20
254 416 236 262 307 333 363 382 142 219 491 195 426 115 437 312 132 259 468 185
20
477 368 535 266 502 171 130 187 408 492 344 468 138 380 277 243 597 453 460 114
20
307 286 344 417 131 125 160 423 596 350 594 174 372 213 503 169 327 175 243 234
20
546 307 481 402 362 264 567 162 112 360 119 401 143 101 571 474 540 228 444 413
20
449 474 202 149 550 290 594 437 537 400 460 228 314 337 511 123 435 117 342 425
20
559 451 318 153 248 154 117 319 272 315 459 231 434 291 502 485 143 178 398 470
20
508 293 335 459 259 555 423 509 321 191 518 284 340 218 130 105 449 273 358 514
20
302 558 496 443 589 398 189 400 516 362 196 598 597 161 282 135 575 270 368 412
20
215 143 321 422 199 506 177 122 158 394 106 543 480 114 287 455 307 183 206 173
20
358 221 373 489 556 255 283 589 119 495 199 573 448 543 284 106 301 598 564 332
20
415 375 240 560 374 474 470 531 261 177 279 570 341 294 579 594 199 479 203 316
20
554 131 267 461 129 387 541 600 206 346 487 434 341 478 418 229 578 374 109 555
20
600 364 589 236 235 128 426 105 283 347 103 249 456 391 533 526 570 114 338 203
20
127 585 170 541 304 450 223 167 181 176 164 121 294 232 381 136 555 565 486 429
20
398 366 226 287 460 516 400 252 103 279 259 127 319 309 318 507 328 245 591 121
20
348 313 419 581 358 276 541 534 302 407 520 276 486 327 267 248 106 547 347 419
20
362 344 321 164 242 342 286 284 550 207 464 491 496 253 293 201 208 267 162 461
20
287 558 459 521 188 190 221 364 326 360 230 176 372 328 175 146 128 181 240 343
20
262 209 398 526 294 161 325 522 336 103 418 184 328 192 285 206 104 381 391 310
20
160 255 588 146 274 563 234 347 481 270 139 517 334 525 316 259 593 456 372 321
20
544 287 243 273 519 461 408 585 448 432 244 425 113 555 404 457 262 132 275 315
20
576 472 277 337 253 597 515 579 489 236 286 498 487 442 574 359 159 155 165 528
20
163 288 124 186 102 420 151 534 260 506 591 208 262 209 551 482 539 570 434 271
20
203 547 299 385 236 461 454 573 184 554 493 444 555 220 523 111 443 506 368 465
20
272 117 269 248 244 460 248 128 590 317 345 203 193 175 412 499 385 553 291 204
20
326 555 318 375 226 582 228 302 535 393 242 463 213 264 122 279 366 297 514 493
20
589 473 519 478 319 212 216 406 325 489 413 162 389 562 215 509 406 392 136 202
20
190 436 361 297 328 315 249 599 426 583 265 297 459 166 461 145 310 433 265 306
20
242 345 154 487 317 575 389 308 291 318 322 571 315 129 109 264 256 103 381 148
20
324 351 546 524 484 366 439 392 270 448 565 113 293 263 223 410 420 498 487 218
20
463 382 365 229 293 206 153 410 516 458 292 446 111 194 168 162 409 265 131 401
20
497 226 494 114 421 368 196 137 188 401 516 106 298 129 409 546 353 535 397 416
20
568 549 152 555 312 321 305 197 374 281 445 317 170 159 177 250 147 234 561 379
20
336 212 291 513 313 139 133 403 525 529 238 430 370 278 450 186 149 190 552 284
20
275 308 390 298 368 185 408 568 591 194 440 378 471 304 363 369 201 462 106 572
20
434 377 234 553 544 535 486 421 488 466 534 240 387 591 371 232 356 422 527 120
20
362 411 451 212 239 128 108 392 521 120 441 517 426 366 212 240 446 307 101 518
20
135 317 516 231 434 288 378 421 382 554 136 463 102 510 466 185 436 342 375 223
20
314 432 481 138 461 413 554 463 177 125 142 251 248 597 326 467 108 284 491 314
20
374 190 225 462 206 360 192 521 142 576 405 369 415 400 420 376 454 265 450 556
20
375 165 140 554 316 264 580 208 550 500 326 530 336 528 557 416 311 161 540 478
20
549 540 210 352 423 102 138 155 540 241 242 373 360 583 549 361 529 227 248 187
20
133 207 195 390 327 274 479 275 597 449 354 513 344 582 164 122 505 395 494 508
20
180 519 555 113 192 204 353 250 189 411 453 307 558 499 311 598 585 199 400 266
20
167 425 212 262 444 441 252 165 164 442 474 574 159 540 295 458 201 195 236 599
20
272 319 566 175 245 234 400 274 223 147 486 517 274 242 264 184 265 378 138 227
20
158 113 537 561 244 402 589 289 305 553 230 316 227 113 532 473 240 476 337 468
20
416 452 332 441 146 445 476 267 132 400 136 406 168 347 533 240 305 117 224 352
20
569 407 193 417 395 452 243 454 253 170 569 387 219 342 456 481 188 301 124 409
20
204 466 111 347 383 192 181 150 422 496 392 575 270 589 138 406 226 302 407 594
20
409 552 530 232 585 118 209 209 383 274 360 502 137 508 584 242 110 248 503 340
20
410 115 238 385 494 488 471 462 351 475 112 571 418 521 285 440 142 265 459 367
20
270 127 587 573 484 302 200 569 462 446 311 249 362 331 469 366 497 160 536 398
20
507 118 362 237 483 578 504 248 402 476 245 255 481 169 496 392 162 529 161 572
20
210 288 130 555 512 364 250 325 421 151 314 533 146 192 150 374 383 148 110 117
20
157 522 392 165 214 148 283 550 521 404 299 459 431 397 174 217 134 373 286 359
20
381 265 392 346 261 442 422 426 348 473 411 272 120 470 354 542 248 209 549 310
20
443 204 570 437 532 529 341 367 205 409 595 183 187 453 438 111 583 455 314 564
20
411 297 438 136 578 534 444 230 331 599 373 297 371 248 489 387 587 453 555 327
20
466 162 331 432 287 172 317 140 335 514 482 574 424 580 244 507 176 328 132 369
20
184 137 415 512 217 291 371 313 409 334 427 440 578 391 357 103 402 260 432 399
20
154 172 420 529 338 461 288 139 351 585 456 132 470 489 376 345 183 223 175 469
20
350 199 545 240 426 486 269 219 152 471 280 374 234 425 530 305 131 426 176 512
20
562 230 598 346 222 421 528 147 505 580 498 142 280 438 471 598 103 512 178 587
20
498 460 139 234 296 585 497 219 425 433 446 389 510 492 174 322 426 402 564 227
20
494 214 297 484 446 435 274 534 257 557 409 219 287 513 197 517 539 281 166 158
20
150 486 397 293 498 580 190 142 318 202 111 429 531 145 391 480 159 409 471 182
20
168 537 543 484 394 428 181 319 238 326 319 142 400 324 457 204 539 372 112 272
20
428 283 465 307 545 350 208 600 485 238 150 562 122 510 538 548 443 215 319 267
20
473 157 252 475 387 440 262 388 161 145 274 481 110 479 286 417 567 426 373 438
20
264 560 597 520 294 258 549 180 563 351 523 425 481 198 182 327 543 585 476 162
20
427 214 494 413 286 337 257 444 443 388 399 210 560 358 321 574 475 511 490 232
20
428 360 291 311 210 573 519 152 574 350 423 115 370 243 206 591 259 583 317 465
20
378 143 166 279 267 409 164 592 296 490 238 447 537 508 375 352 464 586 119 507
20
199 423 424 121 439 349 157 487 305 417 315 491 414 498 197 504 564 578 584 569
20
376 272 378 534 505 513 414 576 526 235 594 536 345 313 386 340 263 549 393 350
20
224 437 132 580 471 568 317 259 456 475 382 404 161 125 186 405 384 505 115 289
20
399 348 517 390 207 588 565 280 429 399 182 554 237 307 108 267 285 407 100 505
20
236 477 368 556 569 150 269 165 335 329 225 479 447 155 373 595 394 587 398 186
20
585 488 537 394 285 173 564 149 467 563 190 414 434 122 349 225 218 422 356 265
20
299 294 187 353 413 266 179 319 421 318 436 450 394 432 467 343 218 205 273 179
20
130 448 384 527 553 532 599 308 415 487 230 584 402 377 262 486 565 316 535 342
20
479 576 400 292 587 507 595 410 422 442 151 215 419 279 572 274 490 397 558 593
20
118 210 341 378 219 432 583 495 375 139 209 189 317 297 400 185 586 399 105 578
20
577 176 336 418 455 166 550 186 290 408 531 370 318 348 566 477 562 459 132 403
20
456 198 199 135 475 183 226 205 422 413 576 336 368 214 219 329 366 257 174 167
20
465 457 181 112 243 388 352 584 182 248 357 315 446 291 492 556 193 591 344 266
20
511 399 260 373 118 259 513 132 344 175 108 377 224 438 284 115 139 371 295 364
20
278 271 363 496 272 463 378 345 152 403 391 112 513 405 382 176 425 406 138 437
20
105 550 274 228 134 138 120 104 434 550 471 104 537 259 542 292 230 248 359 485
20
303 427 172 424 108 161 499 303 152 521 469 372 413 541 512 555 332 567 267 122
20
283 479 510 110 437 582 352 490 498 268 452 321 254 500 537 565 155 303 404 114
20
236 519 472 124 490 200 337 111 600 423 182 169 576 210 379 401 273 558 399 155
20
426 467 225 317 142 381 136 173 419 544 327 496 302 505 583 535 225 207 215 465
20
318 185 597 501 475 369 334 172 213 421 341 415 144 414 420 362 561 162 358 216
20
134 186 236 210 590 189 253 502 338 214 558 403 344 346 448 130 383 126 438 581
20
551 240 443 541 255 189 187 276 140 282 455 534 335 362 315 591 310 482 589 194
20
375 497 334 552 520 123 283 524 481 518 503 442 530 360 327 407 305 245 594 468
20
452 254 425 568 572 520 499 162 394 317 478 128 554 513 161 498 309 154 295 528
20
563 368 426 431 162 149 382 221 508 323 372 586 595 300 304 192 491 513 404 217
20
141 250 303 448 223 330 249 516 422 400 456 331 418 418 371 563 336 536 365 565
20
222 547 446 305 293 145 434 293 237 231 172 287 361 333 406 409 376 499 330 331
20
161 301 265 358 239 518 159 578 567 455 232 328 465 400 461 287 321 596 369 427
20
560 307 189 313 183 426 224 440 500 258 449 518 218 470 189 555 121 469 376 582
20
525 494 197 433 122 560 559 586 355 125 331 495 116 432 449 142 546 137 252 561
20
310 425 147 138 587 219 477 324 118 493 124 212 104 425 383 581 294 466 446 109
20
598 504 104 593 386 109 546 102 489 127 327 277 549 328 398 572 447 197 314 294
20
510 359 528 448 391 145 290 177 453 587 287 350 424 441 550 365 229 598 511 538
20
431 139 450 474 423 459 182 115 587 501 487 235 136 353 581 165 194 162 354 527
20
422 532 276 187 446 493 387 337 500 425 302 176 299 590 199 348 586 311 179 465
20
133 338 131 425 289 504 492 106 239 503 356 166 291 217 372 209 393 445 170 299
20
129 352 319 553 254 141 470 493 338 261 202 361 175 229 236 552 115 296 269 507
20
589 312 341 289 587 578 438 558 595 314 557 431 274 400 492 393 552 307 325 417
20
454 533 375 538 284 422 283 373 569 537 494 107 387 330 166 357 166 192 557 431
20
187 307 193 477 494 439 241 259 232 113 147 191 269 136 331 515 219 232 491 334
20
380 334 316 176 127 136 233 567 169 358 443 176 584 228 342 236 394 102 551 311
20
160 587 128 251 390 433 250 440 367 400 462 293 518 520 290 445 497 124 539 380
20
140 566 314 271 499 440 436 530 469 522 190 465 586 441 170 432 597 419 278 452
20
571 540 501 477 130 326 114 596 331 171 439 271 220 335 339 361 228 549 490 172
20
292 265 294 416 157 149 145 289 332 416 486 208 177 365 269 288 128 407 592 363
20
156 570 113 529 154 505 253 184 471 570 149 442 348 588 271 335 133 195 175 321
20
524 205 115 291 540 138 272 295 446 345 349 352 136 487 528 587 414 180 432 524
20
455 308 191 507 467 386 267 336 319 562 352 195 421 403 559 461 496 283 484 412
20
425 248 414 502 136 105 102 429 165 262 361 211 343 245 284 507 301 527 546 226
20
424 323 353 137 409 308 330 280 347 516 351 160 462 115 497 171 157 446 236 356
20
101 516 253 225 141 399 189 460 600 300 588 139 430 139 315 230 338 540 107 521
20
345 230 228 548 442 209 426 212 308 393 135 443 249 529 281 157 190 529 197 253
20
525 196 476 489 130 517 424 525 155 526 230 348 203 327 517 352 501 235 453 133
20
567 293 139 580 228 367 139 407 595 364 384 323 291 173 228 331 429 295 231 293
20
397 215 556 269 128 586 174 389 267 459 185 206 521 159 227 352 256 418 109 424
20
536 136 184 410 499 303 474 427 374 569 310 298 407 246 474 470 164 310 451 575
