150
20
464 190 376 338 102 357 175 458 171 202 298 186 327 476 295 325 187 113 238 371
20
298 280 598 158 272 271 144 253 538 314 560 242 150 334 494 241 263 429 112 381
20
297 551 485 317 557 586 494 503 181 462 330 552 194 594 404 571 260 390 214 236
20
491 291 430 199 468 290 118 216 251 182 507 559 568 392 473 358 452 293 197 527
20
418 217 331 515 179 499 367 367 436 600 387 569 323 311 192 110 149 459 449 228
20
418 517 140 421 597 511 235 551 228 421 339 308 582 421 535 379 287 481 432 265
20
282 571 202 203 137 393 595 368 107 203 154 559 365 430 449 151 367 443 209 555
20
566 453 163 568 155 229 417 432 505 438 286 216 184 439 233 487 418 151 242 189
20
155 144 222 307 404 478 224 130 165 388 282 110 299 435 216 205 458 339 523 533
20
174 406 123 577 210 378 241 456 295 584 336 591 475 289 149 410 410 335 299 462
20
295 120 190 181 519 111 103 235 331 143 280 274 375 157 285 450 349 111 339 516
20
578 564 554 311 163 289 410 432 133 385 527 313 387 338 380 530 474 475 385 566
20
352 420 235 563 372 213 101 387 432 470 460 205 370 442 356 575 303 196 417 474
20
158 507 320 352 126 384 210 297 597 183 441 518 180 228 325 244 529 398 239 235
20
140 243 204 550 425 209 268 525 264 236 484 278 409 168 317 351 284 600 532 587
20
294 405 585 364 389 117 159 424 467 477 104 528 472 302 418 587 306 385 358 402
20
100 142 460 442 389 459 277 217 312 538 195 443 281 432 449 111 210 380 328 320
20
171 179 289 243 100 461 128 577 291 589 297 216 141 277 384 107 507 339 421 219
20
498 551 471 356 592 599 141 161 568 591 550 424 487 223 397 478 495 556 195 326
20
486 443 183 383 445 484 269 168 591 313 157 585 204 513 549 554 231 558 427 207
20
228 385 555 270 281 393 334 387 271 278 251 540 525 489 366 383 112 193 569 562
20
562 415 521 479 455 282 511 558 177 570 109 460 307 275 140 353 345 154 123 535
20
129 189 214 342 597 543 235 116 575 409 184 302 581 193 352 157 299 590 319 383
20
305 407 233 434 415 547 126 195 277 525 186 487 133 115 227 579 492 522 597 170
20
422 504 323 438 559 448 580 215 591 275 419 297 159 317 256 530 495 430 326 221
20
498 558 449 277 180 355 426 141 301 297 227 526 348 235 544 505 247 558 416 438
20
516 331 466 470 568 250 480 507 141 155 412 319 491 183 316 209 140 401 239 532
20
506 511 241 188 550 204 326 214 538 139 248 353 578 439 290 269 516 518 391 452
20
397 307 300 522 582 183 379 199 148 355 244 184 527 222 339 177 229 461 457 348
20
388 232 159 140 438 510 558 159 428 423 156 149 130 523 205 553 544 523 415 291
20
461 241 535 144 359 179 180 127 441 418 316 595 489 521 190 593 486 487 330 195
20
419 358 173 414 330 125 595 242 569 110 255 459 452 582 316 170 474 211 270 247
20
269 216 238 359 265 527 255 410 440 492 257 394 248 226 130 186 441 476 261 393
20
190 430 232 324 588 395 563 406 598 412 151 194 556 321 427 495 517 552 336 515
20
109 557 367 239 287 335 193 219 392 232 521 271 185 501 211 597 222 172 590 235
20
440 117 509 393 213 424 116 401 171 507 349 551 600 165 280 555 432 545 394 329
20
135 200 236 358 558 566 513 296 382 408 369 242 586 376 128 130 105 394 282 535
20
535 548 204 243 345 199 143 322 485 350 266 449 524 561 441 400 385 376 277 495
20
511 158 197 278 100 568 157 289 209 116 443 512 543 126 229 294 220 227 357 172
20
427 337 386 125 246 555 236 506 170 448 441 487 167 249 546 123 258 147 130 302
20
226 173 136 119 226 476 538 342 336 299 137 454 269 106 142 119 367 123 252 486
20
167 587 597 283 489 111 185 337 148 220 265 325 299 509 595 193 365 155 437 104
20
457 523 313 387 168 483 228 260 127 551 488 126 187 570 415 282 585 334 263 483
20
559 276 106 298 149 228 112 204 342 327 181 148 382 348 311 236 193 205 394 526
20
500 269 533 386 351 467 575 156 521 393 387 282 102 212 133 150 524 338 494 191
20
472 219 240 105 136 493 477 385 394 170 280 135 380 236 184 216 123 183 255 232
20
308 593 338 470 119 398 544 168 173 406 113 320 308 127 435 193 497 111 176 345
20
203 366 332 384 558 281 488 395 345 113 453 504 437 175 447 379 338 212 174 498
20
216 477 161 314 543 245 342 220 600 372 533 522 521 200 249 168 139 110 553 388
20
291 229 227 342 380 233 554 189 531 164 399 209 126 146 489 201 302 345 521 518
20
333 538 330 523 574 491 173 106 314 126 182 186 324 476 161 441 530 316 389 372
20
214 591 449 600 458 442 584 153 311 106 114 468 183 574 342 597 376 283 522 355
20
489 512 127 103 307 596 425 391 540 236 556 172 482 186 556 212 114 346 137 434
20
247 264 217 152 499 401 153 292 480 572 159 112 572 122 391 493 347 178 149 494
20
509 454 474 213 343 167 403 561 148 295 442 262 271 162 530 219 415 162 116 251
20
167 413 265 479 217 129 273 145 587 182 329 100 448 188 253 242 462 285 583 304
20
257 481 484 467 251 391 202 413 381 142 391 473 177 479 221 188 530 338 498 560
20
353 166 437 340 276 501 216 209 423 463 283 227 569 572 244 485 469 472 368 557
20
164 177 145 249 565 374 152 593 189 173 471 370 303 300 196 221 522 228 358 519
20
245 125 242 573 142 589 458 127 441 593 555 562 204 328 108 204 153 403 268 575
20
256 339 330 460 116 225 205 571 494 142 126 518 145 206 328 550 307 362 599 376
20
558 507 324 108 412 594 207 415 523 216 439 465 524 301 267 537 369 326 508 397
20
202 257 361 430 370 569 116 554 177 545 373 107 427 497 135 478 556 484 490 476
20
550 481 128 564 151 148 259 565 275 317 443 565 516 161 308 461 343 325 131 232
20
164 593 107 421 326 338 434 227 208 320 559 261 398 474 574 535 492 199 169 132
20
237 319 162 486 348 541 479 368 375 208 484 348 142 583 182 366 533 169 138 546
20
443 594 600 385 530 336 101 485 191 196 534 243 280 147 548 289 494 291 305 228
20
370 180 346 234 538 173 282 520 532 558 545 358 154 152 518 593 482 368 283 594
20
433 220 504 266 569 167 585 397 189 381 244 144 147 514 110 312 193 217 570 146
20
138 501 448 412 529 268 112 481 130 265 345 490 572 356 296 367 312 254 351 205
20
164 444 256 191 500 150 280 160 153 315 536 307 354 197 451 276 496 583 206 147
20
384 163 356 267 188 270 107 575 227 578 568 521 550 177 355 419 319 455 289 285
20
333 447 346 207 492 563 136 458 578 198 487 219 145 587 375 269 445 505 597 411
20
115 426 331 556 385 190 191 436 391 108 338 579 369 323 270 196 258 214 425 534
20
146 412 243 496 591 418 264 548 372 483 317 168 201 598 205 117 513 565 481 471
20
354 451 448 389 493 594 220 564 312 517 454 372 454 261 106 226 574 185 594 477
20
162 572 162 341 451 555 272 414 396 507 327 545 408 486 243 596 571 417 394 157
20
139 563 430 568 147 356 276 277 415 154 472 579 411 225 535 288 481 568 198 518
20
148 345 569 466 564 227 493 388 455 219 411 553 553 198 557 408 498 287 498 404
20
347 235 573 257 125 170 302 439 504 438 557 265 140 409 249 316 456 544 471 164
20
455 305 581 275 414 170 324 434 379 275 308 118 558 150 386 472 348 332 553 182
20
115 563 343 153 142 485 587 202 489 421 368 292 151 574 139 538 534 525 164 382
20
341 202 413 346 379 102 276 573 311 588 303 242 252 523 527 463 579 322 543 337
20
274 160 302 201 484 488 550 439 362 218 364 371 204 267 225 330 536 379 246 315
20
265 283 157 434 169 269 296 287 134 324 217 462 136 598 141 344 297 327 342 160
20
171 564 537 588 543 223 439 448 454 219 188 437 397 573 570 141 426 309 554 345
20
444 318 503 171 392 251 352 290 283 171 419 567 555 409 204 475 536 415 431 416
20
519 515 542 510 397 275 446 556 393 556 331 312 367 456 378 506 364 365 158 517
20
115 460 249 314 296 121 169 188 206 373 185 177 548 468 516 200 134 594 554 417
20
394 577 592 581 488 321 396 542 373 242 489 564 499 437 215 388 457 199 444 130
20
392 494 464 239 197 288 167 193 191 465 250 236 347 390 302 357 117 297 271 284
20
535 208 495 547 343 322 396 352 243 123 502 520 469 538 541 185 457 503 547 407
20
576 370 272 549 239 447 232 447 312 417 590 573 389 558 533 481 225 225 566 405
20
302 235 228 117 310 544 243 369 345 423 546 132 268 322 307 150 189 190 418 245
20
176 310 477 157 161 360 379 174 131 315 475 589 238 312 408 218 530 425 549 543
20
191 498 161 233 103 473 517 442 337 433 207 583 333 283 209 548 155 243 368 132
20
191 323 407 460 163 522 166 461 441 292 142 317 427 405 532 526 424 449 305 263
20
565 138 368 118 220 534 209 591 460 113 180 328 367 137 266 386 124 204 369 153
20
179 595 498 595 376 262 342 396 589 527 269 192 193 578 505 307 144 159 260 551
20
592 380 301 563 122 460 186 450 185 410 204 444 515 143 245 296 428 209 302 110
20
316 372 409 307 226 507 567 535 161 469 318 177 523 274 558 225 410 231 499 152
20
509 570 363 315 143 186 204 335 159 559 298 142 243 356 238 586 170 474 191 476
20
264 180 380 223 355 508 263 401 368 453 245 454 513 531 469 181 148 340 227 445
20
139 582 205 427 163 533 246 195 528 120 164 110 373 228 382 450 294 289 255 545
20
403 398 390 179 187 363 173 108 500 241 307 546 261 216 595 421 471 531 165 184
20
366 263 273 549 100 115 185 357 138 522 296 232 245 315 182 253 337 493 519 224
20
105 577 111 359 600 227 326 201 391 484 233 299 479 203 525 140 255 468 324 225
20
105 575 131 341 134 479 222 558 269 232 453 178 216 116 219 134 318 338 348 560
20
497 406 366 234 160 367 282 357 444 494 186 281 567 371 257 598 130 279 192 305
20
234 213 329 374 123 572 430 557 409 387 171 348 600 337 282 466 309 419 233 523
20
395 298 497 296 222 462 112 320 204 435 188 560 569 445 448 575 264 437 345 385
20
185 435 325 147 239 438 268 111 118 251 581 430 139 539 575 165 170 257 540 572
20
151 415 225 401 490 289 285 598 301 436 504 184 461 553 465 490 227 172 584 478
20
378 245 540 269 141 405 342 502 478 408 438 165 472 469 400 325 214 437 310 119
20
467 584 166 570 185 144 366 412 361 539 243 168 501 147 229 356 427 376 206 300
20
427 465 485 391 399 562 115 215 567 428 401 421 115 556 472 323 494 533 136 260
20
200 522 368 295 472 400 104 501 273 513 579 296 124 146 563 600 554 234 393 403
20
561 325 451 327 368 259 381 477 453 542 498 180 477 142 370 187 293 247 204 492
20
160 422 277 135 123 487 315 160 571 562 196 325 475 228 121 177 186 207 534 411
20
232 504 381 466 126 249 433 256 213 579 566 492 183 541 273 175 206 310 329 178
20
423 136 387 463 136 360 546 137 546 222 578 203 211 515 429 166 419 526 125 298
20
452 438 522 438 341 449 124 294 437 127 359 170 423 590 358 279 546 535 149 174
20
216 169 548 362 261 405 156 485 348 258 161 231 586 401 203 379 565 480 409 538
20
309 394 390 453 568 419 461 480 311 504 285 187 251 203 227 251 525 296 365 456
20
198 293 173 448 354 132 322 409 169 152 547 503 515 285 296 168 238 512 280 373
20
266 412 112 139 268 488 541 145 308 548 529 192 555 167 585 108 592 168 193 102
20
128 430 586 276 544 387 102 560 591 221 328 347 464 141 595 275 481 224 150 468
20
411 118 446 514 581 574 168 271 273 362 150 325 461 483 162 119 530 361 547 186
20
538 176 456 463 145 284 413 528 266 576 495 336 141 145 221 598 155 125 128 313
20
237 155 178 467 571 368 528 471 176 458 228 409 140 194 402 478 574 569 155 180
20
161 240 511 269 289 269 485 525 595 512 364 235 134 432 600 108 152 486 302 569
20
351 268 169 394 568 387 156 432 417 133 243 192 182 179 127 234 383 242 122 581
20
323 545 104 113 364 165 458 533 129 565 510 412 587 564 109 208 548 494 269 432
20
208 250 149 564 537 178 302 134 146 430 331 442 574 502 568 301 263 354 470 548
20
504 361 398 291 385 534 427 478 488 338 267 348 298 406 501 337 150 226 440 237
20
383 299 577 321 528 368 113 111 512 576 371 571 128 233 224 161 104 296 429 193
20
573 429 544 120 398 406 178 502 251 529 319 307 579 105 529 404 303 472 546 476
20
597 290 129 466 289 250 495 310 233 165 448 450 134 343 404 367 473 264 119 420
20
313 568 533 145 342 362 265 233 494 383 508 372 255 296 309 385 553 266 299 110
20
600 455 297 465 252 166 531 241 300 342 198 279 505 345 319 239 101 471 530 548
20
143 451 165 373 495 480 438 550 476 359 264 588 253 273 241 567 287 379 100 313
20
497 486 465 200 191 272 159 460 499 286 417 193 363 579 303 247 348 472 420 228
20
474 192 170 530 359 299 221 183 184 353 429 401 313 111 427 578 136 521 402 345
20
573 107 402 385 158 243 363 476 268 518 420 109 485 436 298 345 305 566 313 116
20
328 174 530 340 407 297 445 398 506 289 471 354 108 120 107 384 223 447 225 323
20
216 234 410 554 568 529 332 266 296 348 458 496 300 332 456 472 326 448 160 435
20
500 242 396 409 149 468 400 472 244 554 182 166 111 112 435 135 334 354 376 140
20
357 256 167 103 379 344 171 395 482 328 217 162 559 475 260 411 125 326 561 292
20
167 588 556 198 218 304 215 221 600 145 365 179 406 412 440 308 226 598 255 128
20
356 257 211 277 154 178 577 581 558 306 380 408 178 505 416 199 575 316 507 145
