150
20
508 582 237 541 549 184 418 480 356 145 525 276 468 578 327 471 564 445 233 161
20
124 221 555 329 121 365 430 551 347 529 369 224 544 496 571 126 427 284 201 133
20
216 201 115 101 461 199 554 270 440 448 264 128 483 415 284 158 212 138 274 167
20
367 508 143 419 169 236 147 301 503 547 156 154 290 533 152 594 156 581 515 273
20
103 410 111 598 229 446 237 280 457 261 389 402 202 118 108 582 218 458 517 581
20
327 285 599 319 186 395 428 409 592 146 551 407 194 316 288 403 177 546 288 455
20
348 298 547 531 155 353 365 282 108 517 257 223 147 339 263 440 228 253 369 156
20
241 599 148 175 103 246 118 593 594 177 402 275 519 288 483 228 256 557 189 240
20
123 344 106 156 388 285 367 199 166 598 510 286 502 256 586 138 478 339 565 557
20
177 290 185 469 171 117 452 193 489 177 310 245 406 544 396 266 289 485 339 455
20
575 117 598 176 454 433 202 241 177 426 182 406 337 404 477 274 238 123 184 546
20
484 424 384 169 527 442 112 565 393 404 131 471 100 277 561 455 384 227 299 201
20
552 116 437 296 283 167 455 305 388 408 439 349 461 338 168 415 500 196 592 155
20
453 493 346 496 166 237 225 227 191 550 523 466 215 204 277 398 315 277 305 255
20
458 583 600 252 472 463 263 167 562 234 277 493 384 580 139 524 513 481 128 294
20
384 425 339 220 370 365 575 151 493 300 122 166 495 504 232 452 161 506 464 314
20
510 552 280 502 388 152 365 348 413 156 383 117 533 171 402 212 432 425 566 314
20
334 302 561 380 304 465 198 355 195 519 201 588 230 569 188 422 494 123 597 539
20
146 589 181 180 185 567 358 220 530 518 497 255 200 328 259 299 428 358 395 258
20
165 234 197 363 476 501 457 143 249 117 597 583 382 103 428 505 150 471 286 274
20
467 123 245 494 418 332 467 277 308 320 508 137 304 420 179 256 121 336 161 580
20
149 556 382 232 238 488 488 532 333 417 396 579 394 192 189 274 542 341 278 466
20
503 119 114 202 240 545 154 438 175 148 338 454 466 544 596 578 120 121 552 147
20
233 476 374 145 570 511 174 579 117 503 361 551 357 225 309 273 433 323 499 486
20
192 562 305 291 356 378 472 338 216 516 540 206 526 191 563 462 219 428 509 377
20
586 429 581 546 466 515 368 271 132 573 319 451 458 539 157 387 245 154 267 133
20
542 495 491 230 257 256 162 308 283 160 279 403 582 310 558 567 403 220 462 297
20
285 480 125 489 153 513 186 577 349 539 334 349 560 393 381 539 506 581 421 329
20
311 590 571 418 540 109 185 128 598 590 441 584 297 322 203 455 486 167 370 437
20
474 588 329 578 554 294 589 146 129 231 408 456 337 114 237 110 240 582 134 152
20
361 466 363 149 496 405 556 420 267 211 309 235 286 396 440 416 468 468 444 588
20
554 351 584 175 507 451 442 464 388 386 428 543 527 554 225 458 496 250 120 249
20
407 544 571 246 555 371 157 273 334 448 316 319 295 397 445 587 390 331 366 417
20
184 416 409 489 309 595 303 401 589 403 206 401 301 522 208 531 408 401 484 256
20
220 582 537 140 508 130 420 193 204 553 140 126 386 155 262 245 520 107 565 133
20
461 343 572 268 108 366 165 551 229 151 275 375 176 256 457 109 156 211 348 383
20
175 458 481 387 589 383 277 364 446 308 312 599 543 480 119 548 242 389 287 423
20
464 561 167 528 458 296 296 154 246 413 372 249 359 555 320 504 599 344 224 233
20
254 396 545 380 335 196 472 599 315 471 569 541 136 378 227 453 276 193 500 592
20
315 443 578 188 531 105 296 430 540 377 493 232 464 352 327 432 342 152 484 427
20
477 508 351 204 363 258 484 528 329 560 470 199 597 394 575 215 194 558 143 563
20
423 166 353 438 502 577 332 553 179 499 333 130 145 253 231 143 267 455 431 437
20
391 498 278 520 250 446 125 128 509 110 549 565 111 538 245 113 364 416 338 542
20
251 426 543 548 509 236 581 530 120 417 138 582 552 234 152 350 411 286 340 417
20
575 427 583 359 443 257 105 525 409 235 467 364 519 268 169 434 340 371 336 103
20
481 499 109 380 534 475 470 237 189 283 289 405 233 505 486 433 256 349 573 596
20
280 254 172 123 343 389 481 294 470 321 211 381 143 394 295 407 197 187 212 244
20
518 340 508 441 481 216 288 287 329 203 319 441 137 202 216 344 474 283 441 276
20
145 159 498 389 274 468 444 205 257 329 185 321 366 128 581 519 195 223 214 406
20
371 401 194 327 450 528 130 546 363 500 159 498 139 105 254 133 115 252 477 256
20
302 145 181 415 429 432 174 227 133 148 251 436 434 162 252 250 473 267 324 562
20
344 421 300 146 416 459 397 306 579 293 494 455 250 225 341 174 568 245 261 598
20
417 484 538 226 419 534 245 159 462 524 143 380 273 556 465 269 162 176 437 497
20
185 311 553 139 532 131 402 151 290 506 342 126 298 265 443 447 210 390 411 387
20
413 346 355 293 501 128 261 187 522 297 260 240 464 246 125 368 506 596 249 474
20
335 386 374 444 297 336 236 257 208 362 306 233 353 581 482 118 399 368 473 441
20
528 115 431 175 118 305 377 560 367 274 566 381 163 538 535 182 190 470 169 170
20
447 436 239 501 127 279 505 326 100 167 405 490 407 352 342 374 551 415 310 241
20
120 195 593 552 332 404 208 579 541 162 417 586 103 157 300 101 598 542 425 397
20
479 123 147 405 488 411 375 305 506 287 521 249 313 177 384 285 270 379 378 398
20
336 258 566 360 207 177 564 269 578 126 441 595 556 523 449 354 242 500 414 277
20
521 401 244 260 338 468 195 553 553 554 116 230 124 375 100 354 192 229 277 582
20
318 536 333 391 479 149 570 146 306 580 296 591 407 279 313 557 208 414 404 509
20
421 514 433 117 273 407 468 216 397 458 185 173 496 512 442 147 454 542 209 268
20
129 332 255 324 489 174 434 202 149 234 162 153 135 489 293 586 201 271 502 187
20
115 484 318 275 580 392 332 250 536 484 216 118 376 206 213 541 235 579 384 538
20
241 387 405 411 197 529 496 380 521 515 478 477 102 227 358 113 421 451 333 229
20
398 383 149 129 409 494 513 114 136 323 290 516 298 143 509 409 465 510 499 245
20
102 274 162 209 443 308 573 284 354 451 465 474 319 127 223 208 571 173 102 429
20
300 564 262 370 366 167 188 391 110 287 309 453 130 459 524 119 454 351 529 464
20
293 367 129 276 437 507 129 471 362 424 546 598 341 351 586 215 322 135 103 441
20
163 528 156 395 351 133 523 222 251 471 474 503 358 501 357 597 457 421 296 507
20
363 414 213 396 194 152 342 361 290 235 249 484 590 562 406 196 259 284 298 327
20
224 544 179 374 402 181 114 474 278 313 428 557 203 504 502 171 359 469 159 467
20
516 319 317 573 360 284 388 366 169 518 111 104 177 308 465 289 159 121 343 241
20
461 380 589 158 298 404 381 583 213 530 456 577 285 321 245 483 450 257 401 592
20
367 551 188 130 184 270 490 175 418 488 489 577 577 187 333 194 116 448 209 567
20
588 301 362 433 409 180 385 128 343 446 162 120 141 344 537 545 157 216 543 439
20
175 116 139 191 578 594 496 311 448 228 238 364 408 252 271 485 186 195 121 129
20
330 348 417 367 543 479 152 557 340 146 174 424 173 135 169 286 577 285 530 163
20
505 273 367 324 411 313 195 183 394 402 324 586 575 542 347 355 192 575 361 295
20
513 265 158 351 404 278 274 191 279 186 509 318 143 262 458 513 261 424 489 549
20
134 421 291 336 381 335 420 424 401 428 246 376 126 367 509 267 169 153 216 418
20
285 344 375 476 223 267 168 496 213 421 431 166 292 271 316 173 100 192 205 421
20
483 287 356 139 401 405 104 266 437 379 507 501 379 176 309 409 147 112 547 331
20
278 294 220 437 150 330 329 153 217 427 121 471 229 442 597 544 342 321 478 183
20
270 261 267 158 313 305 152 209 500 237 404 256 541 531 420 275 346 300 234 546
20
358 380 288 215 318 203 218 209 524 244 179 107 406 357 411 508 420 560 111 425
20
580 431 464 311 381 110 565 107 568 412 194 254 431 600 390 112 551 528 307 425
20
406 475 419 417 464 142 120 481 205 541 516 242 478 156 106 154 522 270 241 277
20
397 281 303 147 443 411 197 442 126 359 333 583 400 320 435 112 351 432 250 555
20
185 527 569 442 281 584 442 388 116 351 359 439 228 239 199 139 431 156 280 445
20
359 430 189 135 567 452 579 188 542 449 375 456 385 527 330 103 419 538 316 394
20
551 184 351 167 138 167 262 168 496 223 535 461 230 170 577 517 186 345 420 179
20
267 223 520 525 499 327 596 486 161 405 263 290 568 553 167 557 495 567 580 230
20
207 300 389 428 371 249 393 447 173 149 337 454 565 535 144 322 225 568 199 351
20
491 570 128 342 265 178 279 326 222 190 405 395 522 240 262 544 283 362 171 377
20
191 580 222 105 553 347 424 368 110 368 528 251 493 600 447 195 129 270 375 183
20
597 113 103 291 101 357 476 125 137 121 356 351 175 594 467 332 480 200 538 157
20
373 413 171 306 564 356 254 433 137 391 544 201 293 564 432 105 400 180 213 369
20
446 525 284 408 429 547 165 225 294 570 153 101 107 179 548 574 184 110 408 384
20
478 399 363 351 584 356 148 275 339 213 189 183 430 376 260 432 592 319 462 239
20
199 445 426 544 428 490 113 378 309 225 580 104 498 227 492 574 568 594 507 115
20
366 406 200 558 543 545 452 408 533 138 195 108 544 280 182 317 164 374 504 463
20
450 477 127 154 347 583 152 301 541 550 181 529 441 587 539 348 185 323 367 386
20
572 195 539 153 462 336 154 268 118 524 518 198 111 274 520 520 234 508 437 119
20
495 480 579 482 315 394 508 297 587 302 151 120 569 270 195 189 535 338 310 515
20
265 496 170 114 162 588 515 476 310 183 230 351 501 180 352 358 158 276 427 568
20
132 250 472 259 108 530 129 221 576 310 518 169 337 328 291 564 525 266 295 390
20
527 499 198 325 246 302 446 125 370 569 171 270 152 582 490 555 138 357 230 482
20
527 408 154 353 518 441 320 354 411 589 438 509 403 296 115 385 108 326 389 206
20
482 567 194 269 316 565 247 308 288 118 128 543 187 410 324 343 454 192 188 420
20
216 530 464 138 158 553 525 369 491 378 416 587 315 355 259 113 480 390 101 300
20
544 197 103 425 453 275 415 592 385 562 556 421 214 308 520 255 181 334 333 276
20
417 511 413 377 395 129 154 584 121 584 224 444 241 500 397 317 382 242 294 449
20
425 343 374 540 289 308 156 175 380 183 461 306 232 570 310 397 356 592 124 148
20
554 594 293 202 340 265 519 363 110 327 184 298 319 555 439 127 313 433 103 495
20
333 232 206 489 403 132 339 488 346 199 456 122 110 553 524 233 314 132 515 271
20
153 396 100 205 135 349 318 367 506 370 549 504 299 310 361 531 109 257 507 100
20
374 506 417 197 518 356 192 505 216 349 274 221 208 246 583 462 227 427 426 433
20
117 166 463 574 285 119 380 188 527 466 130 488 416 302 277 159 288 212 339 144
20
462 262 229 595 461 299 514 107 466 483 492 579 198 532 541 337 237 225 580 159
20
116 116 598 151 312 200 448 485 560 291 119 213 600 240 212 399 235 227 125 343
20
339 372 236 278 163 334 464 384 587 433 145 149 424 513 517 319 379 600 210 181
20
474 240 447 182 271 295 580 358 296 230 361 207 359 438 111 557 594 352 454 167
20
116 531 119 150 370 178 304 319 527 331 379 496 461 381 442 483 431 547 493 579
20
462 491 544 523 406 269 245 542 127 107 461 203 467 434 519 204 329 472 434 468
20
439 287 242 221 194 356 159 274 355 304 203 397 333 533 256 240 188 142 445 541
20
200 536 443 133 362 187 448 454 266 348 204 270 224 249 521 232 222 422 158 159
20
304 379 317 297 175 277 490 111 510 579 524 221 427 556 253 356 217 546 277 518
20
184 294 377 147 333 326 391 164 276 217 152 326 495 395 346 496 554 369 268 263
20
313 128 182 185 294 584 444 344 495 242 152 275 198 435 155 340 566 100 241 273
20
457 227 152 273 340 252 338 116 270 353 172 114 229 423 393 516 415 325 583 430
20
598 306 535 231 518 151 406 382 358 348 433 167 177 518 464 122 318 116 440 480
20
184 383 535 206 329 188 144 258 375 143 163 226 228 135 590 518 231 103 290 164
20
359 496 514 487 435 221 524 491 599 385 581 405 268 501 537 343 181 138 219 527
20
547 563 124 576 544 104 423 373 270 463 106 345 212 259 276 250 400 446 549 440
20
404 565 567 242 443 390 336 341 523 512 531 456 418 431 388 530 471 342 262 512
20
240 438 441 365 339 101 127 546 221 452 284 430 118 132 103 410 194 405 343 239
20
374 348 190 195 131 222 271 595 112 314 475 238 164 458 204 475 264 366 580 178
20
453 453 192 531 256 126 342 486 323 457 133 364 592 259 469 358 219 210 513 204
20
599 222 265 278 377 130 285 558 405 424 369 262 287 300 447 585 183 539 193 185
20
249 280 346 258 528 190 189 399 476 481 234 143 334 106 320 350 522 202 478 374
20
540 225 400 577 429 511 360 257 210 262 518 169 586 523 408 468 464 320 474 292
20
281 349 116 441 382 491 241 441 600 583 486 403 372 353 249 336 121 525 562 535
20
516 295 569 124 490 174 512 539 422 422 264 581 574 447 400 137 325 482 377 528
20
234 335 285 139 337 523 124 251 257 303 406 152 335 480 392 149 525 516 319 196
20
498 363 521 178 176 351 223 358 238 499 568 451 488 506 118 347 419 321 270 509
20
362 274 501 596 336 338 208 180 233 575 516 488 587 239 438 416 308 297 500 163
20
544 484 126 163 494 191 202 484 255 336 575 257 380 592 123 331 449 282 348 559
