150
20
566 341 198 309 170 586 588 296 481 269 399 268 383 512 516 111 574 389 378 300
20
249 276 460 216 399 371 233 139 435 477 288 296 265 420 205 232 531 594 337 193
20
475 545 363 569 221 367 499 503 134 368 420 515 578 490 109 320 287 492 487 150
20
369 493 383 206 212 512 489 310 127 531 208 563 550 222 492 550 301 555 215 533
20
443 173 286 332 127 211 231 421 159 167 330 481 555 144 391 118 267 329 247 144
20
254 340 152 413 579 451 131 279 536 405 264 104 572 173 270 233 120 444 396 160
20
186 262 566 430 269 301 271 308 282 332 477 172 235 330 485 272 121 358 252 376
20
419 125 537 398 214 282 462 286 334 145 351 314 562 368 413 541 342 513 258 372
20
261 430 343 188 391 320 240 522 214 163 535 511 439 415 162 201 162 307 409 176
20
515 243 448 586 171 235 155 555 150 209 560 383 584 288 341 511 574 488 577 595
20
378 474 575 552 158 332 330 577 173 531 276 325 111 139 498 230 190 478 588 555
20
507 473 102 529 170 393 194 572 168 525 313 121 279 485 473 572 543 499 488 220
20
300 597 166 209 542 272 293 115 582 440 321 209 403 243 306 147 300 456 442 366
20
553 143 112 249 562 411 312 511 517 117 454 165 457 143 288 337 150 184 256 463
20
546 561 172 144 600 573 195 422 584 389 228 586 351 127 252 348 367 368 586 115
20
143 500 415 369 346 481 321 353 503 320 175 130 428 362 443 139 579 401 163 511
20
116 418 584 508 133 488 341 275 510 288 538 309 587 597 291 174 320 120 556 574
20
486 599 409 162 379 286 134 532 500 164 121 187 295 328 398 433 567 372 533 319
20
527 135 364 344 162 298 490 529 459 201 278 240 235 422 488 420 208 346 126 462
20
171 188 219 329 545 113 459 516 307 485 517 573 109 396 149 225 242 542 353 344
20
585 449 314 209 204 140 177 486 265 370 562 139 588 279 239 185 239 402 171 330
20
352 285 200 380 408 222 504 582 107 234 168 389 318 144 270 425 264 362 313 144
20
419 334 129 539 248 397 175 306 107 116 390 407 416 511 149 116 223 199 100 112
20
342 329 404 529 394 539 102 235 220 499 160 207 181 167 459 523 250 464 145 592
20
512 372 309 404 110 111 167 132 519 398 242 119 483 426 506 209 320 506 500 505
20
575 314 352 193 138 484 427 126 433 323 570 298 434 178 476 523 521 149 161 259
20
545 169 579 591 480 230 350 239 119 377 501 284 399 343 425 451 264 370 183 456
20
316 438 276 142 532 376 386 414 330 355 104 277 561 446 589 552 232 221 253 473
20
270 568 248 549 362 535 268 585 200 124 407 537 381 117 170 257 461 347 369 218
20
138 489 282 456 519 354 300 433 528 147 464 252 168 125 250 360 557 328 247 408
20
175 176 470 397 580 293 462 557 457 520 333 156 444 131 326 284 298 316 240 261
20
228 249 179 504 557 264 542 374 108 335 156 522 180 383 417 142 479 125 376 561
20
333 318 158 268 293 148 497 163 108 435 493 355 360 492 379 257 208 477 213 265
20
442 340 502 446 586 278 300 221 128 580 348 244 189 533 487 415 279 486 572 286
20
239 441 157 196 514 259 134 491 266 177 127 222 438 410 261 433 156 407 365 262
20
430 176 167 364 277 328 465 506 528 139 143 149 190 399 546 511 570 152 117 326
20
524 526 138 335 115 346 539 299 567 476 328 338 351 559 206 262 291 333 300 115
20
571 146 497 198 370 382 166 466 187 400 217 541 460 247 510 515 443 562 538 597
20
241 259 468 525 246 415 202 418 408 204 166 408 486 362 111 111 166 401 377 124
20
554 257 295 541 541 195 377 576 484 274 426 438 394 316 331 243 476 450 446 354
20
356 217 358 410 313 521 191 470 399 402 112 260 230 467 195 587 326 174 446 243
20
445 105 160 308 564 452 259 344 236 369 332 106 573 113 276 221 486 232 198 546
20
406 409 142 277 510 322 575 476 129 153 257 400 386 387 530 286 233 293 518 574
20
528 389 519 545 413 261 527 203 379 250 316 361 346 543 492 546 234 466 283 534
20
311 565 183 448 276 423 252 349 502 317 170 581 115 252 321 145 220 400 227 399
20
147 226 161 234 418 265 445 467 343 326 503 586 423 149 351 560 144 254 399 408
20
514 476 163 527 463 330 370 351 463 214 195 345 184 417 189 253 462 213 583 103
20
421 380 317 537 261 436 500 588 134 562 138 443 405 447 333 375 187 443 545 415
20
467 434 328 255 464 137 268 221 203 571 581 190 401 139 214 384 374 524 166 365
20
127 398 237 118 220 407 261 562 269 453 255 491 494 435 238 409 127 481 551 454
20
469 536 147 411 497 599 590 427 427 132 560 271 270 229 566 161 459 569 259 545
20
406 467 402 354 239 247 387 172 323 117 153 211 582 277 363 440 529 203 297 347
20
349 332 406 424 146 593 148 527 104 127 560 334 529 412 427 195 208 562 296 348
20
552 489 417 334 192 187 266 152 587 493 597 492 569 322 113 349 525 421 160 579
20
321 373 101 400 209 279 349 394 348 449 383 537 545 246 383 551 298 314 467 517
20
324 387 265 458 428 430 307 544 584 165 468 454 130 225 449 300 306 278 518 187
20
163 200 288 584 533 209 389 306 441 341 447 148 201 431 148 105 367 536 405 451
20
105 332 128 123 433 516 540 265 111 473 554 159 491 152 215 171 528 585 343 417
20
361 208 264 211 235 456 317 138 381 534 530 521 537 363 364 543 389 363 417 162
20
251 435 154 245 463 161 577 168 438 528 575 241 223 178 172 157 535 532 100 314
20
283 518 312 416 189 165 367 145 469 284 341 284 409 185 520 159 439 471 514 116
20
166 274 364 518 300 470 314 302 210 219 328 236 492 486 530 224 428 450 211 446
20
212 389 353 199 411 108 243 131 272 133 294 577 176 294 180 135 199 236 313 319
20
453 116 297 346 469 587 163 462 348 239 244 254 291 545 412 439 219 138 327 135
20
177 368 596 141 191 172 519 144 216 201 384 445 163 216 349 579 365 109 353 236
20
343 175 469 417 243 150 555 126 443 497 303 228 210 284 148 550 126 320 500 525
20
289 378 419 129 493 472 310 453 189 362 165 135 159 349 148 480 360 123 553 521
20
106 336 531 122 386 194 567 432 446 144 107 336 230 324 144 366 245 324 333 277
20
105 365 209 364 195 425 259 298 298 436 413 188 381 227 142 308 100 552 495 593
20
263 307 361 319 514 214 472 168 467 442 524 586 368 397 129 427 435 400 401 411
20
156 145 156 392 345 105 335 151 364 561 303 120 164 308 100 557 185 302 171 250
20
286 510 229 104 562 397 176 406 544 586 347 596 167 466 446 279 563 591 263 227
20
290 158 203 247 551 159 289 355 595 150 227 515 296 538 134 360 216 565 308 510
20
201 412 599 394 509 357 444 478 322 475 564 573 175 570 503 573 298 442 426 416
20
117 205 142 561 175 588 469 525 430 411 410 372 547 384 507 232 206 331 116 417
20
483 529 569 233 303 342 483 445 340 392 222 560 489 139 255 221 260 365 590 176
20
134 444 532 514 384 540 184 140 467 241 395 318 162 284 182 397 594 326 288 464
20
342 158 357 281 101 494 405 185 138 279 398 480 115 466 361 305 596 509 272 164
20
590 464 486 355 599 177 439 516 330 494 364 599 424 432 543 443 571 308 262 131
20
596 154 283 310 548 470 344 311 410 381 449 359 553 161 307 544 295 146 368 195
20
305 462 265 408 119 134 177 470 585 136 139 528 448 516 413 513 488 198 588 212
20
504 453 205 446 415 160 531 392 474 407 179 574 240 446 533 261 263 522 111 421
20
247 562 422 517 304 359 474 113 103 465 295 504 170 358 561 566 247 534 389 145
20
477 163 123 488 302 583 253 424 381 381 387 542 338 346 400 140 543 287 592 588
20
435 163 298 467 595 306 225 288 215 172 218 447 458 119 385 117 475 285 139 323
20
487 167 543 102 404 367 352 335 158 304 462 576 380 434 399 460 434 573 376 545
20
107 455 551 382 338 153 340 491 393 393 422 113 229 528 161 566 172 202 561 568
20
153 459 344 201 246 576 355 156 100 427 490 492 403 266 121 216 584 349 139 432
20
445 153 450 115 164 269 396 353 305 503 427 477 388 361 112 388 508 365 144 529
20
399 224 351 519 518 347 507 281 309 330 122 571 566 272 239 249 467 341 204 376
20
128 545 409 393 462 388 207 594 600 132 151 152 472 174 586 452 534 217 266 271
20
418 330 157 273 528 379 357 564 239 233 267 593 101 299 243 150 583 436 234 454
20
286 143 519 143 270 150 119 355 442 530 184 413 166 583 202 383 267 108 213 452
20
387 114 550 445 366 401 395 155 111 372 258 311 410 446 116 413 354 170 397 449
20
304 260 527 419 534 226 568 149 496 454 384 421 432 247 547 144 336 545 137 215
20
527 138 475 296 590 119 321 516 406 237 178 403 477 375 593 262 366 257 361 576
20
336 466 453 579 234 193 289 360 578 454 549 223 509 237 318 583 337 519 236 194
20
271 481 137 187 185 261 360 267 549 512 201 136 197 335 158 412 100 360 486 364
20
231 189 196 253 150 165 199 355 124 314 200 486 429 535 351 232 131 599 305 258
20
355 541 446 407 232 430 548 167 578 512 589 247 462 233 567 246 556 511 403 554
20
583 207 277 317 419 565 451 397 488 232 205 324 464 336 371 129 381 314 122 399
20
100 285 396 435 404 408 107 409 386 234 368 421 381 210 414 194 346 395 427 582
20
537 315 278 437 268 445 497 142 574 405 114 554 173 239 231 547 298 468 233 253
20
284 179 404 346 277 283 540 108 175 431 287 411 250 434 295 585 520 564 368 107
20
563 565 201 118 529 107 377 188 399 462 458 201 574 568 445 581 150 510 499 453
20
390 238 425 470 145 190 464 120 255 209 244 459 288 119 327 578 327 273 136 411
20
253 263 546 484 180 463 316 258 202 475 582 398 496 548 442 502 159 194 535 183
20
141 231 282 447 362 172 403 489 598 488 338 163 559 393 399 568 163 264 191 330
20
136 270 489 178 592 315 420 420 480 387 269 432 533 133 497 176 335 198 585 338
20
122 443 573 404 233 571 193 233 508 165 568 231 121 275 354 399 248 526 326 476
20
138 165 374 283 234 413 474 288 365 542 236 559 106 533 114 101 400 160 123 248
20
199 532 600 231 431 193 264 584 226 482 234 177 475 300 525 146 101 216 131 264
20
258 243 352 272 594 333 164 359 550 162 594 213 366 254 224 140 417 230 367 167
20
513 164 351 464 376 259 103 382 556 295 593 334 115 198 206 104 390 155 224 218
20
273 165 456 201 379 444 534 306 119 126 175 598 104 505 514 274 398 198 557 240
20
214 359 479 117 457 421 568 139 345 183 151 351 135 247 415 502 575 436 164 208
20
438 534 433 183 137 346 447 231 123 344 166 166 135 189 462 142 280 453 273 211
20
500 570 202 250 126 281 272 295 248 268 253 296 126 367 109 419 261 301 598 536
20
305 410 579 142 113 418 327 467 436 550 230 575 276 177 195 382 321 460 371 469
20
363 130 123 403 323 289 424 235 289 397 538 173 102 101 173 320 522 572 565 130
20
300 175 525 436 461 415 374 217 174 351 351 566 562 321 379 270 242 167 501 554
20
140 175 594 142 163 574 599 441 382 476 164 463 399 189 264 382 122 590 477 146
20
475 447 266 164 288 563 578 463 310 121 205 305 431 562 177 411 551 574 136 235
20
267 439 292 458 432 153 597 471 345 252 454 138 166 502 453 495 322 100 331 392
20
223 588 365 200 507 149 542 359 172 450 294 376 498 266 259 400 141 259 444 338
20
258 549 569 428 506 323 160 411 381 544 334 258 267 146 421 335 315 168 513 567
20
127 468 403 376 537 588 295 334 394 197 272 469 350 570 444 332 425 334 461 487
20
142 477 178 559 372 350 142 382 453 535 381 210 520 233 110 579 271 498 119 304
20
430 275 439 314 197 201 366 416 341 349 551 283 392 335 522 580 353 600 576 525
20
265 194 398 346 312 369 265 237 155 526 411 521 578 140 442 481 241 453 152 532
20
372 299 368 238 570 399 521 283 259 277 547 165 217 377 139 414 389 217 130 588
20
289 509 433 354 428 258 257 547 552 233 210 238 509 387 477 497 327 366 358 408
20
563 201 377 599 349 534 536 237 529 475 557 536 432 139 600 347 524 150 108 141
20
206 407 456 271 282 198 290 591 250 349 389 191 558 517 127 542 136 475 439 191
20
395 237 352 353 498 351 107 283 445 589 549 266 568 202 532 517 276 115 366 457
20
533 149 233 182 114 217 409 192 248 185 188 377 423 302 202 291 597 520 229 160
20
408 184 230 336 572 157 225 157 509 291 436 390 151 579 211 400 310 470 443 185
20
520 599 432 199 281 284 130 116 243 227 418 548 461 352 390 306 163 264 229 406
20
403 204 203 171 525 303 220 304 147 420 542 516 190 144 243 554 283 217 579 502
20
406 267 552 172 503 429 457 497 562 432 485 411 240 464 236 356 101 139 115 292
20
473 343 336 599 187 173 119 368 539 129 287 116 277 557 139 350 529 528 227 587
20
154 353 119 196 381 347 297 262 385 383 563 204 560 293 345 354 107 224 466 316
20
361 292 438 233 193 256 539 599 428 492 522 128 222 344 360 526 203 293 391 198
20
564 214 597 155 490 237 307 435 431 167 317 314 107 162 582 566 245 235 304 189
20
575 100 406 523 420 397 109 223 449 512 485 488 477 212 244 495 584 152 533 468
20
316 150 575 590 538 149 544 406 103 477 218 107 346 481 483 186 557 264 552 258
20
484 236 392 469 197 137 325 131 334 228 111 486 123 157 426 512 383 597 545 591
20
366 338 477 558 137 180 409 594 185 292 522 308 559 590 245 519 578 124 124 239
20
154 366 495 476 167 393 385 176 471 565 451 235 380 142 305 471 317 342 461 107
20
204 101 166 394 512 124 594 242 599 525 353 410 326 274 547 528 472 314 165 554
