150
20
560 243 373 285 238 425 487 331 283 318 128 349 103 489 128 342 299 433 325 526
20
374 394 175 307 506 564 375 415 528 132 227 241 386 591 410 471 134 263 321 121
20
364 479 327 296 162 197 204 517 254 477 336 405 556 377 553 298 186 358 320 158
20
510 291 502 102 520 177 126 542 385 325 393 460 224 204 523 339 401 514 586 316
20
334 266 569 555 553 172 485 104 594 265 520 474 198 192 546 299 518 409 100 339
20
513 120 328 438 181 436 270 300 136 174 168 491 363 135 570 345 590 439 184 383
20
248 356 256 319 141 491 348 531 471 588 597 183 479 134 583 299 367 370 355 471
20
128 190 426 449 291 146 165 510 511 172 503 449 524 425 516 447 250 427 488 533
20
313 100 327 567 479 361 534 222 214 198 330 228 364 346 522 276 126 359 162 587
20
132 331 171 547 354 489 152 574 389 145 275 391 314 378 206 559 389 584 356 223
20
381 423 308 430 130 555 493 364 522 325 480 101 120 125 426 304 404 129 593 508
20
260 113 138 288 574 455 100 471 152 357 245 143 108 279 573 138 440 141 501 338
20
203 208 486 382 437 593 375 387 286 110 506 581 407 346 208 447 131 118 466 170
20
249 365 416 393 440 251 463 235 103 230 181 553 299 182 467 322 545 333 107 365
20
357 167 143 397 568 294 347 230 339 176 473 338 169 476 536 357 308 306 272 211
20
155 352 291 115 183 242 277 148 494 180 588 505 538 116 246 338 476 220 568 330
20
318 386 331 308 493 239 317 448 286 357 186 247 169 186 395 209 357 102 329 380
20
427 571 207 231 351 351 190 313 201 599 105 265 550 243 577 542 565 369 339 228
20
171 110 274 225 579 545 505 117 208 100 409 543 193 286 577 159 233 182 422 160
20
336 428 166 338 345 522 148 562 471 199 252 483 456 464 490 178 423 561 357 542
20
429 337 221 346 146 470 172 147 449 110 224 359 274 310 400 263 572 286 216 151
20
165 392 346 268 598 154 543 259 535 493 314 498 321 570 210 351 542 355 502 491
20
211 435 349 421 547 403 339 403 286 381 299 258 347 220 441 514 559 249 347 569
20
206 115 203 109 565 401 341 230 426 398 540 157 473 483 262 582 277 307 424 159
20
261 261 113 110 392 572 463 281 371 483 543 387 595 598 195 524 356 491 401 480
20
254 309 420 350 458 497 219 526 352 121 165 248 140 588 224 341 145 593 271 163
20
140 308 235 560 158 579 477 170 175 240 381 581 333 336 244 538 328 444 374 327
20
372 572 259 332 445 137 534 584 537 173 472 235 443 198 188 118 436 233 565 138
20
583 590 415 387 261 316 176 432 530 120 268 569 233 424 280 452 465 331 180 588
20
589 247 580 144 387 246 516 158 104 214 274 213 357 408 437 254 259 100 107 129
20
366 194 298 281 358 285 509 243 326 131 521 272 134 328 541 106 162 131 241 421
20
298 190 446 191 489 379 598 207 354 251 192 561 143 494 466 582 376 272 393 382
20
116 476 161 330 120 579 385 468 329 599 578 290 410 161 130 239 166 552 350 536
20
233 184 174 268 408 358 349 427 402 455 512 290 508 458 343 343 151 210 561 435
20
404 547 131 462 237 566 108 167 457 438 430 477 353 162 485 110 479 387 379 311
20
534 132 123 487 237 257 293 162 596 396 256 409 139 429 113 568 526 417 273 280
20
516 110 542 261 259 418 552 163 167 506 462 378 451 143 455 340 484 594 173 546
20
473 528 112 304 185 509 585 128 425 135 302 282 521 167 397 254 360 332 274 181
20
380 354 268 600 384 266 387 498 539 248 213 245 143 503 240 244 519 411 343 161
20
401 315 317 578 110 245 356 276 361 204 177 185 395 215 565 387 208 312 116 270
20
484 182 115 212 571 144 202 502 270 587 414 597 228 537 309 554 426 246 442 128
20
297 190 350 564 517 373 167 300 441 249 518 551 566 576 265 163 394 453 257 395
20
506 412 303 362 219 346 589 527 248 478 159 498 529 186 532 347 221 560 190 428
20
384 370 534 310 295 341 264 288 207 411 246 334 170 555 145 563 217 310 197 461
20
176 289 146 212 331 578 250 149 497 357 216 156 245 589 106 327 188 284 588 566
20
559 442 214 570 468 164 150 303 500 177 300 498 572 128 590 483 522 591 213 535
20
220 447 351 269 464 141 459 483 584 474 208 102 162 531 178 108 153 559 103 456
20
108 431 454 124 424 403 170 272 194 427 161 461 519 361 346 400 339 253 366 220
20
252 283 401 455 486 568 146 555 181 560 403 383 129 237 219 378 104 516 100 305
20
533 382 268 310 378 540 129 153 407 590 490 105 281 130 482 496 185 485 228 332
20
311 489 259 282 334 238 369 356 591 280 366 266 571 266 196 197 590 495 483 195
20
511 490 498 448 538 455 136 243 411 564 271 106 337 188 537 234 504 401 392 416
20
306 221 112 103 541 428 523 452 225 531 176 373 566 296 290 524 599 339 106 281
20
143 599 572 215 188 212 157 367 197 515 519 400 556 579 228 156 530 159 216 252
20
489 256 573 568 557 450 188 239 237 267 291 103 582 420 344 580 138 144 348 272
20
420 425 131 540 441 106 543 248 205 197 116 381 108 215 170 255 367 241 278 446
20
468 273 227 226 250 458 359 206 546 346 206 186 427 533 323 349 196 249 113 307
20
572 291 305 440 448 570 208 267 236 298 445 130 336 502 555 423 229 387 143 445
20
228 215 100 253 112 470 540 112 117 370 404 388 197 230 254 205 124 404 119 180
20
307 245 282 447 352 534 506 399 546 546 416 588 183 551 312 174 483 354 234 231
20
148 359 586 377 212 150 277 300 494 267 289 423 467 529 120 475 154 437 298 225
20
191 402 304 252 333 588 535 340 111 189 459 153 378 265 289 482 406 447 199 582
20
127 324 142 595 342 258 284 183 268 403 306 164 449 243 463 527 421 375 348 248
20
450 543 497 526 490 104 142 510 327 161 552 320 275 590 528 158 459 130 309 450
20
421 598 105 550 200 390 338 563 485 560 553 403 550 240 165 451 240 531 451 213
20
484 102 163 219 359 303 276 160 393 421 306 314 368 476 248 536 577 122 600 547
20
498 386 518 483 360 272 351 553 372 590 220 491 532 165 406 143 360 511 123 499
20
178 425 319 380 483 378 424 186 467 522 140 213 541 588 200 200 274 187 147 204
20
272 272 489 110 413 260 153 581 440 364 492 271 242 361 474 251 134 197 255 527
20
490 108 524 425 177 164 197 295 381 452 290 282 463 538 322 112 243 437 317 530
20
379 537 339 278 354 194 388 597 538 435 468 154 373 277 541 446 570 149 366 479
20
342 355 254 475 260 479 514 398 414 474 224 175 457 276 272 191 155 223 545 299
20
288 232 115 227 517 369 141 237 288 479 457 440 490 265 217 533 387 374 253 503
20
411 414 298 505 462 315 583 108 111 542 245 300 248 330 581 490 523 119 365 427
20
110 506 420 323 512 394 214 557 561 315 266 102 368 538 520 530 278 247 456 399
20
311 285 210 471 330 523 433 553 146 357 184 542 250 184 314 528 282 267 128 312
20
311 303 347 537 110 553 207 208 335 444 460 202 427 234 505 414 230 235 295 354
20
406 157 384 221 265 576 197 139 102 185 595 474 507 111 229 518 167 102 462 195
20
202 128 588 126 522 383 328 338 497 483 478 174 232 261 143 151 448 346 197 550
20
452 522 246 346 498 164 417 154 456 277 406 303 417 516 204 266 419 171 294 418
20
386 599 154 347 593 407 214 226 552 495 493 199 575 585 291 316 235 408 120 189
20
138 478 321 183 461 243 448 130 585 221 509 307 532 390 361 417 315 201 272 348
20
551 537 441 364 467 305 240 579 291 481 303 179 521 127 454 195 392 440 335 563
20
573 147 205 198 363 182 224 464 195 151 264 249 168 328 191 421 137 429 370 346
20
577 330 600 286 536 127 409 244 579 267 385 419 579 149 231 458 375 388 316 134
20
434 193 222 132 376 408 498 275 342 536 129 572 185 341 195 176 211 543 338 517
20
558 502 389 199 285 370 493 493 150 296 153 296 486 157 336 560 109 570 385 123
20
538 526 442 117 568 397 278 530 436 413 508 224 224 156 296 311 352 177 248 255
20
130 456 375 510 237 328 438 288 351 443 415 233 560 280 443 356 218 277 139 336
20
116 382 573 484 259 345 478 450 262 121 272 295 187 528 332 124 289 432 546 145
20
166 344 369 163 133 507 491 286 312 549 563 506 331 154 259 395 520 537 123 561
20
417 210 295 367 321 581 162 125 206 320 217 248 594 451 249 592 191 314 364 479
20
149 187 125 516 175 296 414 496 216 155 192 466 142 541 298 506 131 100 383 528
20
365 342 462 186 415 468 265 327 394 148 285 109 285 350 160 224 163 330 101 195
20
468 343 362 100 411 300 182 442 419 124 242 105 230 142 117 499 267 322 475 301
20
396 287 362 452 172 358 559 377 383 303 386 283 295 105 456 275 148 545 246 477
20
153 529 239 461 120 150 193 328 437 566 390 381 395 313 282 262 312 150 483 151
20
560 342 264 412 348 407 430 261 445 378 341 553 306 185 257 337 577 170 511 385
20
115 151 402 330 509 364 115 213 470 468 584 382 366 381 293 121 439 337 278 441
20
202 199 563 301 541 120 263 466 302 108 377 268 307 270 427 557 440 144 140 158
20
128 235 297 154 395 145 368 212 559 431 103 512 465 577 144 171 175 336 330 277
20
127 264 264 358 362 488 137 241 325 332 200 532 320 502 230 495 370 149 345 121
20
547 253 464 274 593 137 181 540 192 197 131 195 237 277 577 295 265 352 522 448
20
567 259 567 144 478 174 122 149 161 534 516 196 437 220 428 421 113 138 410 318
20
450 419 136 421 243 230 263 271 405 541 553 511 137 132 187 445 109 289 505 197
20
569 588 300 238 420 315 386 169 253 522 579 418 332 472 187 593 340 257 573 229
20
586 312 396 122 591 355 349 368 127 356 457 213 125 176 382 153 282 448 219 341
20
399 183 508 511 199 394 600 202 431 169 548 196 454 281 243 138 422 260 592 138
20
265 150 302 303 356 438 590 565 329 322 460 171 499 357 115 398 546 129 405 214
20
187 248 538 260 596 398 220 199 535 568 540 377 336 465 311 461 152 156 593 413
20
174 485 315 357 323 348 387 136 435 393 218 401 538 598 494 547 290 305 521 333
20
458 393 113 279 494 410 597 415 286 159 148 322 343 190 105 107 133 343 366 548
20
497 546 482 202 127 501 332 569 175 240 105 577 220 543 537 299 497 121 551 207
20
257 364 520 159 407 427 492 267 574 475 361 573 343 416 424 513 584 382 415 106
20
295 138 410 146 340 267 409 216 575 486 188 356 363 351 368 429 444 215 296 522
20
474 433 306 540 394 279 375 159 386 230 504 173 571 128 362 360 540 557 541 404
20
450 417 477 297 598 567 309 326 137 478 277 124 468 598 492 360 457 305 542 566
20
335 380 220 112 520 489 501 189 330 497 134 370 134 577 439 540 570 548 505 597
20
335 132 408 284 573 413 395 540 104 366 353 488 537 258 145 419 516 336 392 403
20
485 391 182 219 410 179 214 375 166 235 531 343 227 388 255 331 415 464 297 152
20
442 458 501 114 147 375 425 154 545 517 175 156 535 390 585 521 395 400 237 104
20
405 571 200 405 484 453 483 287 198 306 503 124 367 329 495 527 374 423 513 157
20
297 543 489 428 156 381 438 433 595 465 315 580 138 544 530 485 384 240 224 357
20
109 474 136 433 282 455 417 278 429 297 512 473 327 194 564 539 542 178 430 328
20
291 492 446 478 146 138 179 415 590 453 286 139 216 376 253 366 273 491 599 125
20
415 170 422 107 502 473 480 522 316 198 492 311 269 182 404 105 289 597 338 311
20
475 304 598 450 238 140 107 262 229 495 191 547 541 513 430 302 294 431 587 370
20
240 313 141 153 333 260 356 493 188 593 497 186 291 532 152 585 488 481 336 590
20
331 477 411 446 583 323 565 565 398 311 285 396 468 206 365 308 101 450 135 238
20
207 204 537 339 590 419 122 179 200 441 258 223 579 526 153 115 121 272 355 337
20
445 587 443 501 272 105 384 326 112 592 294 115 449 441 567 177 535 251 549 572
20
488 580 398 151 257 283 548 563 361 368 226 458 488 526 152 577 394 536 592 138
20
533 504 165 195 523 432 410 271 526 320 234 542 537 394 522 493 197 127 330 510
20
135 168 165 281 195 317 319 408 594 410 501 575 230 600 411 398 216 178 137 203
20
349 569 558 169 138 202 149 216 320 379 238 553 565 540 252 148 221 562 423 166
20
126 507 400 587 456 555 593 128 309 435 287 210 335 217 589 443 288 381 262 135
20
136 409 126 165 511 249 378 296 167 422 582 284 204 598 441 529 298 373 303 379
20
214 127 424 412 381 232 420 387 304 598 218 242 323 253 598 479 251 290 377 168
20
498 115 435 583 346 580 246 236 566 128 232 189 339 342 588 121 547 307 491 524
20
575 571 251 443 116 178 369 437 600 536 488 500 363 340 588 365 264 319 324 245
20
415 471 509 190 543 207 170 426 331 173 477 394 397 322 174 449 394 400 286 190
20
122 583 576 408 533 107 277 394 114 271 173 217 305 129 135 223 121 175 455 170
20
299 427 406 287 209 554 495 591 501 293 135 270 303 302 333 176 353 388 483 591
20
123 503 568 449 551 203 194 248 391 439 284 160 573 412 375 595 505 134 313 303
20
215 199 177 271 196 124 245 489 232 436 149 537 124 276 238 174 250 583 297 248
20
465 351 287 153 221 511 250 150 373 414 177 440 580 102 502 162 400 581 534 163
20
118 492 216 199 362 390 434 117 316 575 117 567 139 552 524 356 114 196 315 555
20
481 534 357 564 242 549 569 220 261 395 206 565 133 346 505 325 127 439 185 387
20
241 306 108 532 300 383 352 119 228 574 422 414 264 244 509 254 385 347 357 317
20
449 335 439 183 312 507 257 341 415 106 461 126 189 470 243 417 538 306 423 157
