150
20
552 133 265 383 262 468 109 431 583 452 535 597 394 534 402 589 390 106 415 252
20
251 516 333 204 238 412 360 135 192 542 172 303 402 514 592 501 589 474 584 435
20
189 465 480 548 575 417 477 580 547 541 525 459 325 473 306 527 233 191 322 221
20
505 497 215 552 176 228 346 563 233 365 534 172 534 487 134 248 434 261 314 497
20
202 147 140 183 137 453 315 441 214 483 142 202 491 533 262 370 100 305 528 332
20
416 374 126 309 103 520 213 176 420 253 270 366 205 209 551 175 128 269 124 222
20
324 472 556 123 336 295 565 382 165 189 453 530 215 340 575 401 384 584 567 119
20
329 330 522 161 453 102 304 437 205 145 376 230 486 389 315 158 555 329 412 380
20
171 404 212 337 596 124 353 197 446 285 328 361 155 229 542 182 503 221 175 310
20
231 445 174 147 460 413 161 443 302 416 482 423 351 370 585 406 207 120 470 183
20
303 571 302 439 440 116 252 370 422 570 164 588 213 232 190 579 578 107 276 132
20
124 574 292 197 227 372 319 169 183 481 451 502 313 170 199 276 600 177 142 186
20
442 482 304 314 336 233 528 268 532 250 312 113 268 202 370 285 334 122 242 587
20
528 349 200 483 471 563 254 286 105 533 255 347 321 351 180 251 227 238 333 336
20
430 361 342 521 300 515 457 306 464 525 436 403 191 314 332 385 394 452 162 525
20
225 562 472 219 469 189 271 516 597 250 432 355 156 218 585 139 175 468 435 301
20
189 562 543 348 187 141 311 265 203 307 233 263 464 267 448 527 433 152 288 549
20
521 419 553 254 587 290 202 342 267 236 208 164 239 171 246 552 332 407 336 496
20
469 416 139 583 203 548 515 577 425 257 460 390 103 128 395 533 183 430 411 172
20
329 278 331 474 244 280 395 189 181 570 331 307 390 475 528 316 433 556 443 481
20
574 218 244 570 405 129 457 348 447 477 591 304 164 425 547 165 512 137 245 548
20
295 244 343 125 229 564 581 124 565 151 579 318 554 215 342 536 525 556 178 269
20
520 281 294 535 513 431 201 590 454 141 407 566 361 406 265 454 353 558 461 166
20
453 569 235 314 333 460 160 374 598 184 560 317 343 455 397 249 574 261 203 101
20
388 294 161 142 278 116 557 393 284 284 531 422 546 217 452 250 414 215 600 173
20
377 371 333 386 166 197 152 207 144 308 582 431 557 172 558 334 123 303 101 587
20
324 101 167 369 409 221 561 596 500 497 577 329 586 244 372 443 410 277 486 335
20
152 118 583 170 147 545 591 352 187 544 408 507 480 598 276 199 546 376 570 273
20
405 144 232 523 348 300 317 127 136 487 317 103 385 318 205 155 166 250 429 312
20
288 554 332 510 496 468 145 468 472 329 452 156 368 330 317 239 223 266 279 446
20
398 551 135 170 208 556 171 564 301 120 348 538 195 158 399 336 546 419 600 515
20
164 257 560 560 102 305 200 443 416 573 415 473 203 543 567 126 247 135 548 516
20
452 318 287 259 417 252 455 204 115 138 462 539 427 246 469 249 318 489 454 338
20
143 173 372 267 152 230 483 384 484 443 593 311 314 339 135 245 390 514 374 361
20
546 173 381 285 297 567 376 132 182 430 575 209 425 226 389 100 234 259 239 250
20
535 104 283 128 236 559 595 125 559 388 362 429 177 478 309 599 268 474 573 332
20
559 306 512 341 277 146 493 353 401 310 111 429 545 160 576 128 382 354 374 360
20
326 312 554 497 143 466 477 183 553 285 358 521 232 448 420 420 228 458 471 526
20
544 435 535 236 204 217 401 100 596 475 436 546 454 127 167 427 405 294 536 500
20
591 447 485 552 263 227 598 188 513 372 356 350 266 224 382 424 335 495 559 149
20
221 506 357 395 507 515 344 132 337 553 316 326 185 130 308 497 364 434 342 293
20
142 567 432 304 176 161 490 239 525 588 446 446 393 201 526 169 110 317 245 307
20
329 560 205 574 419 181 276 319 354 167 556 181 273 162 285 238 315 456 448 526
20
320 153 309 482 587 377 121 319 296 485 390 207 296 579 460 176 378 598 441 369
20
122 245 504 267 477 172 585 335 484 485 571 413 548 249 432 301 179 582 390 372
20
364 529 544 218 450 104 143 179 187 118 525 391 129 138 163 265 171 438 205 293
20
290 123 498 169 150 335 398 353 268 444 512 106 543 453 421 117 337 390 324 245
20
290 387 566 333 427 248 528 540 500 146 275 578 570 232 407 461 385 367 298 557
20
168 165 497 384 497 450 199 117 413 585 437 406 383 563 317 423 207 594 454 109
20
224 537 270 256 436 166 350 102 340 164 537 407 267 190 273 134 579 168 123 444
20
291 359 185 376 383 312 342 277 112 108 174 130 304 448 449 316 350 343 437 538
20
191 425 453 242 120 579 285 598 508 321 388 392 420 532 473 425 444 416 310 201
20
415 319 567 178 317 204 361 125 246 185 388 369 254 528 560 120 362 408 482 275
20
294 442 205 458 302 341 352 315 137 443 215 101 343 102 232 467 543 543 181 324
20
540 490 508 522 426 487 186 130 472 447 348 589 299 335 119 427 182 307 336 553
20
304 385 350 126 583 190 381 304 543 418 395 128 571 231 117 257 522 261 106 572
20
137 125 164 439 444 274 310 393 333 445 136 245 585 103 472 123 216 326 599 599
20
254 131 471 576 576 411 104 572 376 355 597 115 404 293 348 229 171 108 469 516
20
210 346 414 213 454 205 199 202 137 134 494 171 598 286 308 586 398 157 410 530
20
426 598 569 344 124 113 179 379 447 161 552 508 308 116 358 470 159 152 287 208
20
586 414 328 191 143 565 339 440 325 239 513 216 508 194 398 452 174 295 252 375
20
388 483 243 153 358 131 340 248 487 298 309 331 427 203 153 513 170 237 164 588
20
427 413 508 189 150 140 489 552 491 259 382 179 519 254 119 256 311 161 131 242
20
360 305 384 146 460 201 205 206 407 462 202 316 411 474 305 146 458 348 131 502
20
407 319 277 461 427 155 179 492 548 486 211 491 541 261 418 177 344 270 528 575
20
128 324 371 394 273 460 267 392 536 318 533 137 387 550 163 395 160 466 254 389
20
155 467 225 217 539 271 366 199 199 546 353 178 209 371 540 573 586 271 500 277
20
482 378 184 191 460 103 263 216 506 441 455 517 410 142 371 366 432 333 165 181
20
391 406 558 285 190 407 325 396 145 207 272 113 421 302 370 288 279 385 381 365
20
107 111 583 306 555 412 221 597 581 327 348 168 443 348 445 455 581 366 248 425
20
529 551 140 166 523 543 385 306 538 366 429 184 174 473 216 579 383 593 110 587
20
180 435 200 565 324 158 576 104 358 218 548 161 494 365 292 159 140 487 577 332
20
545 157 324 447 365 298 248 118 231 153 277 554 323 368 292 375 478 536 513 468
20
580 166 284 349 418 502 169 588 428 158 299 394 195 123 144 128 594 225 508 310
20
372 551 581 206 221 521 194 375 109 198 557 340 514 441 210 587 169 371 354 600
20
259 432 323 117 355 537 271 160 194 319 160 559 418 244 508 334 355 239 395 186
20
424 222 134 391 189 500 213 418 532 425 468 164 156 451 566 139 567 368 273 580
20
581 143 598 295 454 436 283 269 544 151 353 353 593 288 287 105 411 131 431 355
20
370 270 126 240 484 340 222 256 582 105 169 392 461 286 361 448 314 306 352 226
20
542 521 293 130 177 233 286 306 426 194 330 573 235 162 314 110 289 137 442 460
20
493 231 250 556 553 455 349 344 129 157 579 154 394 196 559 362 201 533 547 258
20
342 572 522 420 190 272 324 406 112 559 300 292 322 204 186 588 575 588 140 480
20
531 562 586 256 214 138 390 575 328 280 293 543 375 427 187 247 464 338 430 292
20
520 450 524 275 482 311 535 137 491 393 108 544 181 447 119 293 488 567 518 296
20
283 214 444 583 462 271 490 176 492 263 436 302 327 254 338 469 349 364 574 414
20
319 561 457 285 437 351 512 182 505 160 165 111 535 517 221 327 159 270 218 312
20
202 533 346 522 537 436 116 150 276 578 263 178 325 231 517 316 558 525 169 349
20
416 487 475 239 468 459 226 518 379 168 546 168 406 142 277 300 377 565 538 180
20
164 164 156 130 456 416 597 395 566 589 566 443 202 476 221 588 106 556 579 330
20
508 411 540 569 477 235 194 578 336 365 199 173 270 451 399 157 527 345 498 586
20
357 340 306 484 187 291 248 213 172 296 213 169 580 215 543 501 431 566 588 357
20
337 189 242 258 336 100 469 446 259 350 155 172 381 212 319 487 341 124 539 570
20
255 407 512 530 382 119 370 520 580 295 298 340 587 339 347 460 580 454 122 143
20
418 511 267 298 130 393 554 347 308 170 515 209 545 120 287 136 533 222 388 122
20
389 124 269 524 265 504 524 108 431 258 589 320 339 448 522 432 513 499 438 196
20
327 544 532 447 334 236 557 440 387 328 200 560 478 350 374 393 434 113 307 367
20
480 570 163 274 448 160 465 335 351 297 481 320 345 180 519 172 489 584 528 181
20
254 567 251 285 255 482 441 279 278 561 515 574 117 455 231 299 101 306 160 127
20
472 504 138 318 134 293 309 486 521 279 230 302 448 121 523 350 165 130 432 402
20
426 297 595 316 385 243 247 545 196 444 247 134 113 192 136 500 375 461 252 288
20
212 262 373 252 458 412 173 466 577 241 109 184 305 262 488 282 451 142 244 278
20
164 557 540 575 511 361 241 566 376 441 369 121 159 531 559 495 260 173 540 581
20
493 338 338 564 356 102 370 160 548 575 545 574 254 207 552 134 502 291 290 448
20
249 263 273 132 390 168 324 539 188 593 453 568 113 402 296 348 399 228 274 328
20
263 301 596 305 181 153 116 509 111 275 588 245 456 504 202 335 480 106 224 209
20
424 349 436 518 371 415 261 535 284 201 579 576 250 267 308 482 348 308 111 109
20
357 589 413 206 341 105 113 308 339 483 493 506 106 436 371 413 551 427 318 502
20
306 230 109 554 351 274 140 514 318 319 337 357 478 534 431 523 432 262 307 579
20
237 197 335 244 205 108 300 491 149 337 207 502 215 365 481 413 168 510 595 129
20
219 468 114 532 116 346 355 162 180 435 455 545 194 196 297 501 428 155 167 439
20
296 548 124 471 428 564 391 550 587 496 530 119 188 382 260 535 427 121 493 598
20
589 550 290 332 543 600 115 558 206 436 171 365 535 598 333 472 354 310 287 232
20
332 468 236 470 163 485 517 363 236 206 159 158 477 170 105 556 249 389 587 539
20
555 576 558 106 205 215 456 156 410 141 383 390 556 410 598 259 293 167 178 262
20
526 470 533 320 455 157 382 124 448 467 164 373 336 231 277 365 191 203 281 302
20
494 452 192 479 288 125 393 311 381 122 546 284 448 311 368 120 393 113 270 423
20
372 219 290 316 382 594 536 553 313 121 272 488 160 106 515 506 574 298 313 102
20
332 114 255 498 495 298 377 581 477 495 236 555 499 550 245 158 596 205 522 204
20
574 293 347 444 389 260 444 261 570 493 344 214 275 378 439 552 519 241 512 309
20
390 520 117 581 556 236 240 429 253 233 368 272 157 125 443 502 587 249 343 436
20
122 127 380 405 527 305 367 505 523 408 565 516 275 452 188 278 531 100 126 480
20
285 508 440 270 215 536 243 431 104 240 290 391 260 532 308 521 471 217 201 306
20
109 259 144 592 175 543 228 414 222 433 467 551 484 243 543 495 447 136 427 499
20
553 543 257 106 596 260 544 216 467 500 169 322 143 242 225 203 462 316 561 427
20
275 406 281 211 174 535 400 439 466 596 500 183 223 333 322 463 380 179 450 351
20
398 499 191 341 586 487 296 233 255 323 539 382 528 120 253 531 534 524 392 127
20
542 151 196 389 398 524 465 180 127 310 248 314 538 221 322 529 158 223 263 140
20
139 580 237 527 364 194 323 153 297 171 268 145 423 505 259 537 121 109 333 339
20
351 436 559 301 185 247 202 542 236 423 341 414 280 179 589 212 483 460 387 226
20
510 543 333 344 277 184 401 400 423 558 535 188 131 510 161 132 113 278 146 503
20
272 566 310 520 583 473 441 205 190 461 167 555 504 545 308 431 468 552 470 450
20
426 437 290 392 291 316 554 186 499 141 291 422 127 598 306 112 509 493 524 423
20
466 235 283 582 489 249 425 343 367 534 225 312 415 194 224 114 518 560 137 443
20
401 253 496 222 172 334 286 410 198 596 376 460 255 295 250 286 186 226 502 449
20
569 124 113 267 395 162 398 302 499 525 428 450 384 548 394 463 342 227 101 223
20
463 208 371 364 407 137 101 209 406 517 431 124 114 397 414 165 255 440 306 436
20
173 439 588 378 109 251 163 500 556 541 370 303 582 106 520 410 139 194 314 288
20
351 455 285 470 498 477 256 383 579 282 563 474 202 560 553 175 534 178 114 512
20
243 539 294 349 172 122 248 269 312 194 384 537 264 537 585 483 146 557 334 476
20
442 387 545 220 457 421 228 219 236 524 216 435 290 383 386 592 300 231 557 282
20
359 328 513 169 331 155 483 492 523 168 144 399 399 295 312 326 525 221 442 240
20
163 484 571 433 113 579 584 188 219 423 410 481 211 481 320 576 149 453 405 174
20
205 570 298 276 520 185 484 573 505 123 269 188 357 582 535 412 193 577 137 464
20
257 161 445 567 337 447 419 277 248 268 255 372 287 474 124 329 255 428 501 146
20
480 422 270 510 330 190 226 268 443 314 353 362 355 118 437 502 505 320 554 311
20
456 453 115 265 132 410 443 224 130 143 459 274 596 395 257 458 272 302 143 515
20
428 157 436 389 112 272 336 290 168 326 303 248 336 205 332 183 180 490 291 470
20
582 303 305 352 329 190 406 368 435 552 581 454 579 244 102 469 304 460 196 371
20
429 347 189 387 528 452 384 529 291 151 416 335 502 553 166 127 470 413 557 108
20
405 471 482 247 502 394 504 275 445 561 467 310 109 242 178 168 575 232 142 473
