150
20
463 464 336 336 456 411 199 555 106 124 518 146 424 549 513 195 489 490 157 145
20
596 166 428 560 426 167 116 591 367 144 511 554 559 179 311 530 445 459 261 538
20
343 576 585 563 356 326 371 261 244 203 488 467 214 138 144 395 403 487 143 427
20
249 284 173 552 384 125 367 510 200 446 140 141 366 270 251 145 358 240 284 589
20
233 569 153 380 136 323 504 177 210 499 485 279 297 375 160 112 410 293 345 373
20
583 567 538 592 202 235 487 267 299 278 407 480 163 430 117 490 506 294 180 558
20
130 376 552 236 501 559 392 354 170 193 284 173 529 351 526 327 225 356 459 298
20
146 146 443 168 408 417 577 272 245 553 554 336 311 288 551 206 156 495 130 541
20
109 359 507 299 450 227 245 595 130 223 578 158 535 473 353 546 490 424 577 435
20
267 433 568 457 290 392 292 341 206 236 296 163 567 525 207 250 536 130 372 484
20
263 104 519 192 443 203 539 501 121 594 493 335 154 244 516 220 562 375 511 386
20
184 417 387 526 163 275 211 539 529 166 367 276 297 526 127 275 345 449 210 131
20
511 458 433 481 289 224 235 438 382 103 111 148 103 483 358 516 547 194 174 529
20
296 338 381 447 181 575 297 563 424 529 252 290 554 157 511 313 255 593 402 251
20
103 479 509 120 145 569 324 181 141 494 285 454 382 122 533 226 370 330 415 384
20
392 450 196 388 548 434 436 383 523 225 453 582 512 252 309 595 512 200 573 206
20
135 158 166 533 276 212 214 376 142 555 391 443 543 482 549 201 336 384 224 231
20
289 349 466 169 456 243 472 161 102 241 119 130 383 249 177 168 224 120 256 211
20
565 464 498 132 469 233 201 291 395 202 119 593 362 379 294 255 599 578 326 444
20
600 206 290 141 223 446 459 168 589 183 466 412 494 412 169 467 576 356 222 382
20
316 376 329 326 487 459 332 265 401 413 348 598 291 226 483 292 164 486 316 487
20
569 255 549 132 318 252 573 533 368 144 239 382 486 363 591 269 557 384 524 387
20
365 596 334 567 225 482 467 264 182 122 586 166 262 296 314 295 141 267 507 114
20
484 394 531 171 448 194 287 172 586 587 470 552 510 181 465 344 472 184 137 556
20
565 231 434 502 511 242 423 252 269 292 357 257 392 155 305 532 215 225 381 306
20
493 596 204 191 495 297 312 261 103 128 288 127 357 282 290 355 191 218 129 407
20
521 367 291 428 209 343 485 112 246 403 154 451 372 276 131 591 183 578 404 530
20
407 274 545 311 467 481 249 117 446 487 346 535 318 202 569 182 351 144 532 330
20
112 421 229 597 487 424 592 238 237 274 200 400 346 427 183 473 382 201 234 448
20
478 567 597 361 479 478 381 104 575 127 302 547 488 298 349 493 112 431 504 242
20
520 150 598 172 105 256 280 144 391 282 175 296 384 575 430 275 400 264 316 173
20
186 209 404 452 594 455 447 161 249 181 408 290 515 229 251 570 357 525 262 192
20
161 314 358 552 503 409 213 458 248 572 598 115 288 345 381 554 325 125 382 345
20
125 356 123 508 326 363 215 521 572 333 541 274 249 572 492 571 191 404 234 590
20
287 456 463 568 571 175 163 432 130 130 249 160 400 504 222 354 568 480 596 109
20
107 499 556 557 173 150 568 299 379 553 498 307 554 180 191 451 524 367 578 175
20
536 580 320 298 595 287 511 326 295 214 412 573 169 497 156 416 368 191 577 277
20
348 456 181 534 489 588 173 477 352 209 560 475 339 469 285 583 292 197 354 566
20
513 590 259 535 203 238 153 253 478 214 111 596 112 559 111 184 156 550 456 535
20
289 476 130 487 399 448 142 204 162 107 171 254 260 270 482 533 180 565 394 242
20
154 345 257 203 247 110 145 589 504 351 179 203 582 249 341 158 479 449 149 381
20
217 558 221 510 306 373 274 375 470 266 476 578 355 113 268 273 177 121 415 600
20
532 479 509 177 410 465 280 517 579 295 163 438 391 509 103 103 509 138 469 409
20
217 548 131 261 255 499 486 320 138 146 191 207 361 582 482 261 572 143 336 278
20
373 413 348 223 514 579 393 575 377 541 511 578 128 299 403 244 542 299 369 454
20
209 377 341 232 120 101 521 294 568 303 593 571 284 399 201 107 146 387 588 417
20
187 514 212 101 191 494 266 161 336 345 410 231 380 341 218 327 404 260 307 153
20
119 598 332 183 181 371 330 116 202 226 570 110 326 436 480 448 282 378 374 298
20
314 581 409 266 401 256 489 159 386 589 278 208 202 563 369 130 125 343 529 527
20
253 291 510 123 554 263 527 337 284 224 191 447 316 235 287 427 199 466 234 398
20
476 556 163 200 402 547 210 476 566 246 494 564 581 138 559 222 407 371 181 524
20
187 483 253 259 155 345 584 420 571 529 306 136 448 292 467 466 523 216 237 184
20
103 388 246 108 340 478 425 295 588 236 510 308 431 242 360 580 517 374 599 252
20
329 119 344 226 432 230 428 581 526 342 265 230 260 238 561 253 494 459 455 576
20
593 277 367 526 524 352 504 372 105 563 544 402 542 570 554 211 199 142 274 436
20
213 551 525 256 357 119 114 425 312 246 495 463 444 422 147 183 557 569 336 377
20
392 424 598 346 223 421 543 308 260 576 577 154 300 154 463 360 486 586 270 494
20
450 136 555 525 111 327 344 600 367 416 494 573 209 467 582 109 244 255 196 532
20
345 409 401 442 231 222 259 317 489 341 332 332 421 331 162 264 386 505 245 226
20
100 239 551 476 424 333 399 275 431 358 275 390 282 249 281 305 340 275 550 378
20
454 439 325 403 543 210 106 149 390 425 325 428 174 229 223 372 459 283 221 185
20
497 599 295 453 398 531 274 357 248 165 491 210 411 415 404 394 445 400 386 488
20
420 522 342 541 350 544 314 470 384 367 233 102 515 534 103 352 201 155 580 588
20
250 515 446 576 468 444 387 417 493 423 548 243 100 228 238 386 394 423 131 413
20
391 433 373 134 418 408 439 394 520 520 572 195 413 494 572 193 186 521 221 588
20
253 145 557 512 512 507 552 240 453 247 281 357 457 431 147 349 431 588 576 110
20
233 582 558 542 253 505 523 236 222 532 200 515 275 204 176 409 517 295 159 448
20
236 429 227 330 162 300 395 404 339 183 233 230 109 431 587 129 384 120 162 401
20
275 153 117 234 461 373 252 539 140 382 117 456 223 348 431 544 193 513 127 403
20
566 405 367 567 401 547 532 115 316 447 497 237 219 359 238 475 182 105 364 558
20
453 434 531 539 245 276 547 394 192 126 494 462 177 146 144 218 368 340 355 443
20
591 298 482 251 310 468 266 529 558 348 398 536 471 123 344 497 539 189 352 173
20
244 304 570 254 453 560 538 200 442 543 368 334 487 155 275 172 426 273 385 172
20
376 480 154 558 365 376 179 579 130 518 521 104 237 543 180 313 267 251 340 303
20
488 478 126 257 558 411 141 499 306 237 297 247 339 410 326 333 480 534 417 431
20
478 267 325 529 298 285 244 501 386 517 556 518 107 418 292 126 130 243 294 219
20
176 386 466 145 571 210 548 393 370 229 195 351 326 295 470 569 528 186 436 238
20
586 479 157 198 592 392 234 380 216 413 273 592 379 421 418 111 384 598 450 172
20
407 249 468 555 599 361 506 434 451 313 590 421 537 343 367 533 498 568 504 425
20
393 361 196 253 183 529 216 401 409 256 509 289 319 522 250 116 420 275 175 411
20
245 273 166 267 334 101 117 323 140 474 301 426 500 464 344 236 538 394 130 515
20
598 435 283 472 371 369 354 292 309 215 494 517 313 352 132 180 245 308 394 407
20
137 220 102 127 124 361 422 109 374 116 438 507 308 495 481 405 211 321 428 481
20
473 230 215 413 408 301 347 134 206 552 356 178 329 161 528 498 101 528 489 449
20
283 545 384 299 150 226 371 107 140 100 523 423 465 577 263 239 541 213 156 568
20
126 431 237 374 234 551 593 248 135 170 216 364 157 333 396 545 436 119 411 316
20
513 292 494 345 373 392 171 434 370 593 416 599 590 184 221 582 410 367 217 462
20
207 232 254 504 488 358 144 223 392 550 378 433 543 310 483 544 283 406 337 325
20
475 546 433 184 561 289 567 502 524 362 400 437 313 332 328 493 195 275 449 523
20
199 364 492 399 481 188 350 344 234 185 196 113 101 339 258 256 231 505 583 522
20
364 541 238 520 184 579 567 512 326 252 522 447 406 411 567 433 180 308 375 587
20
422 222 362 258 117 354 213 291 578 377 194 178 566 280 595 140 374 295 381 377
20
144 270 315 599 452 361 536 499 264 308 107 468 125 110 340 313 551 527 500 281
20
303 114 496 125 287 145 320 593 346 148 592 216 392 410 434 320 153 245 309 574
20
231 136 224 488 126 267 447 176 579 464 509 277 301 331 578 560 328 279 113 497
20
420 566 367 542 386 390 180 221 345 363 491 309 161 245 546 516 337 473 100 416
20
359 221 105 516 224 380 245 106 548 303 549 170 228 509 138 195 274 338 509 371
20
166 579 182 147 213 202 122 255 248 128 461 568 221 133 557 447 543 528 218 453
20
480 228 493 327 494 439 296 217 344 149 127 260 233 214 257 428 496 411 477 534
20
378 189 182 564 116 398 136 297 390 142 194 254 110 466 486 337 443 537 481 549
20
523 413 551 205 125 492 591 458 441 546 200 186 568 581 364 339 523 231 300 309
20
525 365 573 526 408 540 204 196 325 513 588 554 438 349 533 124 299 184 371 426
20
470 248 269 582 288 114 331 552 104 218 480 332 147 409 441 470 387 453 323 600
20
241 306 397 132 271 596 596 428 437 409 308 286 121 442 438 594 381 230 588 591
20
452 500 338 530 352 214 505 111 542 525 351 128 416 444 590 339 492 302 373 501
20
500 408 216 545 411 541 360 225 349 385 586 261 147 551 159 145 534 391 108 405
20
140 591 448 402 150 254 293 550 445 294 150 396 117 184 392 483 552 174 139 341
20
162 312 480 461 578 250 281 346 540 237 133 452 183 204 281 475 578 494 532 453
20
556 231 180 222 579 197 117 129 395 336 525 550 285 432 144 288 258 135 213 261
20
469 122 484 489 488 599 336 279 428 183 444 327 531 389 153 322 491 211 110 153
20
329 325 565 197 535 285 534 272 412 446 307 236 228 460 160 510 420 233 492 424
20
411 542 257 129 413 268 172 154 110 203 238 554 293 300 392 116 217 583 556 531
20
448 194 343 408 159 278 292 279 297 199 395 358 122 545 575 171 301 185 366 410
20
473 242 115 215 124 289 235 487 315 168 379 150 407 294 337 584 377 463 521 362
20
538 361 160 322 351 567 404 312 309 438 462 382 409 506 362 205 363 530 444 458
20
221 389 121 308 502 515 389 535 509 231 465 578 544 118 343 353 386 182 253 478
20
221 516 367 324 112 410 510 311 272 199 536 456 534 185 305 415 348 229 500 591
20
153 355 265 267 333 345 495 229 209 342 379 116 458 287 300 311 455 121 550 201
20
139 523 320 410 424 512 389 353 528 558 573 109 546 102 109 351 121 437 532 258
20
503 442 338 327 129 242 359 262 183 189 577 416 189 263 485 224 141 450 371 188
20
546 315 590 534 211 339 443 578 400 563 250 349 285 229 268 278 193 444 300 245
20
140 248 558 337 278 401 368 468 462 338 276 393 120 448 138 541 438 471 228 251
20
585 333 442 556 170 551 408 249 274 137 380 332 259 543 557 325 147 465 555 303
20
105 360 239 493 561 547 540 528 300 547 389 567 384 506 317 334 199 249 479 165
20
367 340 586 272 495 266 423 237 593 491 248 197 255 414 332 131 132 341 184 130
20
336 363 461 567 182 115 379 506 304 170 512 425 457 276 593 347 316 218 434 436
20
176 466 485 592 599 148 520 156 285 437 243 594 129 182 530 404 361 407 280 111
20
487 409 519 107 239 389 301 166 306 364 275 413 537 318 201 573 457 156 358 308
20
239 236 596 235 480 127 455 340 239 294 301 115 548 592 232 421 467 151 426 186
20
438 435 111 552 509 184 171 254 109 230 230 355 337 552 246 312 478 322 389 317
20
255 394 318 300 413 563 143 174 401 104 577 476 138 445 213 282 405 159 233 447
20
519 571 317 582 106 343 432 136 215 193 460 143 564 100 203 243 362 308 550 401
20
475 461 517 467 477 222 483 158 289 389 376 246 567 535 533 324 226 531 505 397
20
495 149 596 362 546 388 450 443 135 438 168 139 183 157 426 246 271 308 202 230
20
422 277 174 385 309 289 303 151 473 390 216 444 141 584 127 310 273 224 304 429
20
494 468 167 353 563 162 240 196 173 259 267 372 211 298 382 235 525 552 467 214
20
576 420 305 402 598 354 558 345 104 557 485 182 168 143 484 234 591 264 494 465
20
489 368 377 158 223 541 345 247 338 289 473 492 139 351 370 155 564 510 392 515
20
383 152 204 127 411 474 559 396 359 355 166 483 395 222 271 161 504 517 549 103
20
291 474 443 340 254 441 457 568 483 420 294 369 259 479 132 180 252 347 120 573
20
151 431 205 150 517 473 263 358 443 419 504 208 130 341 198 593 308 509 291 189
20
134 477 373 533 298 428 152 184 357 108 457 361 165 198 388 337 410 231 392 502
20
132 148 104 341 594 476 128 516 227 106 200 180 122 311 387 244 333 412 598 461
20
587 242 203 153 379 117 558 347 260 470 202 196 148 375 571 207 321 464 505 543
20
365 427 126 263 423 486 447 541 122 333 489 108 499 289 525 218 310 323 105 361
20
596 368 402 577 525 123 281 152 364 423 374 502 343 291 161 523 503 312 546 304
20
469 359 172 252 106 216 336 455 168 161 367 544 366 494 521 265 129 498 429 511
20
539 493 130 374 106 257 301 516 507 370 563 444 210 119 583 193 168 545 583 233
20
321 333 332 438 218 225 378 327 250 426 538 279 248 412 516 164 579 395 178 470
20
326 484 447 199 368 584 131 441 204 581 507 411 311 567 268 475 497 517 418 406
