150
20
258 539 213 203 172 454 155 132 424 418 132 118 510 358 555 378 326 237 193 570
20
270 414 493 523 470 377 310 198 576 553 593 123 219 481 569 254 534 451 300 104
20
235 419 400 189 237 595 253 337 589 376 139 241 438 225 168 176 564 523 597 372
20
166 552 461 405 379 214 524 304 303 466 154 239 406 280 512 502 134 572 389 535
20
408 232 573 557 445 139 471 572 258 188 159 437 466 252 229 255 528 178 131 367
20
407 443 528 566 282 168 477 446 251 365 364 179 426 290 475 164 600 370 154 546
20
430 116 143 107 122 494 414 377 171 196 458 227 585 404 105 220 221 563 177 495
20
284 553 195 379 358 287 289 122 490 316 162 198 564 292 447 331 345 516 321 124
20
207 375 359 159 243 499 232 428 562 172 471 189 131 184 281 532 298 337 253 572
20
248 305 535 291 102 192 586 358 323 408 455 227 580 324 160 106 575 517 569 576
20
549 578 285 489 499 234 562 170 411 586 531 272 253 179 243 447 491 361 252 220
20
329 114 128 578 585 571 256 364 132 333 133 380 569 295 230 197 485 288 547 383
20
479 510 429 179 366 599 152 192 536 377 182 507 202 204 500 428 330 529 271 127
20
569 527 128 555 247 599 216 244 556 128 250 306 544 326 345 319 416 143 396 376
20
304 202 486 157 197 384 512 576 168 299 268 399 284 111 589 533 577 195 247 381
20
147 325 590 456 584 159 344 598 218 143 386 314 546 462 191 376 460 188 212 374
20
183 106 458 261 443 232 479 233 573 354 573 262 419 558 526 131 212 359 330 517
20
547 263 145 255 223 202 168 595 508 261 594 524 300 263 482 195 236 420 529 354
20
147 495 124 298 308 143 225 459 336 154 187 407 585 176 219 496 558 364 469 204
20
149 279 545 312 200 512 254 391 205 244 219 165 486 280 160 464 320 331 335 237
20
401 431 429 406 161 313 476 320 374 466 187 128 117 433 477 505 105 285 287 303
20
284 461 227 558 295 133 343 369 359 588 441 486 142 331 245 455 444 414 108 448
20
560 481 353 364 454 374 349 469 264 458 435 482 315 354 190 408 256 458 438 134
20
532 225 521 393 152 426 184 272 201 246 587 519 105 152 271 244 503 585 274 418
20
593 417 495 579 352 146 357 518 405 377 249 586 596 318 178 114 144 497 378 529
20
377 470 367 225 315 448 340 283 199 282 182 172 209 564 521 571 251 448 125 231
20
530 316 415 117 323 372 373 151 485 287 162 410 345 484 176 553 411 204 193 569
20
436 566 565 517 329 487 276 323 134 176 275 478 506 188 291 594 192 575 209 451
20
206 553 484 141 207 589 200 366 556 152 467 134 403 121 153 469 238 385 507 246
20
600 333 189 146 267 406 438 576 102 547 158 143 528 224 267 143 538 554 274 342
20
136 522 301 223 218 535 238 304 128 248 239 494 260 281 569 320 242 445 511 516
20
539 514 155 163 151 586 147 286 530 362 317 148 565 269 436 289 471 335 490 239
20
342 532 556 529 381 475 142 444 338 386 161 561 116 460 416 306 175 504 564 419
20
471 189 546 572 342 465 230 200 512 210 320 261 320 317 189 287 546 555 213 203
20
534 238 178 115 161 209 467 540 327 465 297 314 579 398 119 410 503 356 529 587
20
276 192 557 131 488 514 328 291 124 570 419 229 441 528 441 181 554 391 519 374
20
221 279 499 295 146 131 510 522 242 161 391 313 267 183 357 326 145 141 598 133
20
221 241 514 175 187 189 277 100 600 504 231 489 583 349 380 437 489 409 312 116
20
199 484 222 187 376 502 546 463 229 229 536 482 112 451 531 102 169 519 268 330
20
464 248 230 170 431 531 228 571 239 385 112 332 144 200 412 406 252 465 529 437
20
515 239 418 526 328 508 269 378 119 319 137 297 123 373 110 245 191 234 543 101
20
247 111 545 547 469 584 254 301 417 292 120 287 281 448 505 524 231 504 166 547
20
398 547 389 516 448 523 310 483 294 286 386 203 453 600 312 600 494 450 393 241
20
496 377 528 110 163 600 535 399 389 307 159 251 568 569 126 252 294 244 272 320
20
304 399 192 393 449 449 228 137 112 326 472 107 254 478 444 418 331 462 533 567
20
282 110 528 546 593 489 413 444 218 494 575 198 536 428 105 487 259 468 288 280
20
254 210 486 299 394 476 154 359 233 473 302 468 545 322 425 540 141 103 262 383
20
314 402 453 524 404 189 293 544 519 244 257 432 274 407 565 343 572 313 310 477
20
111 493 283 341 174 548 311 390 371 413 249 259 245 174 111 529 240 302 389 462
20
573 378 567 222 374 168 332 440 238 389 432 280 565 493 128 324 450 485 478 577
20
341 240 224 448 107 303 432 484 526 153 288 203 429 545 367 561 337 321 309 299
20
507 337 269 556 211 433 356 323 236 386 580 413 527 110 458 253 273 381 391 547
20
570 315 306 481 294 133 573 563 515 198 562 275 523 568 364 402 578 526 422 320
20
436 486 449 503 322 395 102 287 142 305 382 122 401 583 296 475 466 231 421 323
20
563 417 429 343 124 388 472 211 357 268 350 337 594 474 110 520 461 378 536 538
20
516 123 123 371 443 301 546 197 527 226 288 438 172 131 500 541 418 586 366 464
20
185 231 427 305 494 101 296 403 194 526 202 590 217 561 432 552 362 473 432 119
20
150 316 539 412 491 167 399 328 116 483 438 345 440 413 379 565 467 447 198 283
20
470 223 445 163 174 168 342 285 177 124 539 312 438 117 182 273 576 565 248 445
20
330 560 332 317 112 153 168 465 381 558 129 247 308 556 532 324 527 414 261 100
20
329 590 440 313 563 513 270 317 370 516 100 478 269 189 195 193 112 516 359 479
20
188 165 376 409 112 384 458 160 162 520 129 349 270 171 146 557 397 168 445 445
20
489 312 444 366 275 330 348 112 254 188 285 512 548 341 318 115 349 369 489 576
20
209 285 427 393 194 130 513 238 453 518 368 190 225 172 524 414 170 224 171 456
20
265 439 491 260 570 255 391 154 447 575 297 283 358 519 333 250 381 165 507 448
20
401 472 213 107 131 595 240 221 295 349 593 579 277 403 496 358 308 466 142 543
20
474 566 442 155 508 599 357 503 514 416 549 159 380 326 451 283 364 360 380 217
20
131 184 291 267 223 124 400 123 498 524 534 525 459 276 318 237 470 364 348 167
20
440 334 408 446 114 494 512 216 410 562 410 446 489 115 417 157 311 395 473 484
20
429 348 251 315 315 132 449 392 232 341 408 470 316 378 424 318 397 595 372 433
20
524 556 434 429 408 219 520 521 132 295 354 186 265 560 233 365 506 479 411 440
20
480 163 218 229 530 431 449 236 145 358 443 131 473 553 131 297 431 479 506 389
20
494 271 319 298 490 321 266 375 598 414 525 494 133 475 213 188 352 373 540 179
20
125 127 531 524 351 367 315 268 347 483 226 188 258 150 555 224 558 115 371 292
20
127 174 452 298 310 457 339 487 372 137 422 235 513 110 277 120 272 412 453 185
20
347 193 556 445 210 499 201 492 405 566 300 555 568 365 571 280 180 351 232 203
20
128 255 337 327 461 151 286 471 575 143 453 454 535 578 338 221 420 428 157 531
20
161 222 484 412 395 598 461 350 574 142 307 237 336 308 477 307 471 194 541 493
20
521 389 346 250 561 427 459 562 380 557 596 301 459 313 346 306 101 462 185 199
20
224 222 256 511 543 482 116 303 201 313 599 105 580 245 518 593 185 220 125 176
20
414 523 412 520 401 538 177 576 206 365 193 166 502 381 120 113 278 593 579 587
20
556 129 155 571 273 371 290 591 246 175 106 359 392 491 514 595 502 191 287 210
20
585 466 202 322 564 340 445 380 561 569 361 489 139 312 395 158 460 153 145 518
20
377 525 499 183 147 123 307 373 263 403 588 558 402 486 117 269 415 481 394 443
20
416 194 462 339 176 312 599 248 222 133 530 476 201 229 455 113 494 199 583 456
20
401 594 326 298 116 340 297 550 532 178 341 440 101 342 373 347 150 372 429 195
20
101 320 319 584 320 118 432 560 314 188 589 530 293 239 487 368 347 263 228 559
20
592 192 482 355 521 574 278 385 555 160 309 327 274 527 161 236 158 387 359 405
20
500 129 278 464 298 194 424 414 558 379 340 373 344 459 270 259 466 452 315 188
20
334 434 195 134 465 289 449 377 502 316 299 287 154 567 109 107 244 192 306 459
20
255 500 299 592 254 158 353 436 528 297 599 327 205 214 356 512 380 378 113 251
20
346 455 124 166 510 469 211 393 116 423 416 464 201 174 540 528 543 108 264 559
20
277 326 515 363 265 179 307 377 471 163 230 485 469 123 476 174 345 544 240 285
20
264 313 135 233 345 288 426 561 338 473 196 369 119 599 235 121 300 280 485 349
20
183 180 567 508 127 217 475 141 377 597 571 409 396 206 312 249 178 122 151 583
20
157 128 228 126 364 327 423 591 287 426 190 120 379 112 351 339 132 482 173 385
20
155 298 315 230 596 493 576 334 594 366 286 521 476 122 187 511 414 345 109 182
20
354 530 275 507 163 270 125 114 359 247 232 594 425 269 289 302 211 524 335 475
20
151 227 510 149 176 168 378 509 121 563 210 426 132 350 416 177 569 289 206 376
20
561 346 375 552 582 574 506 226 388 470 323 547 149 530 562 252 425 430 172 343
20
365 232 291 598 373 333 504 396 182 353 357 171 199 446 366 185 222 131 117 154
20
304 551 332 568 187 147 262 322 132 281 229 231 409 358 109 116 554 286 509 550
20
255 530 114 144 521 597 368 237 466 266 440 598 197 333 511 390 109 323 325 214
20
364 561 129 467 422 268 525 145 478 434 272 147 155 242 367 231 328 336 600 567
20
134 499 282 581 169 442 240 549 577 535 551 196 446 121 307 400 469 420 219 282
20
291 340 256 459 202 223 373 425 203 447 336 203 445 436 164 168 540 173 323 566
20
286 211 309 411 544 362 207 190 592 597 287 468 431 171 125 390 318 106 501 152
20
136 566 218 467 178 220 322 219 422 491 327 379 194 465 376 414 141 536 341 566
20
533 360 497 456 218 158 535 296 222 538 273 513 236 593 548 471 296 215 463 124
20
120 256 374 184 531 147 425 528 571 303 321 201 382 241 130 101 520 561 214 437
20
580 497 145 332 456 159 259 250 456 452 447 188 356 408 591 508 391 402 423 104
20
314 526 389 211 210 318 130 495 485 517 408 544 561 225 265 481 366 430 337 297
20
241 222 146 356 594 251 255 356 402 361 574 304 427 110 435 209 552 207 483 590
20
447 456 117 497 298 186 474 466 308 582 156 517 205 367 466 539 558 557 599 439
20
255 476 339 508 399 210 402 369 585 164 527 396 353 569 163 383 457 504 357 406
20
193 439 594 580 198 485 321 272 347 499 492 123 332 559 379 222 163 566 204 328
20
244 277 477 213 205 418 278 387 244 246 411 280 369 430 524 248 121 449 121 364
20
576 403 394 144 520 331 410 259 387 159 175 425 432 585 163 586 209 594 359 188
20
373 384 523 272 450 487 211 591 261 380 518 308 563 302 148 538 455 217 180 149
20
371 140 362 537 266 116 277 542 595 574 497 224 314 231 156 244 216 446 206 507
20
226 393 269 578 495 373 535 165 379 297 387 561 154 186 102 273 240 247 250 429
20
440 455 582 311 341 101 486 304 274 203 316 520 408 310 205 598 429 301 230 360
20
403 191 253 430 194 387 142 400 309 449 583 514 247 118 349 156 227 344 310 240
20
588 492 104 597 100 238 597 356 215 269 487 231 497 507 268 221 570 175 492 347
20
589 516 175 170 177 446 142 214 417 356 268 227 144 169 569 569 327 205 576 524
20
147 284 402 116 412 148 538 150 569 369 442 499 355 263 151 582 265 102 400 111
20
431 356 535 489 419 259 519 291 558 510 222 201 137 474 467 554 250 450 246 536
20
542 497 572 433 496 490 566 223 432 223 543 294 253 501 499 587 164 184 474 200
20
528 288 573 490 317 199 169 435 544 426 462 565 535 272 540 506 323 483 467 123
20
394 594 435 297 148 514 301 538 400 514 234 449 476 304 454 493 246 294 413 189
20
402 240 556 365 129 297 230 270 534 119 134 191 502 320 508 204 211 508 300 532
20
343 166 175 407 270 136 537 393 595 492 180 169 553 412 347 152 445 241 380 589
20
523 542 152 281 408 396 475 231 470 599 403 198 485 533 457 330 211 185 593 212
20
369 481 501 404 266 418 446 357 578 131 423 205 552 229 239 371 141 560 550 117
20
403 202 281 490 443 409 134 287 598 115 183 424 365 182 362 142 594 466 155 367
20
358 358 577 182 514 210 326 190 406 246 221 140 176 157 343 155 443 527 129 324
20
583 542 216 203 185 515 453 388 140 350 419 497 532 382 412 376 534 551 360 432
20
456 175 431 327 182 251 392 285 587 248 496 557 547 186 592 494 214 283 490 564
20
204 166 509 499 393 351 403 431 236 517 444 592 239 105 282 291 532 453 143 189
20
205 525 226 426 234 312 569 131 281 124 100 218 463 501 301 471 401 472 124 297
20
564 220 521 239 418 433 310 350 252 250 533 391 399 173 360 467 414 422 468 594
20
480 235 216 256 141 552 187 268 179 409 404 250 509 298 301 432 189 174 136 540
20
546 600 508 292 118 334 477 434 254 372 327 504 237 201 354 268 288 454 519 159
20
408 492 197 503 468 532 156 271 188 119 348 493 555 559 383 217 554 477 266 403
20
221 129 191 447 400 159 183 481 386 553 229 378 274 479 147 318 391 140 573 241
20
229 558 122 558 124 125 118 380 478 422 254 438 266 518 327 424 505 447 557 287
20
450 324 395 499 206 438 433 210 400 489 190 503 370 199 217 105 163 513 110 247
20
153 246 573 279 467 327 201 126 198 556 135 267 138 322 475 124 577 326 450 303
20
215 592 212 600 227 572 494 475 488 231 396 296 354 570 501 468 366 366 193 461
20
456 491 359 584 456 459 513 596 226 500 359 472 581 396 348 121 425 558 579 112
