150
20
489 313 516 448 331 514 589 430 582 149 119 585 385 548 403 367 400 253 406 419
20
444 114 457 476 287 158 337 105 333 215 509 571 169 228 394 596 435 243 408 394
20
215 519 482 325 222 234 401 451 183 355 299 331 508 203 303 207 508 269 545 133
20
190 136 370 115 147 412 355 431 357 120 393 212 456 537 282 358 519 436 389 312
20
256 297 309 592 108 459 569 560 128 437 462 248 242 188 323 545 513 444 580 492
20
174 314 273 531 576 200 107 485 103 512 442 150 519 507 254 188 427 363 346 199
20
515 323 361 112 475 480 178 130 261 214 294 115 123 324 242 141 535 299 311 509
20
353 517 333 506 599 223 285 437 281 436 281 242 410 507 447 133 577 107 222 285
20
474 116 307 549 260 127 337 495 219 424 524 321 277 471 255 211 175 419 356 438
20
428 272 519 357 126 498 521 585 233 253 279 359 492 523 456 301 590 259 121 581
20
216 118 477 569 475 360 177 501 241 415 231 240 143 162 373 259 222 416 106 206
20
580 232 354 581 337 242 321 385 485 455 372 345 312 107 525 364 101 307 351 485
20
559 447 304 600 204 339 529 348 104 238 106 302 107 565 455 564 400 280 507 336
20
315 564 562 224 296 102 207 266 161 230 467 176 271 466 106 278 142 145 567 231
20
154 190 591 445 121 271 441 190 333 194 554 286 170 491 118 235 581 380 216 541
20
548 370 145 178 161 422 467 447 262 521 376 275 467 324 181 328 376 384 163 238
20
433 132 452 430 274 435 433 295 569 481 463 162 438 310 597 341 286 179 119 594
20
494 232 406 187 540 198 278 319 268 359 445 533 206 297 258 142 136 378 301 462
20
405 147 285 403 509 208 378 384 345 296 471 194 104 521 262 190 491 338 255 340
20
305 157 125 314 528 561 270 439 369 507 243 420 518 292 195 366 480 474 107 328
20
286 202 282 568 539 238 419 217 389 192 270 364 168 106 594 222 372 584 327 112
20
101 446 493 504 392 160 387 284 556 550 558 350 567 572 250 284 544 500 461 266
20
338 197 556 372 139 432 587 373 415 261 214 220 383 275 489 466 457 391 149 276
20
466 239 381 459 515 428 132 207 268 327 458 309 571 498 444 570 339 274 169 453
20
488 396 465 515 301 348 111 478 412 220 525 206 517 441 314 338 371 349 164 494
20
353 579 461 304 322 145 250 190 228 249 313 252 457 525 210 460 120 144 387 138
20
551 539 510 116 155 457 335 550 111 356 391 415 169 462 527 512 278 205 509 127
20
540 261 216 240 299 396 290 473 125 298 435 266 207 293 296 348 131 483 564 369
20
282 437 536 522 326 249 537 270 417 338 164 129 113 303 298 437 449 283 172 512
20
415 232 356 580 583 360 375 356 228 441 169 169 558 244 289 271 494 344 453 266
20
541 188 374 347 375 197 288 390 163 238 537 251 327 251 289 478 328 415 483 564
20
534 122 159 123 503 134 432 511 473 586 555 113 106 151 530 244 363 243 556 497
20
199 540 154 489 576 413 379 130 351 412 571 247 151 375 194 386 106 578 450 573
20
177 449 238 379 461 540 364 141 411 253 394 271 577 312 431 358 300 286 267 516
20
125 185 164 190 155 234 285 553 418 379 417 235 480 249 202 247 241 281 151 289
20
268 352 149 473 171 399 433 467 117 373 392 258 176 189 547 107 519 543 422 178
20
300 178 167 240 414 202 372 493 299 492 185 301 347 334 465 534 462 356 193 213
20
357 337 430 217 310 523 519 369 507 486 353 137 187 115 154 305 566 373 244 238
20
109 302 397 110 198 239 282 151 455 304 493 522 395 197 171 218 526 153 489 363
20
246 258 569 259 539 554 541 456 135 259 240 435 408 243 132 381 379 422 516 196
20
339 532 555 120 387 255 547 475 564 384 566 400 441 457 225 573 312 427 218 416
20
548 284 445 488 400 487 235 488 515 423 261 454 383 387 243 397 598 149 339 502
20
418 162 363 136 309 102 135 393 493 512 220 532 327 488 174 184 144 309 342 565
20
446 114 573 572 455 538 253 520 259 310 570 530 508 375 253 542 586 446 335 212
20
403 443 598 479 422 148 380 587 282 282 166 433 551 258 386 600 395 296 374 472
20
286 521 550 433 375 255 583 110 382 591 356 568 103 345 358 150 410 341 103 544
20
502 577 465 359 443 251 439 188 539 318 444 587 340 182 586 119 337 526 578 252
20
170 493 221 300 444 428 318 300 335 403 549 316 325 149 162 511 361 596 540 264
20
344 376 188 178 414 233 405 467 109 364 182 373 218 483 493 299 409 174 170 458
20
135 176 377 271 532 553 277 365 566 394 425 385 432 131 267 247 183 333 427 439
20
173 450 587 234 457 271 547 203 189 383 301 353 364 157 201 501 331 308 373 243
20
394 182 334 594 267 349 575 205 307 277 113 279 491 185 492 116 218 119 501 119
20
110 525 536 563 540 346 178 356 195 322 201 468 554 227 582 228 360 532 433 289
20
104 376 439 353 457 449 174 436 563 472 418 252 517 483 493 530 434 494 268 562
20
392 343 185 291 444 300 101 196 339 157 491 441 147 386 436 487 103 421 475 543
20
223 200 162 206 327 539 569 591 569 215 317 131 296 249 100 426 235 129 261 408
20
449 192 281 514 338 514 502 384 254 192 536 433 441 377 105 522 504 491 319 312
20
195 506 237 350 579 352 150 528 414 127 256 507 213 387 128 560 475 490 339 398
20
364 175 216 398 292 122 488 389 382 306 564 409 183 528 199 576 428 337 175 191
20
571 541 170 185 596 305 547 337 284 368 203 108 313 477 422 476 398 586 522 306
20
303 183 587 438 124 245 593 373 442 500 401 236 352 351 253 541 255 450 109 416
20
467 311 582 476 488 102 595 536 281 483 259 467 294 595 240 468 403 269 336 490
20
565 219 431 320 325 557 378 328 163 231 576 322 271 381 427 453 522 466 481 260
20
295 445 382 444 207 296 100 191 266 530 535 461 177 383 510 398 558 296 444 241
20
187 278 312 392 298 558 272 124 198 561 569 438 274 148 172 489 468 200 384 387
20
583 176 519 302 598 515 423 110 326 461 447 159 484 541 341 553 302 482 358 448
20
303 538 150 412 304 495 328 164 404 188 203 224 184 570 269 263 402 383 452 303
20
583 589 568 411 134 430 280 573 241 173 100 419 323 278 396 185 351 129 167 338
20
427 246 309 519 530 223 196 409 496 485 369 125 423 369 326 267 288 172 398 158
20
166 324 539 375 511 458 100 441 180 537 324 340 269 309 179 126 181 523 468 192
20
477 508 281 124 406 194 571 136 599 324 284 588 324 109 319 233 391 420 144 435
20
353 120 272 204 416 239 190 302 120 261 485 509 132 181 357 223 285 136 559 566
20
525 555 507 284 423 208 407 498 191 222 351 309 532 554 206 135 350 354 379 455
20
266 395 322 255 205 192 479 237 455 330 190 232 197 567 126 478 316 335 111 401
20
331 229 224 381 398 375 369 305 406 221 296 512 160 130 559 289 508 514 266 446
20
158 189 199 372 208 454 290 492 231 197 304 533 482 453 523 539 331 466 464 454
20
341 333 154 298 126 129 110 558 102 525 333 316 328 319 386 407 338 174 313 549
20
540 255 236 429 145 175 146 224 382 363 538 301 288 310 243 469 176 228 123 600
20
371 372 101 428 290 531 513 257 219 203 337 517 270 223 430 449 112 141 323 170
20
328 179 316 484 467 276 167 224 455 412 365 211 318 200 473 596 361 295 234 474
20
302 227 470 265 306 533 198 582 233 306 113 348 594 133 479 516 494 102 495 236
20
569 579 515 513 446 598 392 529 210 128 505 113 167 538 587 227 174 203 385 458
20
247 449 122 300 559 394 392 504 140 203 256 202 175 541 189 505 510 587 559 322
20
582 220 227 334 396 596 333 531 481 533 148 378 255 327 121 570 317 176 128 125
20
223 571 295 224 275 456 337 366 276 598 450 209 196 519 186 411 261 550 278 233
20
254 553 281 204 138 243 438 537 460 394 275 179 444 143 396 357 321 373 201 160
20
255 144 361 540 183 390 333 521 130 262 542 540 115 146 117 244 544 484 125 287
20
479 256 266 526 145 381 592 383 261 470 259 444 166 197 458 585 483 168 393 373
20
253 165 592 568 472 530 281 174 119 122 106 367 542 245 277 356 477 249 492 297
20
540 528 444 418 252 233 287 238 409 106 180 449 256 174 255 351 312 280 117 209
20
563 249 192 263 593 496 254 115 396 106 260 518 251 122 110 224 594 506 308 531
20
305 239 525 534 176 461 409 240 299 475 452 307 566 107 531 215 567 465 570 337
20
587 141 146 570 497 114 125 594 181 420 512 374 171 350 284 508 149 492 273 482
20
545 217 518 577 303 228 147 320 315 106 159 305 292 291 226 342 264 147 577 569
20
495 387 161 484 332 324 391 404 190 567 264 310 180 452 407 115 367 138 354 525
20
248 395 124 458 136 146 543 290 269 424 538 391 445 588 320 219 202 560 507 203
20
545 326 295 206 221 370 275 560 434 371 262 588 287 506 254 173 360 144 340 171
20
545 337 108 314 248 469 282 438 591 180 432 259 505 536 105 379 447 331 187 445
20
375 156 396 158 106 488 378 228 317 548 282 286 546 385 361 149 168 458 420 185
20
296 284 241 285 172 247 170 549 244 381 356 552 518 124 386 283 362 578 306 368
20
358 568 599 378 434 227 523 342 505 371 140 368 194 282 468 536 416 385 492 520
20
452 144 192 110 127 197 491 369 292 329 336 186 574 380 287 372 418 494 140 369
20
383 217 578 548 442 161 397 364 300 212 552 256 256 336 531 590 200 110 495 263
20
409 434 363 555 239 111 388 240 488 541 402 160 591 526 232 587 292 204 278 219
20
286 487 222 296 282 237 387 196 546 158 416 518 529 573 419 334 507 123 363 374
20
101 600 186 499 568 467 516 390 263 273 227 387 231 392 575 139 332 148 473 388
20
490 417 392 519 322 201 126 148 273 139 208 529 356 483 245 227 202 508 398 110
20
140 300 507 371 540 458 510 315 305 314 401 370 282 252 277 375 132 317 458 336
20
217 439 411 418 123 318 319 544 200 581 321 387 395 204 148 111 382 209 136 348
20
546 180 252 568 396 157 217 274 268 327 372 110 493 130 301 301 122 410 162 568
20
546 327 279 426 267 442 500 143 539 468 468 190 156 162 168 210 290 380 199 282
20
503 484 349 373 547 114 376 320 448 151 520 316 301 530 273 429 205 270 251 594
20
120 480 593 214 114 231 465 596 277 229 371 554 150 514 520 528 224 139 543 300
20
475 185 201 214 218 313 351 580 436 552 201 266 234 260 349 566 182 135 324 242
20
174 452 135 124 499 468 474 103 266 435 301 557 426 204 588 450 592 372 467 226
20
262 262 578 319 523 246 132 169 269 225 346 261 431 460 462 314 278 151 280 265
20
315 393 483 274 380 438 591 552 501 187 543 508 486 418 331 198 206 381 368 102
20
519 323 407 558 587 269 176 205 148 404 437 591 509 220 255 403 554 275 163 208
20
383 101 320 388 563 294 581 252 465 523 267 253 278 146 268 304 355 356 509 210
20
464 311 593 339 370 425 413 279 559 499 502 223 578 241 227 539 348 208 205 182
20
264 526 391 363 190 343 549 348 120 263 553 459 375 498 525 243 244 400 543 397
20
440 544 249 345 415 236 470 361 252 522 308 435 543 229 330 496 363 192 261 397
20
112 392 260 576 162 599 321 356 492 356 314 302 180 462 524 300 368 228 360 501
20
236 107 230 136 171 316 378 475 588 146 101 287 110 553 120 510 513 592 583 346
20
287 238 252 457 174 566 310 272 123 481 179 526 138 429 127 574 155 223 173 216
20
169 462 180 452 159 408 401 247 297 185 184 280 420 376 373 105 488 481 543 496
20
111 299 297 500 231 554 433 478 320 357 307 380 595 368 110 542 382 434 518 245
20
280 542 182 142 215 311 379 360 517 335 141 186 486 449 235 554 275 402 445 205
20
152 196 146 376 320 270 391 350 330 357 341 415 390 396 428 398 425 569 432 443
20
494 595 153 402 466 442 106 229 491 513 446 158 379 564 532 165 552 304 451 377
20
541 139 461 157 210 206 337 529 474 497 484 495 171 155 532 129 307 251 405 498
20
525 173 414 517 162 406 217 117 191 167 319 335 319 596 303 439 320 588 574 447
20
254 385 204 240 199 470 257 283 458 118 160 534 204 302 290 224 316 421 547 142
20
124 436 358 587 524 528 194 516 484 411 585 590 351 584 345 394 494 480 583 587
20
423 270 588 219 534 177 258 359 515 515 456 382 170 598 131 306 516 521 487 368
20
140 599 512 221 385 353 298 590 537 194 567 162 292 426 249 589 540 191 555 135
20
340 239 528 384 358 588 183 152 302 404 182 114 376 216 482 465 255 392 310 284
20
458 151 198 581 439 581 105 167 423 358 103 436 152 108 378 415 128 459 262 218
20
329 410 565 503 203 313 134 491 144 452 496 435 572 595 143 157 110 518 304 309
20
490 318 180 423 378 466 588 331 564 518 516 124 166 383 154 516 323 456 147 361
20
472 209 180 426 517 279 391 271 575 266 572 479 230 528 149 462 323 479 413 589
20
307 568 523 562 345 202 300 529 451 412 457 106 318 578 374 573 441 136 352 264
20
525 268 357 211 343 423 531 491 110 438 255 475 592 196 208 455 153 266 208 279
20
485 274 213 251 561 440 251 266 511 594 178 312 183 583 156 224 507 476 104 477
20
580 205 148 455 157 377 509 324 290 233 581 379 312 511 434 227 424 113 502 520
20
579 557 210 149 281 576 344 392 103 454 426 288 561 172 290 559 293 395 150 206
20
442 505 527 315 158 345 187 325 410 302 335 323 263 332 215 142 247 482 356 432
20
532 198 145 314 416 263 282 322 320 408 341 446 516 337 100 253 344 273 548 514
20
533 299 277 354 255 240 322 454 210 388 337 488 405 559 379 198 482 162 130 537
20
228 594 301 459 178 598 176 242 498 599 223 297 383 358 361 543 119 180 201 393
