150
20
315 476 137 270 444 120 555 447 388 410 557 100 145 524 277 594 168 283 310 257
20
564 331 460 362 129 183 597 257 114 116 192 132 491 497 355 544 337 446 426 164
20
495 180 399 398 363 492 416 316 540 535 175 226 176 111 258 106 554 395 542 543
20
153 592 473 416 300 110 561 543 151 380 137 598 513 175 329 553 270 231 398 351
20
394 146 416 236 203 490 509 238 338 463 178 562 388 167 568 307 582 409 119 391
20
483 554 215 193 366 116 290 140 413 327 186 315 523 547 187 164 492 122 305 298
20
252 510 559 583 119 502 310 314 533 276 562 167 391 598 553 467 193 204 234 147
20
127 561 164 130 118 426 457 147 545 388 158 591 388 155 383 541 343 478 150 136
20
252 282 529 494 231 384 589 278 308 346 118 460 143 445 376 212 412 533 297 145
20
474 475 289 499 174 466 132 159 421 110 234 525 587 309 332 588 126 544 156 348
20
572 145 222 299 209 438 243 371 212 113 467 211 389 277 585 307 181 287 125 578
20
194 337 243 520 138 118 433 578 117 437 193 168 245 305 218 112 183 267 551 261
20
128 325 491 304 524 521 142 176 169 387 284 186 342 182 419 363 588 417 463 103
20
311 102 462 496 441 515 514 531 189 293 591 104 340 501 551 202 430 427 367 357
20
282 519 333 171 483 208 403 396 321 535 179 172 312 546 402 317 529 509 300 355
20
162 513 191 269 514 599 572 198 241 321 372 252 505 513 453 582 379 164 141 285
20
132 288 119 363 333 185 247 357 586 311 136 574 200 394 166 180 572 174 496 531
20
542 127 155 302 372 119 522 345 232 452 386 468 103 530 546 532 211 364 600 319
20
113 474 541 113 358 454 399 261 227 136 512 346 340 304 380 330 435 306 530 555
20
310 296 341 199 563 301 207 187 439 549 149 376 477 371 490 164 539 298 464 298
20
441 487 462 581 332 503 566 449 599 161 437 416 336 578 584 281 307 300 422 302
20
484 387 382 129 347 209 322 528 453 554 282 242 218 423 192 491 114 593 276 348
20
125 438 247 238 545 228 298 268 217 490 556 153 161 391 198 224 385 488 452 129
20
262 359 123 341 426 151 548 150 382 536 337 340 367 339 331 186 210 239 331 335
20
306 296 300 499 527 282 251 540 267 363 325 203 496 442 561 547 599 387 325 535
20
106 570 154 181 198 343 195 293 260 348 520 339 274 576 599 507 113 280 456 425
20
274 315 419 236 414 170 347 446 292 192 213 566 208 371 444 329 362 177 204 200
20
286 190 408 478 216 532 588 357 150 405 160 155 510 346 309 582 377 561 235 258
20
445 253 245 290 519 455 235 153 267 352 510 588 366 426 297 285 592 436 252 106
20
235 587 473 404 476 395 544 449 374 496 411 475 417 291 491 214 350 184 406 109
20
579 252 258 318 108 433 586 443 557 368 210 431 376 134 367 400 432 566 540 455
20
328 459 489 415 378 298 441 494 314 249 262 498 235 228 492 131 204 348 556 224
20
143 371 113 348 321 181 404 219 485 112 427 557 281 413 526 365 354 470 563 144
20
278 155 106 182 239 319 336 409 378 255 423 138 201 213 115 554 552 458 304 361
20
388 266 221 287 243 183 543 196 407 499 226 545 523 528 368 120 497 457 493 448
20
433 165 242 260 278 210 420 368 212 196 156 296 165 329 200 133 585 427 472 225
20
411 165 521 190 190 453 418 181 339 266 320 576 281 228 376 584 294 506 256 396
20
347 546 107 379 503 106 512 187 212 547 199 220 283 427 320 164 443 294 201 363
20
186 333 135 478 581 324 465 341 233 358 571 153 142 467 330 287 100 506 297 158
20
447 149 253 375 102 256 131 379 133 453 214 184 465 530 202 506 316 463 383 246
20
440 220 235 493 275 442 479 215 272 558 591 362 576 395 479 130 455 450 459 274
20
245 146 466 372 187 171 419 307 103 405 188 379 256 442 370 253 497 230 402 391
20
196 384 232 301 429 160 339 475 300 225 175 162 208 518 242 419 381 146 195 367
20
249 448 421 268 530 384 156 329 158 246 113 311 314 243 303 568 328 525 559 154
20
581 375 244 490 319 102 125 596 219 461 527 521 103 248 384 181 498 418 105 534
20
206 407 600 106 450 191 122 146 228 295 186 254 269 204 484 130 377 114 299 186
20
388 509 503 260 459 494 402 156 116 375 513 151 518 193 172 404 171 164 155 389
20
303 421 162 406 274 362 129 221 231 434 432 182 512 552 524 147 513 139 208 171
20
387 573 183 106 548 131 500 382 505 475 243 250 475 406 553 457 393 551 200 341
20
499 467 359 232 332 556 576 481 328 233 218 519 452 205 349 269 143 598 467 271
20
404 244 561 424 159 169 582 503 477 420 164 402 362 207 316 522 199 462 128 322
20
584 152 308 376 241 539 559 324 481 150 371 436 467 416 246 476 343 572 446 470
20
397 495 305 248 131 494 197 588 126 553 588 422 280 114 414 380 269 581 151 402
20
255 567 545 277 273 562 158 296 337 255 494 557 220 589 184 262 513 280 591 445
20
268 314 410 310 459 239 463 449 219 493 345 485 477 448 198 130 507 242 340 299
20
361 242 415 487 317 455 491 208 124 241 228 453 416 574 295 305 226 134 495 543
20
234 481 218 245 562 469 524 256 385 393 219 534 154 190 191 372 527 355 259 133
20
246 575 264 299 281 444 382 394 172 147 598 237 447 453 536 288 370 182 139 546
20
242 523 142 315 490 504 446 561 559 346 556 437 554 153 105 397 253 263 522 546
20
554 385 422 480 340 222 299 396 240 413 537 360 369 115 478 183 499 283 196 539
20
512 530 476 160 437 460 336 477 262 215 580 247 258 103 420 551 227 187 479 480
20
480 297 439 499 203 134 578 285 217 507 499 417 565 291 366 555 170 230 446 542
20
160 277 392 370 317 570 588 166 336 487 529 150 561 367 353 137 107 124 340 139
20
104 200 446 387 154 321 308 381 538 379 313 355 212 374 557 540 250 372 529 435
20
517 190 151 346 212 189 112 186 513 276 209 278 573 492 208 413 592 151 159 592
20
116 562 171 221 460 385 359 264 288 587 249 586 252 190 474 330 217 183 285 323
20
412 245 479 522 140 451 407 117 545 509 165 410 322 220 325 141 546 536 257 386
20
384 600 449 261 538 142 542 423 282 504 546 556 434 101 151 263 281 473 232 189
20
432 549 145 325 599 224 216 562 508 495 560 534 274 379 529 411 106 231 404 451
20
134 129 225 318 169 305 464 453 485 488 249 324 417 386 226 572 453 351 304 217
20
249 104 145 347 568 556 158 387 211 600 375 455 189 218 269 411 232 188 294 258
20
417 179 210 147 410 417 264 175 133 239 303 511 195 289 333 501 101 293 353 354
20
383 344 518 454 195 319 221 296 432 252 302 519 524 437 359 577 540 139 509 298
20
318 482 181 585 349 561 409 581 106 119 518 415 455 428 393 192 474 204 442 536
20
116 306 292 226 541 280 327 348 100 496 454 522 420 325 454 228 154 490 530 370
20
251 381 477 457 589 232 582 357 472 241 130 423 379 400 334 517 434 277 407 242
20
587 481 160 593 233 180 171 243 162 588 452 439 178 375 465 598 257 236 494 566
20
262 185 321 448 135 106 335 483 226 231 504 283 369 315 581 137 333 598 520 158
20
494 578 508 171 520 359 273 345 481 327 598 378 571 159 102 473 465 197 102 498
20
336 328 222 289 370 394 484 165 526 113 547 214 386 426 262 172 155 254 403 476
20
414 430 200 133 287 543 439 529 427 219 251 146 494 469 250 128 220 107 350 374
20
193 536 428 589 160 460 123 128 118 551 409 510 500 263 531 228 117 453 378 570
20
259 264 534 110 463 515 529 131 515 306 127 451 454 119 509 374 313 124 488 380
20
326 557 105 334 521 147 389 187 392 354 369 245 486 150 282 200 235 168 426 195
20
169 446 341 550 376 179 197 453 248 383 463 589 116 237 566 280 476 476 385 181
20
550 404 382 402 282 430 368 333 279 595 439 588 318 581 186 169 172 323 315 201
20
447 466 335 243 549 514 555 227 100 388 472 356 444 567 264 417 195 328 535 406
20
166 194 325 549 237 173 405 515 336 497 535 201 185 362 139 317 162 298 496 545
20
230 152 246 156 463 520 188 246 560 541 394 290 420 395 196 539 411 342 498 106
20
152 358 256 154 116 154 223 421 224 549 416 460 302 253 585 186 196 299 181 309
20
575 349 192 451 170 531 229 450 314 268 490 376 138 224 288 519 460 101 522 361
20
329 232 427 214 404 166 564 183 351 356 365 414 192 333 126 515 378 578 275 345
20
392 287 187 573 329 101 581 554 325 214 311 150 461 586 245 154 209 459 410 520
20
342 243 338 184 532 340 294 334 213 464 449 553 501 277 463 494 424 510 102 519
20
314 228 454 281 460 181 492 319 121 515 189 143 459 476 344 380 318 456 467 600
20
501 364 391 327 404 234 347 354 468 413 153 491 146 364 140 168 504 318 349 554
20
369 403 359 390 204 389 196 587 508 477 224 548 402 454 262 163 463 251 546 223
20
330 407 435 102 157 379 573 286 187 205 323 494 443 232 406 198 437 507 291 363
20
486 504 155 544 159 530 342 128 294 305 468 218 228 495 218 223 386 135 132 572
20
219 568 148 194 253 550 137 156 533 485 589 364 171 417 559 226 562 121 174 184
20
352 135 526 277 226 402 597 450 186 185 239 181 422 376 474 232 594 213 228 323
20
495 298 149 292 208 472 281 463 499 562 419 506 100 336 125 342 332 475 272 141
20
228 342 578 527 120 337 386 362 299 445 397 279 583 246 225 387 259 465 379 592
20
507 345 240 429 161 388 168 553 291 537 158 573 270 598 411 349 555 217 223 321
20
509 416 174 576 259 540 201 461 117 405 559 144 322 196 471 100 577 479 127 150
20
345 282 465 575 350 547 363 168 486 358 394 309 229 569 410 360 597 501 300 217
20
364 523 328 160 257 324 267 185 591 513 539 567 502 564 521 366 419 328 446 247
20
206 575 291 260 102 597 313 507 527 130 459 169 539 144 162 562 114 512 285 593
20
406 462 555 433 554 486 198 574 597 447 333 492 568 494 153 170 478 445 400 588
20
501 337 371 546 466 402 356 415 515 516 548 499 503 363 109 563 353 251 326 162
20
507 124 486 361 409 514 253 120 266 196 515 139 103 522 275 490 596 546 234 399
20
530 545 422 410 395 521 120 580 321 402 154 122 594 395 142 315 232 342 422 194
20
468 525 311 303 262 143 277 494 231 287 207 599 529 524 537 422 361 101 123 231
20
460 428 345 421 347 377 186 428 101 307 211 522 482 339 113 529 486 227 499 390
20
452 296 266 323 507 331 172 567 487 490 314 511 150 538 105 581 458 162 405 513
20
418 565 359 357 111 308 512 385 334 308 561 227 394 196 544 298 181 330 331 355
20
336 411 536 330 149 274 438 412 138 177 588 208 418 156 507 316 257 421 135 196
20
398 254 162 179 498 323 236 149 289 183 377 345 410 299 497 519 127 549 100 230
20
236 592 548 591 380 281 312 267 192 250 251 228 491 299 258 281 231 212 294 214
20
490 565 262 145 522 181 528 107 391 440 196 127 203 138 580 154 413 254 351 253
20
598 305 393 483 568 297 475 249 232 263 591 354 264 281 272 297 509 207 116 106
20
470 255 356 295 432 198 544 261 107 582 123 576 500 561 157 444 426 204 502 409
20
248 313 518 300 101 532 272 279 469 527 336 395 428 111 348 506 547 467 351 448
20
585 485 281 576 428 146 191 469 168 534 531 408 429 201 490 572 551 364 288 549
20
249 401 380 327 395 310 148 547 465 489 493 390 451 357 381 151 381 352 369 593
20
408 219 516 430 431 562 133 199 178 253 421 546 375 261 362 193 281 293 444 439
20
408 492 531 349 584 364 157 416 222 522 152 494 584 259 375 460 440 112 277 420
20
538 157 241 316 502 229 104 138 133 321 363 307 274 322 561 553 309 133 393 185
20
555 401 225 165 156 248 135 111 536 144 277 472 262 180 125 470 519 532 254 244
20
150 345 174 256 172 592 574 186 249 360 559 377 455 463 215 364 365 289 459 208
20
535 217 444 564 470 163 568 256 282 328 290 261 132 381 489 582 167 203 251 319
20
418 272 348 177 182 515 215 587 230 509 139 460 439 244 502 294 344 581 244 102
20
214 201 299 164 298 504 404 418 515 440 131 103 535 481 340 172 497 374 153 133
20
108 259 333 123 265 257 418 513 400 262 394 575 277 489 237 402 279 508 329 267
20
326 597 204 397 213 503 551 503 526 230 359 262 133 360 319 485 529 560 540 293
20
216 538 143 197 596 352 573 585 584 140 156 272 310 442 354 202 600 575 314 563
20
581 592 428 394 283 233 109 501 582 111 334 104 238 281 516 422 149 456 502 252
20
158 323 420 355 119 195 559 277 249 393 311 428 432 595 582 296 153 270 375 477
20
141 330 144 578 396 299 240 200 287 566 180 182 407 386 115 389 585 328 184 140
20
390 280 472 216 261 381 262 295 218 150 196 183 186 506 264 316 121 119 401 150
20
473 553 556 318 502 381 267 201 297 365 580 330 263 107 507 304 412 481 537 172
20
133 349 146 462 274 114 452 574 259 203 263 197 527 170 293 101 254 276 337 380
20
373 493 454 424 583 240 271 526 244 589 520 383 278 558 580 137 502 353 154 390
20
237 502 359 198 559 164 471 255 430 312 202 369 105 376 440 576 499 264 235 250
20
420 532 209 241 150 259 264 448 211 557 129 591 295 275 427 595 445 445 327 412
20
176 560 479 152 184 491 432 426 580 586 164 396 200 232 276 397 232 491 307 458
20
268 171 335 148 138 557 128 401 330 208 531 144 489 248 380 534 194 156 273 342
20
446 379 202 237 138 589 319 484 405 302 490 559 246 115 112 346 204 180 478 299
20
220 377 282 377 217 578 493 556 350 376 321 344 510 297 160 564 593 273 474 459
20
125 384 405 503 385 480 575 453 121 205 441 300 597 600 196 178 241 425 219 352
