150
20
427 174 476 304 189 424 161 235 195 122 196 388 409 538 335 372 222 105 197 517
20
185 320 422 444 440 528 476 273 441 387 121 297 208 210 141 289 243 581 526 294
20
150 247 199 332 466 292 139 487 166 400 459 398 170 361 277 126 556 331 500 434
20
566 510 401 543 552 347 295 528 135 161 427 115 574 336 496 597 478 574 475 540
20
183 554 487 520 565 356 570 231 370 581 386 219 455 595 297 287 342 353 268 328
20
500 111 507 386 459 158 474 188 586 470 231 368 120 192 548 588 315 376 220 524
20
129 487 387 592 198 410 516 590 215 106 546 430 556 411 505 307 461 494 127 587
20
327 443 321 494 328 356 577 395 572 406 345 270 201 417 439 457 482 175 582 420
20
454 468 269 446 128 584 346 268 262 151 138 534 441 577 526 275 308 505 571 224
20
180 189 112 273 272 158 470 299 578 140 446 262 407 199 268 283 470 119 295 254
20
537 310 498 139 331 373 563 321 119 324 245 207 500 250 106 422 197 478 334 560
20
118 136 325 247 108 144 596 129 340 512 375 303 190 119 339 353 130 221 329 397
20
313 188 162 440 124 372 362 212 153 157 122 546 214 327 210 303 313 253 254 252
20
548 262 435 408 188 591 117 357 521 557 284 301 118 262 478 126 450 422 567 327
20
474 245 402 473 255 209 174 547 189 363 592 468 493 571 364 439 252 586 107 480
20
582 234 516 522 569 351 217 579 106 291 179 322 235 292 537 115 106 248 259 196
20
299 540 401 156 418 528 319 324 268 113 233 264 365 386 311 306 347 260 120 490
20
473 279 431 131 227 362 387 219 298 585 583 342 185 147 437 117 525 526 459 233
20
366 344 272 231 371 125 455 441 512 301 111 194 398 570 466 418 294 445 147 163
20
169 197 444 486 449 442 562 288 374 356 361 394 349 288 389 291 216 454 167 118
20
504 342 560 351 245 465 583 161 257 145 219 204 186 575 514 379 460 266 326 276
20
513 281 176 287 130 116 271 356 462 194 148 393 249 544 425 374 554 145 217 563
20
379 343 437 551 135 102 413 325 247 130 599 483 295 371 290 290 394 316 208 513
20
284 259 239 323 589 537 223 266 104 193 107 438 592 189 528 531 338 338 119 245
20
174 267 372 555 571 102 106 142 396 349 177 444 210 326 193 128 459 188 383 590
20
496 560 144 112 156 507 472 480 270 321 298 244 337 105 513 481 388 546 455 374
20
452 381 288 429 588 317 433 600 507 119 408 250 402 266 144 480 225 246 546 387
20
228 574 366 465 319 158 278 535 549 340 586 313 417 460 374 400 548 134 171 208
20
367 348 381 573 418 126 474 157 322 504 367 562 477 271 105 199 518 197 125 455
20
285 188 241 393 384 191 240 320 121 252 378 410 556 131 111 351 385 453 544 260
20
384 146 141 469 255 446 206 312 465 178 130 456 349 108 310 521 256 558 537 543
20
492 426 573 311 102 237 493 382 395 525 575 130 340 532 492 142 158 181 281 140
20
119 357 137 243 222 482 509 480 225 191 156 238 281 375 263 147 538 195 320 501
20
595 445 190 500 271 424 292 534 150 367 227 200 477 299 381 270 214 228 248 255
20
194 434 120 296 295 263 130 245 514 544 232 498 207 153 195 585 160 166 400 216
20
424 287 107 232 457 589 318 527 478 168 429 160 600 408 438 344 146 197 283 183
20
556 324 594 430 483 165 200 527 310 193 429 220 375 560 417 217 493 220 560 503
20
145 491 299 392 517 367 297 307 144 531 375 584 116 276 535 498 506 392 134 442
20
500 123 239 243 103 101 312 332 319 216 186 216 359 212 286 168 593 212 499 562
20
386 469 270 195 585 451 563 335 578 271 349 559 297 590 502 491 124 593 128 347
20
143 380 411 512 517 416 508 422 259 198 572 187 383 571 492 317 456 510 295 433
20
189 262 524 130 542 121 458 464 166 138 347 270 595 407 556 494 105 203 261 385
20
252 207 256 421 539 314 309 464 226 327 249 552 417 511 104 252 504 220 556 553
20
490 410 264 280 495 424 112 111 315 421 391 593 332 345 145 367 180 576 139 218
20
307 158 265 390 242 280 491 370 446 329 490 419 395 127 455 348 386 495 337 260
20
589 538 367 554 433 566 513 317 512 286 522 184 195 444 357 341 208 513 418 437
20
177 147 376 442 350 120 178 300 353 485 535 378 193 470 215 359 210 589 100 476
20
585 554 224 571 338 108 258 253 312 354 322 227 118 540 208 358 336 400 195 201
20
570 101 131 318 363 327 250 276 427 256 452 574 345 286 229 132 122 310 366 398
20
274 307 273 345 317 245 107 541 346 335 387 430 560 392 359 304 374 494 580 179
20
496 210 342 226 239 478 133 167 433 489 170 534 154 296 222 188 234 314 454 269
20
346 322 537 590 166 444 411 464 359 401 588 251 355 250 589 274 315 192 410 454
20
154 136 587 455 135 530 388 462 283 398 104 264 405 157 194 478 280 556 147 180
20
575 163 368 337 188 189 579 340 186 506 416 379 556 133 537 574 105 332 399 116
20
523 523 252 497 119 325 100 158 458 199 161 379 157 528 205 583 410 123 460 585
20
191 589 488 260 525 319 206 566 336 582 102 260 476 390 302 168 392 442 310 560
20
249 205 138 569 300 178 489 379 189 245 427 271 285 541 387 273 528 257 158 340
20
422 256 472 320 127 507 362 363 361 490 395 543 161 491 247 334 548 334 495 325
20
173 517 154 416 226 299 405 481 313 302 522 533 379 150 427 540 332 299 379 506
20
123 449 105 479 287 597 267 356 334 597 452 267 224 192 348 499 272 564 347 134
20
492 218 570 252 373 522 320 351 385 184 137 534 158 192 161 195 328 598 558 216
20
216 504 188 545 245 388 517 226 141 170 133 127 144 318 176 322 333 516 263 352
20
492 215 104 389 451 338 438 279 132 441 290 339 198 479 154 256 379 572 526 247
20
102 309 317 194 174 384 115 153 365 116 403 132 394 227 309 420 518 487 418 521
20
475 460 369 420 442 116 409 224 116 157 257 369 574 177 111 254 323 497 592 480
20
349 234 437 168 248 317 587 482 119 386 375 436 490 363 300 226 137 312 122 185
20
147 179 188 132 509 516 542 335 223 370 326 191 335 347 569 435 398 349 392 352
20
552 111 102 420 432 266 433 175 210 482 373 134 241 417 362 263 349 596 278 134
20
545 500 139 529 509 384 334 209 539 580 324 421 226 262 504 123 509 282 167 106
20
372 339 243 291 181 564 519 545 522 203 147 570 378 125 297 107 275 116 543 515
20
103 253 182 411 443 322 595 371 241 551 475 356 237 254 229 144 318 436 246 433
20
425 257 301 521 305 453 311 386 340 107 559 295 481 123 368 400 298 267 276 107
20
391 253 571 435 505 448 460 510 392 461 267 367 557 213 160 309 223 398 350 294
20
434 431 233 447 302 156 166 330 533 223 405 485 208 365 565 372 595 522 334 546
20
350 236 212 305 306 190 362 390 152 598 415 127 193 341 194 498 379 393 448 461
20
473 384 404 444 248 149 306 410 285 211 290 326 430 577 433 359 489 491 519 265
20
323 499 111 269 498 559 433 583 578 139 482 500 593 293 480 469 537 262 135 187
20
234 576 156 371 341 333 363 299 171 160 580 445 512 344 455 278 318 290 597 444
20
461 236 475 295 338 453 352 501 585 425 224 259 260 168 122 528 122 103 583 472
20
526 389 345 264 158 236 367 274 473 180 505 162 313 319 169 472 419 199 374 584
20
565 262 495 122 417 133 146 303 576 213 173 123 157 572 422 576 193 297 371 118
20
385 199 339 308 415 450 227 309 551 367 599 268 523 504 234 507 431 476 362 300
20
497 320 357 286 524 181 600 251 404 167 296 579 272 325 201 495 334 382 411 279
20
507 511 144 270 549 387 558 458 157 191 325 178 596 244 280 587 124 324 349 265
20
535 239 514 246 387 422 591 563 160 225 348 575 114 458 315 382 520 329 182 366
20
138 371 119 345 278 559 501 204 143 269 332 503 260 190 150 317 330 225 125 190
20
454 177 302 385 251 401 179 332 597 244 579 581 427 250 145 260 412 297 500 352
20
242 549 110 506 189 377 181 313 521 454 313 163 531 331 399 272 331 468 527 453
20
178 143 588 247 285 559 558 266 493 499 364 422 145 587 268 409 210 546 252 455
20
600 125 215 432 535 540 135 107 287 333 382 227 535 547 576 116 224 486 264 436
20
440 322 236 498 556 397 220 291 433 161 494 244 154 272 457 152 314 101 376 161
20
472 373 113 182 215 226 504 199 190 170 358 181 565 410 586 572 384 311 411 401
20
303 292 246 188 320 212 341 229 582 214 259 532 409 408 115 207 173 217 559 378
20
376 189 535 148 533 430 311 582 417 458 305 156 289 557 164 379 124 231 350 291
20
183 132 393 414 380 409 378 528 194 464 430 264 579 269 216 418 148 409 199 447
20
568 583 520 309 521 325 341 554 287 476 310 452 371 303 454 333 256 102 415 304
20
365 255 370 330 253 390 594 262 129 451 535 214 161 179 393 510 258 500 103 447
20
481 556 477 411 281 596 548 368 378 261 206 195 248 342 221 353 532 475 420 130
20
499 165 507 571 210 344 425 572 147 159 329 550 276 315 417 563 362 167 578 388
20
548 532 557 420 222 360 221 372 304 271 146 452 479 392 334 525 316 574 509 591
20
469 413 477 426 180 226 202 282 382 324 386 115 237 597 266 519 411 294 500 165
20
342 185 578 593 399 104 435 106 205 390 188 363 383 359 328 254 421 329 482 209
20
577 353 403 307 207 424 308 461 391 115 199 327 468 561 356 151 569 573 544 343
20
577 535 300 546 313 309 258 178 589 182 447 334 411 554 541 566 368 110 579 313
20
552 112 117 454 437 160 304 473 537 321 244 124 304 567 152 167 198 600 220 493
20
160 227 593 590 568 291 528 394 363 128 531 406 174 103 317 442 488 428 378 190
20
420 490 570 447 540 104 515 285 183 555 243 198 447 555 492 249 320 196 540 225
20
397 455 532 315 134 210 458 203 279 586 529 282 293 503 196 455 592 325 143 456
20
278 422 294 506 534 236 287 274 420 507 162 294 185 292 220 378 205 113 451 365
20
525 481 478 483 260 301 572 176 304 132 334 520 354 245 169 206 465 281 232 584
20
429 357 207 520 137 312 163 351 418 388 100 398 434 256 251 530 434 184 167 352
20
273 292 249 444 554 493 567 419 333 591 455 195 152 365 357 486 558 447 140 465
20
281 152 484 380 437 329 277 233 528 303 165 132 377 573 349 332 206 512 482 514
20
293 169 419 496 110 144 439 422 477 566 442 503 289 143 192 432 589 324 298 425
20
552 399 280 271 191 299 359 292 572 420 482 451 323 230 261 135 388 442 179 482
20
147 349 387 506 199 520 418 546 562 445 413 295 232 112 301 358 554 513 499 504
20
132 290 536 226 493 262 458 392 312 225 326 224 498 352 377 317 272 498 190 365
20
346 449 571 283 348 237 133 308 502 447 297 303 338 504 238 216 386 599 565 485
20
588 117 293 571 448 382 248 307 416 163 212 284 276 493 432 538 440 273 276 418
20
349 382 582 182 531 430 579 374 439 336 398 144 557 348 580 522 102 564 524 328
20
137 204 249 270 180 519 346 383 500 526 389 270 191 155 408 301 274 385 396 204
20
426 411 462 417 219 173 427 340 322 117 135 506 331 163 514 294 351 309 538 175
20
383 177 422 112 597 239 486 589 355 196 486 214 398 407 156 396 326 390 511 367
20
127 266 432 373 305 220 199 353 392 545 392 329 507 422 409 586 329 572 536 165
20
532 573 482 256 257 332 165 364 305 544 528 324 578 306 258 489 223 244 154 120
20
423 537 510 113 261 294 411 159 506 309 244 425 471 461 103 232 550 261 472 331
20
479 166 405 534 181 295 502 428 103 478 480 419 446 352 490 425 191 182 399 274
20
270 212 216 476 570 293 468 595 570 310 152 165 537 202 410 248 124 349 297 103
20
112 336 316 284 151 514 380 228 267 548 125 515 122 566 586 483 361 308 552 476
20
508 574 159 405 123 153 579 118 400 484 509 318 218 163 586 331 132 114 593 174
20
478 248 294 432 365 516 248 482 591 167 306 567 378 569 440 434 359 501 387 466
20
258 199 202 420 375 183 242 562 567 534 387 142 259 204 328 448 558 565 519 392
20
322 324 468 141 470 354 168 387 538 560 223 182 529 123 397 139 423 232 376 532
20
107 307 508 204 394 145 107 408 386 490 503 277 224 590 436 153 465 492 459 235
20
144 239 381 279 307 575 328 282 256 588 412 217 569 455 496 458 436 413 409 295
20
526 386 571 462 139 470 567 164 224 222 200 480 580 534 225 378 387 253 525 459
20
152 145 397 440 487 410 577 441 502 433 510 517 527 249 600 205 104 579 216 388
20
267 270 125 238 412 489 266 419 581 482 359 312 410 312 595 339 380 239 114 532
20
138 194 448 444 132 345 357 509 454 392 163 507 349 335 138 338 296 587 594 248
20
178 332 171 411 182 361 545 571 570 124 561 444 427 345 248 185 301 411 224 255
20
245 241 283 297 209 292 576 361 380 510 211 543 365 291 323 522 331 516 196 139
20
530 198 435 216 398 527 573 276 185 263 187 505 269 225 395 248 151 560 140 142
20
406 489 571 449 349 137 584 360 561 540 165 509 127 398 326 226 223 420 405 110
20
513 426 343 307 510 358 277 371 370 497 164 521 587 519 413 517 316 185 153 558
20
395 357 213 591 100 323 584 183 481 474 317 195 222 415 116 448 146 504 130 526
20
261 219 199 406 187 231 309 158 164 532 296 286 102 511 469 191 159 535 497 152
20
435 146 501 362 585 383 281 293 132 158 386 480 265 157 484 309 146 220 231 523
20
348 573 212 281 584 132 161 166 282 155 398 216 507 598 385 122 272 339 483 397
20
296 212 201 278 467 436 170 500 248 404 290 131 177 224 226 141 600 281 114 324
20
340 267 180 161 418 271 163 562 248 169 264 329 391 126 390 536 272 256 383 411
