150
20
173 280 391 583 509 588 571 480 234 132 293 506 297 407 306 368 283 145 339 535
20
133 356 247 190 116 583 565 161 381 235 122 271 396 407 529 288 514 325 507 440
20
551 521 127 320 454 157 351 307 160 468 332 581 214 236 280 389 292 358 350 236
20
130 307 192 306 319 475 216 365 532 495 273 539 568 337 168 403 209 227 270 399
20
118 198 578 257 430 157 239 230 186 343 498 553 124 119 304 309 588 119 407 275
20
510 526 182 433 523 175 589 465 459 535 321 236 379 250 250 204 177 427 106 254
20
263 316 533 103 576 191 171 287 528 311 571 121 362 275 242 423 232 295 421 204
20
178 381 500 114 572 117 250 278 201 375 141 328 418 596 208 239 110 344 357 546
20
409 271 342 582 453 384 240 280 599 598 312 316 409 139 365 158 458 293 595 336
20
127 334 436 209 346 231 177 250 333 408 230 334 401 495 277 266 226 206 204 519
20
560 467 597 183 221 183 156 193 460 598 288 432 412 404 153 338 356 205 143 339
20
282 200 496 124 222 281 431 273 189 361 558 343 371 276 382 277 529 419 252 293
20
123 382 259 290 513 459 480 341 215 492 243 504 192 535 438 193 567 106 245 441
20
464 224 572 290 533 107 236 426 370 127 225 552 599 509 189 159 504 324 489 176
20
362 509 593 542 377 587 514 109 159 262 574 445 517 530 167 462 288 475 488 333
20
142 328 337 327 361 248 533 181 202 336 367 102 347 424 484 129 214 232 485 506
20
381 445 265 394 331 380 467 439 490 362 102 325 260 221 164 591 571 565 404 442
20
394 174 483 495 307 279 559 422 206 562 319 434 436 306 228 542 529 274 434 152
20
475 284 410 548 528 217 253 496 149 315 597 449 221 236 393 416 359 339 521 198
20
206 145 466 439 302 205 482 124 221 356 551 483 214 478 322 261 567 233 133 455
20
503 261 267 374 114 136 384 594 378 156 182 350 151 468 178 287 236 595 317 284
20
525 299 333 355 253 361 409 513 550 399 362 240 544 379 537 198 398 465 416 217
20
393 525 301 358 327 293 229 405 586 388 520 372 154 281 467 493 517 123 454 434
20
371 511 534 194 524 500 275 252 396 460 341 278 554 577 563 441 312 308 166 562
20
228 473 410 231 111 529 122 353 341 374 382 487 301 208 125 139 500 291 199 579
20
392 165 427 481 148 455 580 361 514 580 522 302 338 258 150 549 339 191 481 307
20
408 238 138 509 293 243 323 244 391 326 255 489 245 504 410 384 118 356 578 246
20
384 461 408 127 393 311 499 550 508 487 530 173 131 334 138 279 197 476 131 230
20
504 436 114 478 265 442 382 555 172 534 215 540 302 146 200 439 204 267 511 441
20
513 408 394 461 122 520 140 589 124 496 518 338 176 470 203 448 485 117 447 125
20
100 141 417 109 207 244 434 550 405 487 113 299 114 414 462 140 528 182 423 391
20
507 112 587 269 429 216 534 581 572 311 348 146 479 155 340 363 481 266 443 340
20
398 459 594 599 524 183 329 108 229 179 597 477 465 126 372 553 194 125 460 316
20
270 542 169 200 362 278 264 600 486 448 431 191 303 536 152 475 101 106 404 200
20
288 397 121 336 123 123 366 563 388 528 299 238 415 243 508 481 597 315 496 100
20
455 576 363 538 157 116 491 447 571 162 365 249 161 121 204 569 383 518 544 489
20
447 182 391 451 433 384 517 572 203 235 513 450 117 224 270 301 225 568 160 535
20
381 107 570 452 305 505 191 450 425 238 525 173 411 361 214 532 353 466 272 525
20
583 330 141 499 481 376 532 314 238 361 145 579 125 350 256 418 225 198 404 110
20
496 558 322 405 104 520 133 398 198 163 354 430 489 130 390 356 481 221 296 183
20
595 491 329 370 269 537 571 247 313 171 528 366 292 157 372 156 354 566 322 454
20
418 306 587 297 200 298 394 428 115 283 548 446 266 224 312 194 498 299 153 512
20
122 454 469 331 529 242 117 365 137 180 447 219 497 496 138 571 463 264 394 572
20
369 533 413 414 105 271 347 459 485 281 186 233 347 600 405 478 342 597 389 359
20
244 462 355 566 452 188 431 159 494 164 368 413 295 413 478 430 230 228 382 113
20
399 484 376 568 465 452 144 358 555 267 429 461 312 575 143 211 360 295 178 496
20
115 179 190 213 257 271 436 477 154 258 106 183 105 556 178 146 293 282 595 153
20
510 263 567 180 371 194 196 598 169 544 126 306 510 234 209 352 418 427 177 510
20
135 549 433 113 189 199 399 143 136 143 354 443 226 320 233 123 133 331 209 344
20
579 351 478 216 372 254 180 153 197 289 522 366 151 106 251 597 170 474 460 505
20
381 153 194 232 430 582 353 529 407 175 194 336 373 588 290 139 377 100 581 533
20
516 352 342 554 309 470 596 300 239 152 488 275 188 513 410 542 361 484 580 249
20
177 499 218 153 371 545 539 174 379 228 272 369 240 374 536 125 118 137 272 483
20
457 205 483 324 582 293 327 591 522 105 391 118 564 315 534 472 298 569 406 513
20
557 384 177 310 500 138 546 372 275 103 480 353 150 379 524 256 330 513 589 511
20
164 299 136 170 270 268 179 596 592 251 366 335 169 276 536 386 203 384 243 476
20
570 575 251 190 261 412 188 490 491 491 587 160 353 500 186 249 374 266 404 165
20
533 174 331 277 550 168 245 308 279 518 126 137 159 101 543 368 571 347 313 230
20
112 301 330 415 515 333 555 369 249 496 354 567 392 397 496 296 103 592 545 136
20
294 434 523 155 550 585 146 219 518 166 396 408 169 171 515 429 298 249 111 164
20
264 444 344 222 278 365 223 307 220 302 537 295 562 242 266 305 119 312 538 382
20
435 371 216 366 558 567 325 353 152 196 328 432 486 547 474 263 574 422 234 445
20
119 591 402 578 341 519 236 545 396 551 146 375 315 359 114 275 232 235 315 494
20
363 255 117 187 475 511 452 377 380 138 581 149 100 328 199 130 381 577 171 287
20
508 406 275 292 297 554 274 100 519 348 511 223 560 221 266 115 337 462 420 277
20
491 269 201 188 259 404 147 535 554 503 238 469 566 505 378 368 578 536 379 257
20
555 592 424 524 303 519 500 479 425 394 218 199 176 579 163 514 549 594 391 469
20
273 440 226 193 491 169 568 231 588 434 307 146 149 523 112 528 180 181 440 228
20
169 117 336 389 282 453 271 591 493 598 213 287 372 590 410 219 435 518 449 253
20
543 586 557 246 238 471 430 134 224 278 531 329 396 109 472 147 172 372 596 386
20
254 239 111 198 392 375 288 436 466 397 441 355 420 377 193 361 189 146 497 497
20
219 580 432 573 308 122 229 154 576 345 218 517 252 260 507 277 123 289 168 137
20
385 515 321 485 450 502 359 204 600 570 264 180 538 542 505 209 590 129 249 188
20
505 468 271 136 582 306 440 280 552 388 497 256 485 409 479 466 476 284 451 396
20
273 241 583 258 337 148 122 133 419 327 452 370 178 159 585 248 184 535 318 149
20
211 484 503 296 135 202 440 340 594 163 406 503 426 400 419 552 478 263 567 400
20
142 178 347 311 249 372 332 253 115 189 218 278 576 247 233 488 193 236 576 451
20
155 405 273 311 412 158 489 542 106 319 455 463 509 272 480 101 506 374 119 404
20
134 252 263 372 207 161 520 494 130 536 250 219 102 314 189 500 575 380 575 200
20
201 189 247 152 224 468 409 417 416 248 487 439 454 276 357 516 227 409 115 105
20
466 129 273 157 537 157 595 267 260 383 267 497 591 208 204 246 404 308 112 273
20
174 149 507 155 256 549 210 582 155 464 235 336 181 188 495 293 205 356 320 249
20
475 476 568 116 565 480 461 214 119 265 489 301 253 497 495 261 211 295 439 139
20
400 577 144 525 306 239 571 500 346 469 442 503 540 371 137 398 501 231 286 324
20
493 488 115 152 319 464 513 493 112 353 183 549 461 485 380 146 378 225 425 215
20
573 528 137 251 294 325 208 576 352 273 252 444 505 491 144 421 436 339 420 271
20
491 451 400 390 323 338 142 183 226 356 265 507 465 515 389 477 369 375 206 510
20
429 419 349 586 317 400 331 488 164 201 500 287 597 517 246 414 297 584 256 591
20
158 572 392 164 569 115 412 275 447 245 470 336 473 510 149 145 125 368 349 358
20
170 236 409 599 276 243 415 107 597 112 370 326 383 478 220 579 462 146 400 401
20
213 318 454 203 178 550 115 504 265 534 132 532 356 443 252 279 106 516 557 176
20
500 563 244 109 237 315 116 487 586 250 359 276 478 108 418 166 515 428 321 441
20
248 149 435 407 530 438 347 539 179 447 287 463 475 104 286 176 594 387 587 205
20
123 192 517 334 304 536 391 197 594 307 550 145 264 451 586 410 600 367 198 592
20
297 318 558 371 295 198 353 483 453 413 260 527 307 501 348 563 490 113 584 117
20
277 553 324 191 394 596 242 462 108 450 399 118 358 462 329 547 568 159 593 425
20
317 424 359 559 242 128 287 506 413 158 170 217 397 399 424 139 261 254 377 396
20
355 579 134 479 244 201 266 193 164 150 543 463 110 404 330 288 425 255 109 554
20
287 259 397 111 282 360 441 112 547 372 490 470 193 350 204 427 582 472 457 582
20
177 201 291 260 155 394 311 174 372 598 242 225 470 107 205 172 291 120 265 315
20
513 385 356 227 286 512 564 310 565 327 600 570 167 413 392 453 193 154 203 125
20
129 474 148 344 134 221 124 434 491 409 300 286 315 231 599 584 175 383 586 214
20
181 540 461 138 307 334 110 541 404 104 157 100 527 173 127 109 352 451 574 410
20
273 546 555 303 507 100 484 190 400 185 240 446 425 560 248 233 310 266 322 396
20
544 363 257 298 303 166 474 109 571 206 577 165 207 244 475 296 478 211 102 303
20
225 534 589 543 474 545 256 235 268 330 199 501 473 373 589 122 469 371 128 206
20
467 294 246 451 463 206 117 158 543 581 413 313 536 103 374 452 399 409 511 111
20
341 267 330 159 365 111 600 257 111 239 101 177 561 262 453 535 491 280 333 352
20
101 215 448 586 193 146 336 594 141 275 444 520 205 575 590 301 170 119 543 376
20
416 387 468 309 426 382 513 181 210 581 554 540 314 138 513 529 124 253 505 381
20
152 397 268 380 505 237 566 217 463 537 244 477 213 362 594 190 190 376 285 156
20
576 310 357 456 483 565 591 545 273 403 226 208 584 341 229 242 590 217 464 197
20
350 304 430 145 119 153 208 139 288 525 256 423 192 351 206 558 305 214 118 577
20
546 162 557 238 484 105 270 356 372 293 490 277 486 354 164 279 140 277 207 586
20
146 206 391 323 402 575 306 248 542 437 444 310 459 256 306 332 132 460 191 328
20
363 267 334 575 331 169 587 492 170 287 106 556 356 114 558 578 555 406 335 362
20
559 186 496 224 268 380 529 303 263 555 251 196 353 363 504 234 206 437 314 282
20
485 449 466 508 491 109 592 226 568 594 149 422 541 208 347 267 183 529 440 569
20
375 420 191 264 451 112 561 208 305 486 281 540 263 588 197 561 240 538 154 595
20
340 285 259 553 246 525 109 210 188 104 145 512 518 257 577 596 439 181 279 113
20
190 337 291 128 574 167 434 172 164 113 178 408 176 261 579 475 408 408 184 510
20
463 310 288 206 497 376 103 287 510 318 189 515 299 301 356 462 529 262 484 250
20
388 404 367 336 297 521 526 153 322 390 184 231 433 305 193 595 406 539 598 493
20
327 299 492 433 541 303 400 318 509 488 458 325 263 434 538 454 394 350 401 481
20
574 262 141 257 265 418 520 101 500 406 209 515 401 194 524 451 185 119 596 330
20
254 463 391 543 342 240 427 375 418 173 419 376 513 139 377 189 139 202 119 526
20
273 359 388 344 243 220 352 567 352 586 181 513 131 287 154 489 486 412 239 136
20
461 255 294 524 510 316 496 569 157 527 397 162 563 581 222 430 183 541 363 294
20
381 111 480 210 464 209 352 430 531 545 305 375 451 366 277 303 352 450 344 116
20
255 396 247 252 414 532 250 191 571 130 310 299 243 450 106 599 273 381 172 221
20
599 443 232 200 137 140 548 521 382 521 223 200 470 493 327 232 533 534 286 585
20
484 543 336 404 198 221 164 333 228 255 192 319 368 517 130 120 522 376 482 314
20
487 243 376 119 250 211 519 346 283 589 499 247 161 362 445 416 335 362 543 246
20
202 335 577 287 160 548 295 197 452 260 525 330 155 379 532 363 446 360 144 210
20
146 480 552 591 479 498 348 258 519 504 418 163 487 417 582 435 347 138 256 557
20
314 345 142 251 409 424 372 344 181 401 519 124 343 485 576 363 366 374 337 309
20
389 139 118 552 153 107 197 288 106 257 259 428 119 294 463 151 115 369 534 109
20
215 282 342 328 271 405 499 261 416 142 386 334 504 222 283 536 401 288 218 360
20
149 158 363 592 219 260 461 267 345 282 107 446 570 178 244 217 563 176 409 364
20
364 176 193 452 108 590 414 302 129 319 434 459 106 188 482 392 179 573 180 401
20
286 469 196 308 249 565 559 476 126 420 452 377 360 475 520 438 474 352 525 214
20
325 352 362 314 427 387 386 196 511 105 112 175 581 596 431 578 186 334 447 310
20
423 336 559 392 540 452 357 275 394 519 528 584 516 113 491 475 503 177 324 353
20
345 206 577 233 406 590 592 146 336 539 224 411 127 415 447 474 317 341 308 574
20
407 278 451 546 321 155 542 408 460 458 173 359 482 124 336 568 548 420 103 232
20
221 355 580 542 367 573 248 374 344 296 177 496 498 158 190 274 218 415 454 297
20
546 328 249 431 540 290 483 234 204 482 487 566 369 589 387 552 399 251 361 542
20
521 259 281 528 463 155 403 161 118 306 405 360 463 385 234 307 418 100 474 241
20
210 304 505 383 492 402 254 167 289 420 547 475 349 298 326 266 509 411 546 588
20
221 428 132 208 577 351 272 569 269 141 399 469 136 497 429 459 200 524 600 164
