150
20
490 410 282 321 360 218 262 427 543 586 125 148 564 515 164 101 182 280 461 327
20
238 465 476 125 436 334 253 463 185 551 131 544 108 346 522 189 212 188 578 318
20
346 248 321 194 547 479 556 565 335 172 140 536 277 405 577 384 372 115 106 481
20
508 554 367 318 205 487 151 366 351 209 230 581 488 226 532 123 200 516 411 342
20
503 236 301 444 215 551 490 434 136 382 530 426 393 471 206 219 163 545 600 490
20
459 473 555 432 199 352 446 122 320 422 187 410 513 349 460 189 105 391 161 250
20
183 592 410 201 448 312 262 233 196 373 326 408 504 512 359 542 410 236 115 320
20
421 339 325 434 148 524 301 142 143 592 414 595 117 545 250 333 245 286 271 411
20
351 211 240 187 487 238 263 438 215 242 203 168 329 350 124 363 574 547 419 546
20
462 198 232 354 585 566 131 208 204 316 288 299 449 440 534 148 261 127 394 295
20
405 266 524 158 427 539 569 417 377 209 575 257 367 574 389 521 268 340 167 418
20
137 165 414 192 274 584 564 442 484 566 474 316 578 508 109 197 526 498 186 186
20
412 318 293 300 224 457 121 135 487 158 217 221 388 469 286 196 254 520 406 185
20
327 402 588 365 426 176 571 219 447 512 189 277 242 270 193 558 150 497 291 475
20
313 522 393 554 473 363 466 314 272 290 316 435 307 271 518 280 133 163 161 125
20
122 428 530 249 275 124 277 409 225 167 230 458 351 181 262 240 299 224 513 337
20
465 162 445 163 591 187 549 568 465 445 527 458 516 425 288 542 238 112 168 171
20
226 316 353 174 126 373 348 518 561 329 563 414 125 277 164 349 225 234 202 419
20
521 295 170 306 342 230 578 222 286 293 152 419 425 397 432 345 111 367 145 107
20
261 193 327 134 166 125 296 503 595 439 393 570 303 277 207 218 115 405 143 488
20
275 110 366 253 227 157 332 227 203 179 494 121 243 315 237 216 586 325 363 547
20
293 530 346 518 474 397 570 408 250 577 590 548 177 334 295 216 104 301 407 319
20
594 446 481 312 456 531 456 537 182 577 197 400 458 259 472 115 547 561 546 141
20
393 495 278 264 531 218 358 591 283 536 390 371 140 232 186 495 372 331 116 277
20
158 215 376 263 289 259 447 308 352 528 338 507 236 125 469 406 321 404 388 189
20
128 391 281 190 203 572 278 467 186 534 365 522 169 117 516 210 103 249 328 516
20
407 429 243 222 496 290 504 518 182 487 183 270 268 184 150 539 591 358 398 228
20
579 488 500 148 554 312 539 174 372 164 585 211 136 435 263 376 258 279 357 533
20
177 174 560 221 302 493 177 520 554 557 301 238 425 207 127 167 109 284 326 490
20
281 104 404 452 109 426 182 179 560 350 268 327 517 364 469 282 470 171 178 517
20
259 234 301 115 445 316 587 362 555 555 452 292 280 134 136 284 277 126 591 470
20
233 127 338 498 485 369 222 469 540 133 483 354 453 207 583 478 464 279 598 241
20
444 205 545 107 553 375 349 154 438 214 135 289 265 130 127 437 516 434 495 533
20
263 275 263 425 499 537 145 461 463 134 437 199 514 108 467 144 354 506 293 490
20
229 577 502 479 183 545 181 354 411 586 372 254 310 167 441 163 249 168 561 341
20
186 350 141 141 101 325 335 238 115 177 472 503 312 307 148 111 197 383 264 112
20
329 302 544 208 554 178 586 207 537 453 249 566 532 190 162 427 116 195 400 152
20
176 189 533 535 526 106 383 493 402 257 261 438 177 183 164 186 430 300 336 207
20
359 468 133 369 300 379 240 329 100 561 228 543 262 339 514 154 183 240 241 296
20
587 177 487 540 479 304 595 471 336 334 309 146 423 238 102 190 187 443 253 451
20
230 583 197 170 259 165 354 480 267 128 408 302 345 229 303 524 575 450 448 469
20
268 491 194 353 579 452 217 182 491 284 115 375 487 369 418 542 186 371 142 423
20
336 136 588 293 200 314 167 165 458 123 109 147 310 388 328 244 406 400 524 473
20
467 518 281 584 267 473 409 163 179 186 272 179 146 111 200 287 213 484 481 439
20
247 343 339 401 495 500 490 436 580 365 397 319 482 257 432 362 206 522 440 185
20
114 129 254 184 300 509 228 303 569 139 586 451 354 360 487 407 545 446 111 350
20
207 370 412 421 398 265 109 104 104 596 382 420 304 349 292 366 444 161 377 270
20
218 277 561 159 124 258 590 196 147 305 315 595 385 325 382 465 464 135 183 403
20
463 552 115 347 410 553 472 432 335 444 447 503 191 253 433 128 513 135 252 492
20
389 407 185 600 534 193 596 238 356 478 424 484 167 457 262 277 395 344 428 580
20
554 437 129 390 243 312 419 317 434 107 510 322 388 209 567 370 333 462 403 313
20
241 194 278 532 571 587 120 110 457 397 321 553 241 242 463 319 573 439 180 150
20
107 156 313 348 137 195 167 218 243 270 293 437 194 182 547 553 222 264 136 135
20
186 540 164 336 535 487 206 336 495 463 130 241 440 487 509 418 232 495 500 248
20
231 307 215 593 373 278 248 438 476 353 281 168 178 248 266 285 432 100 404 597
20
236 261 415 377 128 504 265 588 148 221 377 328 208 343 210 447 456 599 244 230
20
104 146 307 277 547 428 469 104 394 128 137 104 519 182 142 495 201 169 459 242
20
209 470 591 543 252 499 483 328 595 218 278 168 153 321 278 183 517 442 510 531
20
141 313 444 365 284 414 526 204 162 263 254 462 227 569 314 149 214 545 126 472
20
140 543 513 552 543 425 357 307 305 318 444 245 456 472 148 482 267 359 301 391
20
486 319 537 178 263 153 355 205 566 343 237 473 389 445 552 129 490 275 264 157
20
415 508 230 529 401 242 247 581 259 431 365 217 456 115 161 570 275 455 516 293
20
192 518 314 565 120 136 299 328 558 134 264 291 101 375 362 288 526 257 497 331
20
437 593 326 454 301 386 269 376 258 309 142 357 265 525 194 581 495 536 195 564
20
132 567 349 363 489 289 493 209 269 284 559 246 322 269 199 177 416 419 264 551
20
401 575 200 200 175 276 574 166 556 575 191 373 477 368 261 238 600 482 198 253
20
241 559 133 272 495 251 290 445 395 383 363 212 585 126 151 596 416 202 448 449
20
115 190 373 280 147 478 156 222 434 488 204 527 321 598 138 234 562 421 566 226
20
522 231 109 253 499 314 315 498 519 191 441 265 521 562 196 575 447 567 180 438
20
173 113 311 132 144 381 225 369 362 120 317 545 314 124 216 551 532 486 143 148
20
352 539 298 314 129 278 529 507 150 275 594 577 277 355 295 435 547 417 582 238
20
221 290 285 547 462 427 370 577 495 386 580 321 452 357 158 474 485 524 107 242
20
298 131 544 599 164 488 507 599 358 403 585 265 194 209 418 395 572 297 281 415
20
356 189 424 505 446 444 203 189 139 460 366 502 183 125 150 196 458 449 546 520
20
156 514 162 551 371 136 200 524 588 329 252 276 145 526 124 360 403 237 151 405
20
365 165 267 533 253 386 496 410 206 199 428 518 466 432 590 284 324 258 259 433
20
324 460 427 214 500 209 470 147 503 403 365 478 209 112 208 125 528 585 447 251
20
284 402 560 558 247 429 563 344 348 458 424 115 291 479 102 224 479 464 289 523
20
199 329 581 396 417 548 592 187 408 176 269 497 105 280 213 370 534 453 159 164
20
275 176 334 540 561 340 471 481 353 302 158 583 575 196 294 497 540 140 343 117
20
145 214 384 435 242 207 251 505 127 296 458 349 156 340 334 223 231 256 251 323
20
580 138 139 178 504 506 410 338 100 483 391 453 413 399 358 242 532 359 526 238
20
266 426 109 495 149 511 101 278 444 324 473 452 133 411 109 407 214 363 246 192
20
512 241 152 529 138 426 389 510 150 360 234 418 544 446 467 268 337 307 576 117
20
405 182 201 247 302 290 460 376 563 378 419 428 473 108 230 485 435 507 240 594
20
309 235 457 161 216 405 455 533 507 513 240 190 366 400 391 130 161 458 441 421
20
408 245 483 279 338 120 131 512 452 448 464 518 257 128 418 486 466 258 381 492
20
270 346 324 369 310 279 248 568 149 242 308 441 329 456 276 456 509 516 131 178
20
205 129 347 560 210 300 278 253 369 512 589 574 220 550 457 558 373 414 348 330
20
239 364 472 192 507 336 491 533 550 540 217 123 523 467 530 295 403 278 301 299
20
274 309 262 326 177 410 598 365 589 347 352 566 578 428 477 309 322 382 499 116
20
347 165 378 134 278 583 394 130 573 270 389 117 424 111 285 367 185 201 529 564
20
355 534 594 461 193 235 125 507 478 209 170 296 452 532 179 296 151 349 564 583
20
170 202 592 418 433 202 596 412 339 255 122 518 589 527 132 195 389 393 513 332
20
346 148 331 383 112 208 209 155 460 428 550 409 169 158 128 495 260 590 194 213
20
404 381 594 145 128 521 588 575 420 554 347 345 289 583 134 429 529 578 329 429
20
592 425 290 336 556 552 384 313 575 171 568 268 238 303 338 252 181 431 270 246
20
499 192 311 222 492 395 295 298 174 139 248 298 221 183 465 441 153 114 377 552
20
594 481 555 241 189 189 590 285 286 379 591 508 359 241 194 319 461 593 496 347
20
328 558 201 415 214 185 591 594 217 117 581 250 197 508 340 164 325 191 400 474
20
396 575 339 523 256 446 445 438 402 177 225 379 289 489 562 589 110 441 520 500
20
172 116 417 468 444 203 449 231 523 484 362 513 234 329 191 351 473 349 364 366
20
560 149 117 437 411 506 272 398 334 458 284 225 103 205 424 144 255 596 329 324
20
413 152 498 358 201 164 299 259 306 311 153 283 140 479 373 353 232 232 343 161
20
562 434 193 590 104 262 509 433 249 116 301 273 209 107 182 502 280 470 296 233
20
284 413 221 393 112 241 247 300 432 162 591 428 323 338 573 473 210 575 577 529
20
195 153 401 458 192 382 138 205 479 291 262 247 492 486 270 327 387 262 179 374
20
314 575 125 102 374 506 528 251 297 510 288 154 378 312 574 377 390 486 244 470
20
364 182 204 514 222 405 326 518 567 334 342 170 303 307 517 365 398 572 515 203
20
491 597 457 536 364 517 427 136 385 137 460 298 250 244 542 329 195 595 525 131
20
468 222 431 150 355 360 248 204 380 498 459 179 361 398 469 255 463 600 230 450
20
282 516 369 367 574 600 576 507 398 457 492 175 178 297 390 200 172 145 527 227
20
345 261 530 382 449 423 334 529 467 122 346 365 375 387 200 429 344 406 246 439
20
487 452 370 132 354 438 265 103 330 413 458 504 360 428 457 161 287 163 222 337
20
124 522 106 222 537 437 191 104 429 367 305 584 233 234 480 535 180 360 147 397
20
273 453 145 591 136 491 292 452 231 281 143 249 230 428 195 130 536 435 595 409
20
268 147 138 492 188 442 173 569 393 163 345 176 421 134 179 226 308 320 378 195
20
181 410 394 445 228 244 216 242 293 365 113 246 254 357 461 233 269 361 291 147
20
454 574 102 329 475 489 364 320 284 523 158 303 514 478 581 402 456 343 388 212
20
534 515 501 181 376 404 507 377 113 107 425 533 228 532 132 192 556 217 568 202
20
220 462 370 278 371 446 138 145 526 160 261 351 587 171 411 354 522 575 169 474
20
566 509 327 388 162 476 353 361 326 257 297 535 370 574 545 110 189 161 264 405
20
489 414 382 421 423 283 342 123 486 158 494 578 592 377 574 315 261 391 430 567
20
395 231 417 521 248 597 201 121 476 131 381 332 480 327 119 492 322 221 339 360
20
475 378 406 468 359 317 439 151 528 322 166 200 398 119 451 382 189 380 325 151
20
437 458 342 148 204 411 254 555 287 564 468 161 402 236 242 244 439 348 317 131
20
177 361 318 178 551 292 438 449 271 416 411 390 402 310 495 457 574 141 558 518
20
452 336 276 448 593 573 514 477 334 392 176 124 495 589 544 147 507 552 150 352
20
442 130 147 529 315 266 273 529 337 560 438 517 128 269 249 158 355 301 529 461
20
576 209 555 466 358 571 545 534 342 380 500 250 510 513 351 117 467 513 513 583
20
558 541 305 458 600 334 189 597 356 293 484 172 578 285 385 146 556 435 187 320
20
366 563 378 474 239 183 486 589 434 114 187 450 252 140 207 576 262 572 527 507
20
507 593 139 301 334 468 439 274 426 290 223 552 409 345 511 250 545 163 292 317
20
176 565 573 102 299 494 590 514 445 457 113 232 109 265 372 246 376 600 553 124
20
558 162 536 126 319 527 595 426 598 318 329 167 122 405 540 192 201 574 345 160
20
153 567 193 236 176 518 253 505 539 183 236 366 314 536 556 415 241 353 242 324
20
353 210 542 493 504 596 236 467 227 107 478 594 431 349 419 201 184 102 101 105
20
565 368 417 289 410 403 237 209 496 430 391 384 253 144 539 312 527 196 244 192
20
330 272 420 119 155 183 505 552 384 425 153 177 106 105 199 372 166 538 160 483
20
131 306 234 129 370 240 276 571 524 501 214 546 480 419 573 117 307 537 372 258
20
383 534 567 470 156 343 349 347 223 569 367 204 540 265 112 217 404 462 347 346
20
106 552 459 352 344 488 472 470 122 202 321 148 128 559 147 366 389 494 247 567
20
142 205 321 389 269 453 103 211 237 248 508 363 409 597 429 246 115 594 525 380
20
244 400 566 439 117 431 528 316 593 481 388 444 145 258 503 434 543 410 416 421
20
151 508 445 145 268 337 175 597 212 482 147 427 343 410 249 272 378 430 275 416
20
410 323 501 517 406 509 403 135 582 351 240 203 417 116 368 487 519 460 409 186
20
365 578 408 240 484 424 314 574 593 402 334 590 362 551 514 255 429 555 491 468
20
103 561 118 221 505 107 229 375 567 464 229 349 316 328 173 298 569 458 106 231
20
492 346 290 538 303 576 463 383 563 473 148 159 222 289 499 573 257 580 258 269
20
157 282 458 174 404 370 499 373 189 272 489 179 266 225 510 427 470 441 122 220
